Property,Surveyor,Year,Month,Day,Time ,Field,Mown,Point,Target Bird,within_50_Males,within_50_Females,within_50_Total,outside_50_Male,outside_50_Females,outside_50_Total,Total_Target,Notes
Appleton Farms,Sharon Stavropoulos,2025,5,4,6:22,Lamson Middle,No,1A,Bobolink,3,0,3,0,0,0,3,
Appleton Farms,Sharon Stavropoulos,2025,5,4,6:31,Lamson Middle,No,1B,Bobolink,0,0,0,0,0,0,0,
Appleton Farms,Sharon Stavropoulos,2025,5,4,6:36,Lamson South,No,1B,Bobolink,0,0,0,0,0,0,0,
Appleton Farms,Sharon Stavropoulos,2025,5,4,6:43,Lamson South,No,1C,Bobolink,0,0,0,0,0,1,1,Bird heard but not seen
Appleton Farms,Sharon Stavropoulos,2025,5,4,6:52,Lamson South,No,1D,Bobolink,0,0,0,1,0,1,1,
Appleton Farms,Sharon Stavropoulos,2025,5,4,7:10,GP8,No,1E,Bobolink,0,0,0,0,0,1,1,Bird heard but not seen
Appleton Farms,Sharon Stavropoulos,2025,5,4,7:17,GP8,No,1F,Bobolink,0,0,0,0,0,0,0,
Appleton Farms,Sharon Stavropoulos,2025,5,4,6:22,Lamson Middle,No,1A,Savannah Sparrow,0,0,0,0,0,1,1,Bird heard but not seen
Appleton Farms,Sharon Stavropoulos,2025,5,4,6:31,Lamson Middle,No,1B,Savannah Sparrow,0,0,0,0,0,0,0,
Appleton Farms,Sharon Stavropoulos,2025,5,4,6:36,Lamson South,No,1B,Savannah Sparrow,0,0,0,0,0,0,0,
Appleton Farms,Sharon Stavropoulos,2025,5,4,6:43,Lamson South,No,1C,Savannah Sparrow,0,0,0,0,0,0,0,
Appleton Farms,Sharon Stavropoulos,2025,5,4,6:52,Lamson South,No,1D,Savannah Sparrow,0,0,0,0,0,0,0,
Appleton Farms,Sharon Stavropoulos,2025,5,4,7:10,GP8,No,1E,Savannah Sparrow,0,0,0,0,0,1,1,Bird heard but not seen
Appleton Farms,Sharon Stavropoulos,2025,5,4,7:17,GP8,No,1F,Savannah Sparrow,0,0,0,0,0,0,0,
Appleton Farms,Sharon Stavropoulos,2025,5,4,6:22,Lamson Middle,No,1A,Grasshopper Sparrow,0,0,0,0,0,0,0,
Appleton Farms,Sharon Stavropoulos,2025,5,4,6:31,Lamson Middle,No,1B,Grasshopper Sparrow,0,0,0,0,0,0,0,
Appleton Farms,Sharon Stavropoulos,2025,5,4,6:36,Lamson South,No,1B,Grasshopper Sparrow,0,0,0,0,0,0,0,
Appleton Farms,Sharon Stavropoulos,2025,5,4,6:43,Lamson South,No,1C,Grasshopper Sparrow,0,0,0,0,0,0,0,
Appleton Farms,Sharon Stavropoulos,2025,5,4,6:52,Lamson South,No,1D,Grasshopper Sparrow,0,0,0,0,0,0,0,
Appleton Farms,Sharon Stavropoulos,2025,5,4,7:10,GP8,No,1E,Grasshopper Sparrow,0,0,0,0,0,0,0,
Appleton Farms,Sharon Stavropoulos,2025,5,4,7:17,GP8,No,1F,Grasshopper Sparrow,0,0,0,0,0,0,0,
Appleton Farms,Sharon Stavropoulos,2025,5,4,6:22,Lamson Middle,No,1A,Eastern Meadowlark,0,0,0,0,0,0,0,
Appleton Farms,Sharon Stavropoulos,2025,5,4,6:31,Lamson Middle,No,1B,Eastern Meadowlark,0,0,0,0,0,0,0,
Appleton Farms,Sharon Stavropoulos,2025,5,4,6:36,Lamson South,No,1B,Eastern Meadowlark,0,0,0,0,0,0,0,
Appleton Farms,Sharon Stavropoulos,2025,5,4,6:43,Lamson South,No,1C,Eastern Meadowlark,0,0,0,0,0,0,0,
Appleton Farms,Sharon Stavropoulos,2025,5,4,6:52,Lamson South,No,1D,Eastern Meadowlark,0,0,0,0,0,0,0,
Appleton Farms,Sharon Stavropoulos,2025,5,4,7:10,GP8,No,1E,Eastern Meadowlark,0,0,0,0,0,0,0,
Appleton Farms,Sharon Stavropoulos,2025,5,4,7:17,GP8,No,1F,Eastern Meadowlark,0,0,0,0,0,0,0,
Appleton Farms,Greg Power,2025,5,12,7:41,Lamson Middle,No,1A,Bobolink,14,0,14,0,0,0,14,
Appleton Farms,Greg Power,2025,5,12,7:52,Lamson Middle,No,1B,Bobolink,3,0,3,0,0,0,3,
Appleton Farms,Greg Power,2025,5,12,7:59,Lamson South,No,1B,Bobolink,0,0,0,0,0,0,0,
Appleton Farms,Greg Power,2025,5,12,8:09,Lamson South,No,1C,Bobolink,2,0,2,0,0,0,2,
Appleton Farms,Greg Power,2025,5,12,8:29,Lamson South,No,1D,Bobolink,3,0,3,0,0,0,3,
Appleton Farms,Greg Power,2025,5,12,9:08,GP8,No,1E,Bobolink,3,0,3,0,0,0,3,
Appleton Farms,Greg Power,2025,5,12,9:18,GP8,No,1F,Bobolink,0,0,0,2,0,2,2,
Appleton Farms,Greg Power,2025,5,12,7:41,Lamson Middle,No,1A,Savannah Sparrow,0,0,0,0,0,0,0,
Appleton Farms,Greg Power,2025,5,12,7:52,Lamson Middle,No,1B,Savannah Sparrow,0,0,0,0,0,0,0,
Appleton Farms,Greg Power,2025,5,12,7:59,Lamson South,No,1B,Savannah Sparrow,0,0,0,0,0,0,0,
Appleton Farms,Greg Power,2025,5,12,8:09,Lamson South,No,1C,Savannah Sparrow,0,0,0,0,0,0,0,
Appleton Farms,Greg Power,2025,5,12,8:29,Lamson South,No,1D,Savannah Sparrow,0,0,0,0,0,0,0,
Appleton Farms,Greg Power,2025,5,12,9:08,GP8,No,1E,Savannah Sparrow,0,0,0,0,0,2,2,
Appleton Farms,Greg Power,2025,5,12,9:18,GP8,No,1F,Savannah Sparrow,0,0,0,0,0,0,0,
Appleton Farms,Greg Power,2025,5,12,7:41,Lamson Middle,No,1A,Grasshopper Sparrow,0,0,0,0,0,0,0,
Appleton Farms,Greg Power,2025,5,12,7:52,Lamson Middle,No,1B,Grasshopper Sparrow,0,0,0,0,0,0,0,
Appleton Farms,Greg Power,2025,5,12,7:59,Lamson South,No,1B,Grasshopper Sparrow,0,0,0,0,0,0,0,
Appleton Farms,Greg Power,2025,5,12,8:09,Lamson South,No,1C,Grasshopper Sparrow,0,0,0,0,0,0,0,
Appleton Farms,Greg Power,2025,5,12,8:29,Lamson South,No,1D,Grasshopper Sparrow,0,0,0,0,0,0,0,
Appleton Farms,Greg Power,2025,5,12,9:08,GP8,No,1E,Grasshopper Sparrow,0,0,0,0,0,0,0,
Appleton Farms,Greg Power,2025,5,12,9:18,GP8,No,1F,Grasshopper Sparrow,0,0,0,0,0,0,0,
Appleton Farms,Greg Power,2025,5,12,7:41,Lamson Middle,No,1A,Eastern Meadowlark,0,0,0,0,0,0,0,
Appleton Farms,Greg Power,2025,5,12,7:52,Lamson Middle,No,1B,Eastern Meadowlark,0,0,0,0,0,0,0,
Appleton Farms,Greg Power,2025,5,12,7:59,Lamson South,No,1B,Eastern Meadowlark,0,0,0,0,0,0,0,
Appleton Farms,Greg Power,2025,5,12,8:09,Lamson South,No,1C,Eastern Meadowlark,0,0,0,0,0,0,0,
Appleton Farms,Greg Power,2025,5,12,8:29,Lamson South,No,1D,Eastern Meadowlark,0,0,0,0,0,0,0,
Appleton Farms,Greg Power,2025,5,12,9:08,GP8,No,1E,Eastern Meadowlark,0,0,0,0,0,0,0,
Appleton Farms,Greg Power,2025,5,12,9:18,GP8,No,1F,Eastern Meadowlark,0,0,0,0,0,0,0,
Appleton Farms,Sharon Stavropoulos,2025,5,17,6:01,Lamson Middle,No,1A,Bobolink,2,1,3,0,0,0,3,
Appleton Farms,Sharon Stavropoulos,2025,5,17,6:24,Lamson Middle,No,1B,Bobolink,0,0,0,2,1,3,3,
Appleton Farms,Sharon Stavropoulos,2025,5,17,6:28,Lamson South,No,1B,Bobolink,0,0,0,0,0,0,0,
Appleton Farms,Sharon Stavropoulos,2025,5,17,6:34,Lamson South,No,1C,Bobolink,1,0,1,0,0,0,1,
Appleton Farms,Sharon Stavropoulos,2025,5,17,6:42,Lamson South,No,1D,Bobolink,1,1,2,0,0,0,2,
Appleton Farms,Sharon Stavropoulos,2025,5,17,6:56,GP8,No,1E,Bobolink,0,0,0,0,0,1,1,Bird heard not seen
Appleton Farms,Sharon Stavropoulos,2025,5,17,7:03,GP8,No,1F,Bobolink,2,0,2,0,0,0,2,
Appleton Farms,Sharon Stavropoulos,2025,5,17,6:01,Lamson Middle,No,1A,Savannah Sparrow,0,0,0,0,0,0,0,
Appleton Farms,Sharon Stavropoulos,2025,5,17,6:24,Lamson Middle,No,1B,Savannah Sparrow,0,0,0,0,0,1,1,Bird heard not seen
Appleton Farms,Sharon Stavropoulos,2025,5,17,6:28,Lamson South,No,1B,Savannah Sparrow,0,0,0,0,0,0,0,
Appleton Farms,Sharon Stavropoulos,2025,5,17,6:34,Lamson South,No,1C,Savannah Sparrow,0,0,0,0,0,0,0,
Appleton Farms,Sharon Stavropoulos,2025,5,17,6:42,Lamson South,No,1D,Savannah Sparrow,0,0,0,0,0,0,0,
Appleton Farms,Sharon Stavropoulos,2025,5,17,6:56,GP8,No,1E,Savannah Sparrow,0,0,0,0,0,0,0,
Appleton Farms,Sharon Stavropoulos,2025,5,17,7:03,GP8,No,1F,Savannah Sparrow,0,0,0,0,0,1,1,Bird heard not seen
Appleton Farms,Sharon Stavropoulos,2025,5,17,6:01,Lamson Middle,No,1A,Grasshopper Sparrow,0,0,0,0,0,0,0,
Appleton Farms,Sharon Stavropoulos,2025,5,17,6:24,Lamson Middle,No,1B,Grasshopper Sparrow,0,0,0,0,0,0,0,
Appleton Farms,Sharon Stavropoulos,2025,5,17,6:28,Lamson South,No,1B,Grasshopper Sparrow,0,0,0,0,0,0,0,
Appleton Farms,Sharon Stavropoulos,2025,5,17,6:34,Lamson South,No,1C,Grasshopper Sparrow,0,0,0,0,0,0,0,
Appleton Farms,Sharon Stavropoulos,2025,5,17,6:42,Lamson South,No,1D,Grasshopper Sparrow,0,0,0,0,0,0,0,
Appleton Farms,Sharon Stavropoulos,2025,5,17,6:56,GP8,No,1E,Grasshopper Sparrow,0,0,0,0,0,0,0,
Appleton Farms,Sharon Stavropoulos,2025,5,17,7:03,GP8,No,1F,Grasshopper Sparrow,0,0,0,0,0,0,0,
Appleton Farms,Sharon Stavropoulos,2025,5,17,6:01,Lamson Middle,No,1A,Eastern Meadowlark,0,0,0,0,0,0,0,
Appleton Farms,Sharon Stavropoulos,2025,5,17,6:24,Lamson Middle,No,1B,Eastern Meadowlark,0,0,0,0,0,0,0,
Appleton Farms,Sharon Stavropoulos,2025,5,17,6:28,Lamson South,No,1B,Eastern Meadowlark,0,0,0,0,0,0,0,
Appleton Farms,Sharon Stavropoulos,2025,5,17,6:34,Lamson South,No,1C,Eastern Meadowlark,0,0,0,0,0,0,0,
Appleton Farms,Sharon Stavropoulos,2025,5,17,6:42,Lamson South,No,1D,Eastern Meadowlark,0,0,0,0,0,0,0,
Appleton Farms,Sharon Stavropoulos,2025,5,17,6:56,GP8,No,1E,Eastern Meadowlark,0,0,0,0,0,0,0,
Appleton Farms,Sharon Stavropoulos,2025,5,17,7:03,GP8,No,1F,Eastern Meadowlark,0,0,0,0,0,1,1,Bird heard not seen
Appleton Farms,Sharon Stavropoulos,2025,5,26,6:20,Lamson Middle,No,1A,Bobolink,0,0,0,2,2,4,4,
Appleton Farms,Sharon Stavropoulos,2025,5,26,6:27,Lamson Middle,No,1B,Bobolink,0,0,0,0,0,0,0,
Appleton Farms,Sharon Stavropoulos,2025,5,26,6:58,Lamson South,No,1B,Bobolink,0,0,0,0,0,0,0,
Appleton Farms,Sharon Stavropoulos,2025,5,26,6:34,Lamson South,No,1C,Bobolink,1,0,1,0,0,0,1,
Appleton Farms,Sharon Stavropoulos,2025,5,26,6:45,Lamson South,No,1D,Bobolink,0,0,0,0,0,0,0,
Appleton Farms,Sharon Stavropoulos,2025,5,26,7:08,GP8,No,1E,Bobolink,0,0,0,2,1,3,3,
Appleton Farms,Sharon Stavropoulos,2025,5,26,7:15,GP8,No,1F,Bobolink,1,0,1,0,0,0,1,
Appleton Farms,Sharon Stavropoulos,2025,5,26,6:20,Lamson Middle,No,1A,Savannah Sparrow,0,0,0,0,0,0,0,
Appleton Farms,Sharon Stavropoulos,2025,5,26,6:27,Lamson Middle,No,1B,Savannah Sparrow,0,0,0,0,0,0,0,
Appleton Farms,Sharon Stavropoulos,2025,5,26,6:58,Lamson South,No,1B,Savannah Sparrow,0,0,0,0,0,0,0,
Appleton Farms,Sharon Stavropoulos,2025,5,26,6:34,Lamson South,No,1C,Savannah Sparrow,0,0,0,0,0,0,0,
Appleton Farms,Sharon Stavropoulos,2025,5,26,6:45,Lamson South,No,1D,Savannah Sparrow,0,0,0,0,0,0,0,
Appleton Farms,Sharon Stavropoulos,2025,5,26,7:08,GP8,No,1E,Savannah Sparrow,0,0,0,0,0,0,0,
Appleton Farms,Sharon Stavropoulos,2025,5,26,7:15,GP8,No,1F,Savannah Sparrow,0,0,0,0,0,1,1,Bird heard not seen
Appleton Farms,Sharon Stavropoulos,2025,5,26,6:20,Lamson Middle,No,1A,Grasshopper Sparrow,0,0,0,0,0,0,0,
Appleton Farms,Sharon Stavropoulos,2025,5,26,6:27,Lamson Middle,No,1B,Grasshopper Sparrow,0,0,0,0,0,0,0,
Appleton Farms,Sharon Stavropoulos,2025,5,26,6:58,Lamson South,No,1B,Grasshopper Sparrow,0,0,0,0,0,0,0,
Appleton Farms,Sharon Stavropoulos,2025,5,26,6:34,Lamson South,No,1C,Grasshopper Sparrow,0,0,0,0,0,0,0,
Appleton Farms,Sharon Stavropoulos,2025,5,26,6:45,Lamson South,No,1D,Grasshopper Sparrow,0,0,0,0,0,0,0,
Appleton Farms,Sharon Stavropoulos,2025,5,26,7:08,GP8,No,1E,Grasshopper Sparrow,0,0,0,0,0,0,0,
Appleton Farms,Sharon Stavropoulos,2025,5,26,7:15,GP8,No,1F,Grasshopper Sparrow,0,0,0,0,0,0,0,
Appleton Farms,Sharon Stavropoulos,2025,5,26,6:20,Lamson Middle,No,1A,Eastern Meadowlark,0,0,0,0,0,0,0,
Appleton Farms,Sharon Stavropoulos,2025,5,26,6:27,Lamson Middle,No,1B,Eastern Meadowlark,0,0,0,0,0,0,0,
Appleton Farms,Sharon Stavropoulos,2025,5,26,6:58,Lamson South,No,1B,Eastern Meadowlark,0,0,0,0,0,0,0,
Appleton Farms,Sharon Stavropoulos,2025,5,26,6:34,Lamson South,No,1C,Eastern Meadowlark,0,0,0,0,0,0,0,
Appleton Farms,Sharon Stavropoulos,2025,5,26,6:45,Lamson South,No,1D,Eastern Meadowlark,0,0,0,0,0,0,0,
Appleton Farms,Sharon Stavropoulos,2025,5,26,7:08,GP8,No,1E,Eastern Meadowlark,0,0,0,0,0,0,0,
Appleton Farms,Sharon Stavropoulos,2025,5,26,7:15,GP8,No,1F,Eastern Meadowlark,0,0,0,0,0,0,0,
Appleton Farms,Emily Goodhue,2025,5,26,7:05,Lamson Middle,No,1A,Bobolink,0,0,0,2,0,3,3,Flyovers
Appleton Farms,Emily Goodhue,2025,5,26,7:15,Lamson Middle,No,1B,Bobolink,0,0,0,1,0,1,1,Flyovers
Appleton Farms,Emily Goodhue,2025,5,26,7:20,Lamson South,No,1B,Bobolink,0,0,0,0,0,0,0,
Appleton Farms,Emily Goodhue,2025,5,26,7:28,Lamson South,No,1C,Bobolink,0,0,0,0,0,0,0,
Appleton Farms,Emily Goodhue,2025,5,26,7:38,Lamson South,No,1D,Bobolink,0,0,0,0,0,0,0,
Appleton Farms,Emily Goodhue,2025,5,26,NA,GP8,No,1E,Bobolink,NA,NA,NA,NA,NA,NA,NA,Not monitored (coyote)
Appleton Farms,Emily Goodhue,2025,5,26,NA,GP8,No,1F,Bobolink,NA,NA,NA,NA,NA,NA,NA,Not monitored (coyote)
Appleton Farms,Emily Goodhue,2025,5,26,7:05,Lamson Middle,No,1A,Savannah Sparrow,0,0,0,0,0,0,0,
Appleton Farms,Emily Goodhue,2025,5,26,7:15,Lamson Middle,No,1B,Savannah Sparrow,0,0,0,0,0,0,0,
Appleton Farms,Emily Goodhue,2025,5,26,7:20,Lamson South,No,1B,Savannah Sparrow,0,0,0,0,0,0,0,
Appleton Farms,Emily Goodhue,2025,5,26,7:28,Lamson South,No,1C,Savannah Sparrow,0,0,0,0,0,0,0,
Appleton Farms,Emily Goodhue,2025,5,26,7:38,Lamson South,No,1D,Savannah Sparrow,0,0,0,0,0,0,0,
Appleton Farms,Emily Goodhue,2025,5,26,NA,GP8,No,1E,Savannah Sparrow,NA,NA,NA,NA,NA,NA,NA,Not monitored (coyote)
Appleton Farms,Emily Goodhue,2025,5,26,NA,GP8,No,1F,Savannah Sparrow,NA,NA,NA,NA,NA,NA,NA,Not monitored (coyote)
Appleton Farms,Emily Goodhue,2025,5,26,7:05,Lamson Middle,No,1A,Grasshopper Sparrow,0,0,0,0,0,0,0,
Appleton Farms,Emily Goodhue,2025,5,26,7:15,Lamson Middle,No,1B,Grasshopper Sparrow,0,0,0,0,0,0,0,
Appleton Farms,Emily Goodhue,2025,5,26,7:20,Lamson South,No,1B,Grasshopper Sparrow,0,0,0,0,0,0,0,
Appleton Farms,Emily Goodhue,2025,5,26,7:28,Lamson South,No,1C,Grasshopper Sparrow,0,0,0,0,0,0,0,
Appleton Farms,Emily Goodhue,2025,5,26,7:38,Lamson South,No,1D,Grasshopper Sparrow,0,0,0,0,0,0,0,
Appleton Farms,Emily Goodhue,2025,5,26,NA,GP8,No,1E,Grasshopper Sparrow,NA,NA,NA,NA,NA,NA,NA,Not monitored (coyote)
Appleton Farms,Emily Goodhue,2025,5,26,NA,GP8,No,1F,Grasshopper Sparrow,NA,NA,NA,NA,NA,NA,NA,Not monitored (coyote)
Appleton Farms,Emily Goodhue,2025,5,26,7:05,Lamson Middle,No,1A,Eastern Meadowlark,0,0,0,0,0,0,0,
Appleton Farms,Emily Goodhue,2025,5,26,7:15,Lamson Middle,No,1B,Eastern Meadowlark,0,0,0,0,0,0,0,
Appleton Farms,Emily Goodhue,2025,5,26,7:20,Lamson South,No,1B,Eastern Meadowlark,0,0,0,0,0,0,0,
Appleton Farms,Emily Goodhue,2025,5,26,7:28,Lamson South,No,1C,Eastern Meadowlark,0,0,0,0,0,0,0,
Appleton Farms,Emily Goodhue,2025,5,26,7:38,Lamson South,No,1D,Eastern Meadowlark,0,0,0,0,0,0,0,
Appleton Farms,Emily Goodhue,2025,5,26,NA,GP8,No,1E,Eastern Meadowlark,NA,NA,NA,NA,NA,NA,NA,Not monitored (coyote)
Appleton Farms,Emily Goodhue,2025,5,26,NA,GP8,No,1F,Eastern Meadowlark,NA,NA,NA,NA,NA,NA,NA,Not monitored (coyote)
Appleton Farms,Sharon Stavropoulos,2025,6,8,6:34,Lamson Middle,No,1A,Bobolink,3,0,3,0,0,0,3,
Appleton Farms,Sharon Stavropoulos,2025,6,8,6:41,Lamson Middle,No,1B,Bobolink,3,1,4,0,0,0,4,
Appleton Farms,Sharon Stavropoulos,2025,6,8,6:46,Lamson South,No,1B,Bobolink,0,0,0,0,0,0,0,
Appleton Farms,Sharon Stavropoulos,2025,6,8,6:42,Lamson South,No,1C,Bobolink,0,0,0,0,0,0,0,
Appleton Farms,Sharon Stavropoulos,2025,6,8,7:03,Lamson South,No,1D,Bobolink,0,0,0,0,0,0,0,
Appleton Farms,Sharon Stavropoulos,2025,6,8,7:18,GP8,No,1E,Bobolink,0,0,0,0,0,1,1,Bird heard not seen
Appleton Farms,Sharon Stavropoulos,2025,6,8,7:26,GP8,No,1F,Bobolink,1,0,1,0,0,1,2,Bird heard not seen
Appleton Farms,Sharon Stavropoulos,2025,6,8,6:34,Lamson Middle,No,1A,Savannah Sparrow,0,0,0,0,0,0,0,
Appleton Farms,Sharon Stavropoulos,2025,6,8,6:41,Lamson Middle,No,1B,Savannah Sparrow,0,0,0,0,0,0,0,
Appleton Farms,Sharon Stavropoulos,2025,6,8,6:46,Lamson South,No,1B,Savannah Sparrow,0,0,0,0,0,0,0,
Appleton Farms,Sharon Stavropoulos,2025,6,8,6:42,Lamson South,No,1C,Savannah Sparrow,0,0,0,0,0,0,0,
Appleton Farms,Sharon Stavropoulos,2025,6,8,7:03,Lamson South,No,1D,Savannah Sparrow,0,0,0,0,0,0,0,
Appleton Farms,Sharon Stavropoulos,2025,6,8,7:18,GP8,No,1E,Savannah Sparrow,0,0,0,0,0,0,0,
Appleton Farms,Sharon Stavropoulos,2025,6,8,7:26,GP8,No,1F,Savannah Sparrow,0,0,0,0,0,0,0,
Appleton Farms,Sharon Stavropoulos,2025,6,8,6:34,Lamson Middle,No,1A,Grasshopper Sparrow,0,0,0,0,0,0,0,
Appleton Farms,Sharon Stavropoulos,2025,6,8,6:41,Lamson Middle,No,1B,Grasshopper Sparrow,0,0,0,0,0,0,0,
Appleton Farms,Sharon Stavropoulos,2025,6,8,6:46,Lamson South,No,1B,Grasshopper Sparrow,0,0,0,0,0,0,0,
Appleton Farms,Sharon Stavropoulos,2025,6,8,6:42,Lamson South,No,1C,Grasshopper Sparrow,0,0,0,0,0,0,0,
Appleton Farms,Sharon Stavropoulos,2025,6,8,7:03,Lamson South,No,1D,Grasshopper Sparrow,0,0,0,0,0,0,0,
Appleton Farms,Sharon Stavropoulos,2025,6,8,7:18,GP8,No,1E,Grasshopper Sparrow,0,0,0,0,0,0,0,
Appleton Farms,Sharon Stavropoulos,2025,6,8,7:26,GP8,No,1F,Grasshopper Sparrow,0,0,0,0,0,0,0,
Appleton Farms,Sharon Stavropoulos,2025,6,8,6:34,Lamson Middle,No,1A,Eastern Meadowlark,0,0,0,0,0,0,0,
Appleton Farms,Sharon Stavropoulos,2025,6,8,6:41,Lamson Middle,No,1B,Eastern Meadowlark,0,0,0,0,0,0,0,
Appleton Farms,Sharon Stavropoulos,2025,6,8,6:46,Lamson South,No,1B,Eastern Meadowlark,0,0,0,0,0,0,0,
Appleton Farms,Sharon Stavropoulos,2025,6,8,6:42,Lamson South,No,1C,Eastern Meadowlark,0,0,0,0,0,0,0,
Appleton Farms,Sharon Stavropoulos,2025,6,8,7:03,Lamson South,No,1D,Eastern Meadowlark,0,0,0,0,0,0,0,
Appleton Farms,Sharon Stavropoulos,2025,6,8,7:18,GP8,No,1E,Eastern Meadowlark,0,0,0,0,0,0,0,
Appleton Farms,Sharon Stavropoulos,2025,6,8,7:26,GP8,No,1F,Eastern Meadowlark,0,0,0,0,0,0,0,
Appleton Farms,Greg Power,2025,6,9,7:15,Lamson Middle,No,1A,Bobolink,1,0,1,2,0,2,3,
Appleton Farms,Greg Power,2025,6,9,7:26,Lamson Middle,No,1B,Bobolink,0,0,0,2,0,2,2,
Appleton Farms,Greg Power,2025,6,9,7:33,Lamson South,No,1B,Bobolink,0,0,0,0,0,0,0,
Appleton Farms,Greg Power,2025,6,9,7:44,Lamson South,No,1C,Bobolink,0,0,0,1,0,1,1,
Appleton Farms,Greg Power,2025,6,9,8:00,Lamson South,No,1D,Bobolink,0,0,0,1,0,1,1,
Appleton Farms,Greg Power,2025,6,9,8:54,GP8,No,1E,Bobolink,0,0,0,1,0,1,1,
Appleton Farms,Greg Power,2025,6,9,8:42,GP8,No,1F,Bobolink,0,0,0,1,0,1,1,
Appleton Farms,Greg Power,2025,6,9,7:15,Lamson Middle,No,1A,Savannah Sparrow,0,0,0,0,0,0,0,
Appleton Farms,Greg Power,2025,6,9,7:26,Lamson Middle,No,1B,Savannah Sparrow,0,0,0,0,0,0,0,
Appleton Farms,Greg Power,2025,6,9,7:33,Lamson South,No,1B,Savannah Sparrow,0,0,0,0,0,0,0,
Appleton Farms,Greg Power,2025,6,9,7:44,Lamson South,No,1C,Savannah Sparrow,0,0,0,0,0,0,0,
Appleton Farms,Greg Power,2025,6,9,8:00,Lamson South,No,1D,Savannah Sparrow,0,0,0,0,0,0,0,
Appleton Farms,Greg Power,2025,6,9,8:54,GP8,No,1E,Savannah Sparrow,0,0,0,0,0,0,0,
Appleton Farms,Greg Power,2025,6,9,8:42,GP8,No,1F,Savannah Sparrow,0,0,0,0,0,0,0,
Appleton Farms,Greg Power,2025,6,9,7:15,Lamson Middle,No,1A,Grasshopper Sparrow,0,0,0,0,0,0,0,
Appleton Farms,Greg Power,2025,6,9,7:26,Lamson Middle,No,1B,Grasshopper Sparrow,0,0,0,0,0,0,0,
Appleton Farms,Greg Power,2025,6,9,7:33,Lamson South,No,1B,Grasshopper Sparrow,0,0,0,0,0,0,0,
Appleton Farms,Greg Power,2025,6,9,7:44,Lamson South,No,1C,Grasshopper Sparrow,0,0,0,0,0,0,0,
Appleton Farms,Greg Power,2025,6,9,8:00,Lamson South,No,1D,Grasshopper Sparrow,0,0,0,0,0,0,0,
Appleton Farms,Greg Power,2025,6,9,8:54,GP8,No,1E,Grasshopper Sparrow,0,0,0,0,0,0,0,
Appleton Farms,Greg Power,2025,6,9,8:42,GP8,No,1F,Grasshopper Sparrow,0,0,0,0,0,0,0,
Appleton Farms,Greg Power,2025,6,9,7:15,Lamson Middle,No,1A,Eastern Meadowlark,0,0,0,0,0,0,0,
Appleton Farms,Greg Power,2025,6,9,7:26,Lamson Middle,No,1B,Eastern Meadowlark,0,0,0,0,0,0,0,
Appleton Farms,Greg Power,2025,6,9,7:33,Lamson South,No,1B,Eastern Meadowlark,0,0,0,0,0,0,0,
Appleton Farms,Greg Power,2025,6,9,7:44,Lamson South,No,1C,Eastern Meadowlark,0,0,0,0,0,0,0,
Appleton Farms,Greg Power,2025,6,9,8:00,Lamson South,No,1D,Eastern Meadowlark,0,0,0,0,0,0,0,
Appleton Farms,Greg Power,2025,6,9,8:54,GP8,No,1E,Eastern Meadowlark,0,0,0,0,0,0,0,
Appleton Farms,Greg Power,2025,6,9,8:42,GP8,No,1F,Eastern Meadowlark,0,0,0,0,0,0,0,
Appleton Farms,Sharon Stavropoulos,2025,6,15,6:31,Lamson Middle,Yes,1A,Bobolink,0,0,0,1,0,1,1,
Appleton Farms,Sharon Stavropoulos,2025,6,15,6:39,Lamson Middle,Yes,1B,Bobolink,0,0,0,2,0,2,2,
Appleton Farms,Sharon Stavropoulos,2025,6,15,6:44,Lamson South,Yes,1B,Bobolink,0,0,0,0,0,0,0,
Appleton Farms,Sharon Stavropoulos,2025,6,15,6:52,Lamson South,Yes,1C,Bobolink,1,0,1,0,0,0,1,
Appleton Farms,Sharon Stavropoulos,2025,6,15,7:03,Lamson South,Yes,1D,Bobolink,0,0,0,0,0,0,0,
Appleton Farms,Sharon Stavropoulos,2025,6,15,7:20,GP8,No,1E,Bobolink,0,0,0,1,0,1,1,
Appleton Farms,Sharon Stavropoulos,2025,6,15,7:22,GP8,No,1F,Bobolink,2,1,3,0,0,0,3,
Appleton Farms,Sharon Stavropoulos,2025,6,15,6:31,Lamson Middle,Yes,1A,Savannah Sparrow,0,0,0,0,0,0,0,
Appleton Farms,Sharon Stavropoulos,2025,6,15,6:39,Lamson Middle,Yes,1B,Savannah Sparrow,0,0,0,0,0,0,0,
Appleton Farms,Sharon Stavropoulos,2025,6,15,6:44,Lamson South,Yes,1B,Savannah Sparrow,0,0,0,0,0,0,0,
Appleton Farms,Sharon Stavropoulos,2025,6,15,6:52,Lamson South,Yes,1C,Savannah Sparrow,0,0,0,0,0,0,0,
Appleton Farms,Sharon Stavropoulos,2025,6,15,7:03,Lamson South,Yes,1D,Savannah Sparrow,0,0,0,0,0,0,0,
Appleton Farms,Sharon Stavropoulos,2025,6,15,7:20,GP8,No,1E,Savannah Sparrow,0,0,0,0,0,0,0,
Appleton Farms,Sharon Stavropoulos,2025,6,15,7:22,GP8,No,1F,Savannah Sparrow,0,0,0,0,0,0,0,
Appleton Farms,Sharon Stavropoulos,2025,6,15,6:31,Lamson Middle,Yes,1A,Grasshopper Sparrow,0,0,0,0,0,0,0,
Appleton Farms,Sharon Stavropoulos,2025,6,15,6:39,Lamson Middle,Yes,1B,Grasshopper Sparrow,0,0,0,0,0,0,0,
Appleton Farms,Sharon Stavropoulos,2025,6,15,6:44,Lamson South,Yes,1B,Grasshopper Sparrow,0,0,0,0,0,0,0,
Appleton Farms,Sharon Stavropoulos,2025,6,15,6:52,Lamson South,Yes,1C,Grasshopper Sparrow,0,0,0,0,0,0,0,
Appleton Farms,Sharon Stavropoulos,2025,6,15,7:03,Lamson South,Yes,1D,Grasshopper Sparrow,0,0,0,0,0,0,0,
Appleton Farms,Sharon Stavropoulos,2025,6,15,7:20,GP8,No,1E,Grasshopper Sparrow,0,0,0,0,0,0,0,
Appleton Farms,Sharon Stavropoulos,2025,6,15,7:22,GP8,No,1F,Grasshopper Sparrow,0,0,0,0,0,0,0,
Appleton Farms,Sharon Stavropoulos,2025,6,15,6:31,Lamson Middle,Yes,1A,Eastern Meadowlark,0,0,0,0,0,0,0,
Appleton Farms,Sharon Stavropoulos,2025,6,15,6:39,Lamson Middle,Yes,1B,Eastern Meadowlark,0,0,0,0,0,0,0,
Appleton Farms,Sharon Stavropoulos,2025,6,15,6:44,Lamson South,Yes,1B,Eastern Meadowlark,0,0,0,0,0,0,0,
Appleton Farms,Sharon Stavropoulos,2025,6,15,6:52,Lamson South,Yes,1C,Eastern Meadowlark,0,0,0,0,0,0,0,
Appleton Farms,Sharon Stavropoulos,2025,6,15,7:03,Lamson South,Yes,1D,Eastern Meadowlark,0,0,0,0,0,0,0,
Appleton Farms,Sharon Stavropoulos,2025,6,15,7:20,GP8,No,1E,Eastern Meadowlark,0,0,0,0,0,0,0,
Appleton Farms,Sharon Stavropoulos,2025,6,15,7:22,GP8,No,1F,Eastern Meadowlark,0,0,0,0,0,0,0,
Appleton Farms,Sharon Stavropoulos,2025,6,26,6:30,Lamson Middle,Yes,1A,Bobolink,0,0,0,0,0,0,0,
Appleton Farms,Sharon Stavropoulos,2025,6,26,6:37,Lamson Middle,Yes,1B,Bobolink,0,0,0,0,0,0,0,
Appleton Farms,Sharon Stavropoulos,2025,6,26,6:42,Lamson South,Yes,1B,Bobolink,0,0,0,0,0,0,0,
Appleton Farms,Sharon Stavropoulos,2025,6,26,6:50,Lamson South,Yes,1C,Bobolink,0,0,0,0,0,0,0,
Appleton Farms,Sharon Stavropoulos,2025,6,26,6:59,Lamson South,Yes,1D,Bobolink,0,0,0,0,0,0,0,
Appleton Farms,Sharon Stavropoulos,2025,6,26,7:13,GP8,No,1E,Bobolink,0,0,0,0,0,0,0,
Appleton Farms,Sharon Stavropoulos,2025,6,26,7:19,GP8,No,1F,Bobolink,0,0,0,0,0,0,0,
Appleton Farms,Sharon Stavropoulos,2025,6,26,6:30,Lamson Middle,Yes,1A,Savannah Sparrow,0,0,0,0,0,0,0,
Appleton Farms,Sharon Stavropoulos,2025,6,26,6:37,Lamson Middle,Yes,1B,Savannah Sparrow,0,0,0,0,0,0,0,
Appleton Farms,Sharon Stavropoulos,2025,6,26,6:42,Lamson South,Yes,1B,Savannah Sparrow,0,0,0,0,0,0,0,
Appleton Farms,Sharon Stavropoulos,2025,6,26,6:50,Lamson South,Yes,1C,Savannah Sparrow,0,0,0,0,0,0,0,
Appleton Farms,Sharon Stavropoulos,2025,6,26,6:59,Lamson South,Yes,1D,Savannah Sparrow,0,0,0,0,0,0,0,
Appleton Farms,Sharon Stavropoulos,2025,6,26,7:13,GP8,No,1E,Savannah Sparrow,0,0,0,0,0,0,0,
Appleton Farms,Sharon Stavropoulos,2025,6,26,7:19,GP8,No,1F,Savannah Sparrow,0,0,0,0,0,0,0,
Appleton Farms,Sharon Stavropoulos,2025,6,26,6:30,Lamson Middle,Yes,1A,Grasshopper Sparrow,0,0,0,0,0,0,0,
Appleton Farms,Sharon Stavropoulos,2025,6,26,6:37,Lamson Middle,Yes,1B,Grasshopper Sparrow,0,0,0,0,0,0,0,
Appleton Farms,Sharon Stavropoulos,2025,6,26,6:42,Lamson South,Yes,1B,Grasshopper Sparrow,0,0,0,0,0,0,0,
Appleton Farms,Sharon Stavropoulos,2025,6,26,6:50,Lamson South,Yes,1C,Grasshopper Sparrow,0,0,0,0,0,0,0,
Appleton Farms,Sharon Stavropoulos,2025,6,26,6:59,Lamson South,Yes,1D,Grasshopper Sparrow,0,0,0,0,0,0,0,
Appleton Farms,Sharon Stavropoulos,2025,6,26,7:13,GP8,No,1E,Grasshopper Sparrow,0,0,0,0,0,0,0,
Appleton Farms,Sharon Stavropoulos,2025,6,26,7:19,GP8,No,1F,Grasshopper Sparrow,0,0,0,0,0,0,0,
Appleton Farms,Sharon Stavropoulos,2025,6,26,6:30,Lamson Middle,Yes,1A,Eastern Meadowlark,0,0,0,0,0,0,0,
Appleton Farms,Sharon Stavropoulos,2025,6,26,6:37,Lamson Middle,Yes,1B,Eastern Meadowlark,0,0,0,0,0,0,0,
Appleton Farms,Sharon Stavropoulos,2025,6,26,6:42,Lamson South,Yes,1B,Eastern Meadowlark,0,0,0,0,0,0,0,
Appleton Farms,Sharon Stavropoulos,2025,6,26,6:50,Lamson South,Yes,1C,Eastern Meadowlark,0,0,0,0,0,0,0,
Appleton Farms,Sharon Stavropoulos,2025,6,26,6:59,Lamson South,Yes,1D,Eastern Meadowlark,0,0,0,0,0,0,0,
Appleton Farms,Sharon Stavropoulos,2025,6,26,7:13,GP8,No,1E,Eastern Meadowlark,0,0,0,0,0,0,0,
Appleton Farms,Sharon Stavropoulos,2025,6,26,7:19,GP8,No,1F,Eastern Meadowlark,0,0,0,0,0,0,0,
Appleton Farms,Greg Power,2025,7,3,7:40,Lamson Middle,No,1A,Bobolink,0,0,0,1,1,2,2,
Appleton Farms,Greg Power,2025,7,3,7:49,Lamson Middle,N,1B,Bobolink,0,0,0,0,0,0,0,
Appleton Farms,Greg Power,2025,7,3,7:56,Lamson South,Yes,1B,Bobolink,0,0,0,0,0,0,0,
Appleton Farms,Greg Power,2025,7,3,8:06,Lamson South,Yes,1C,Bobolink,0,0,0,1,0,1,1,
Appleton Farms,Greg Power,2025,7,3,8:24,Lamson South,Yes,1D,Bobolink,0,0,0,0,0,0,0,
Appleton Farms,Greg Power,2025,7,3,9:03,GP8,No,1E,Bobolink,0,0,0,0,0,0,0,
Appleton Farms,Greg Power,2025,7,3,8:53,GP8,No,1F,Bobolink,0,0,0,0,0,0,0,
Appleton Farms,Greg Power,2025,7,3,7:40,Lamson Middle,No,1A,Savannah Sparrow,0,0,0,0,0,0,0,
Appleton Farms,Greg Power,2025,7,3,7:49,Lamson Middle,N,1B,Savannah Sparrow,0,0,0,0,0,0,0,
Appleton Farms,Greg Power,2025,7,3,7:56,Lamson South,Yes,1B,Savannah Sparrow,0,0,0,0,0,0,0,
Appleton Farms,Greg Power,2025,7,3,8:06,Lamson South,Yes,1C,Savannah Sparrow,0,0,0,0,0,0,0,
Appleton Farms,Greg Power,2025,7,3,8:24,Lamson South,Yes,1D,Savannah Sparrow,0,0,0,0,0,0,0,
Appleton Farms,Greg Power,2025,7,3,9:03,GP8,No,1E,Savannah Sparrow,0,0,0,0,0,0,0,
Appleton Farms,Greg Power,2025,7,3,8:53,GP8,No,1F,Savannah Sparrow,0,0,0,0,0,1,1,
Appleton Farms,Greg Power,2025,7,3,7:40,Lamson Middle,No,1A,Grasshopper Sparrow,0,0,0,0,0,0,0,
Appleton Farms,Greg Power,2025,7,3,7:49,Lamson Middle,N,1B,Grasshopper Sparrow,0,0,0,0,0,0,0,
Appleton Farms,Greg Power,2025,7,3,7:56,Lamson South,Yes,1B,Grasshopper Sparrow,0,0,0,0,0,0,0,
Appleton Farms,Greg Power,2025,7,3,8:06,Lamson South,Yes,1C,Grasshopper Sparrow,0,0,0,0,0,0,0,
Appleton Farms,Greg Power,2025,7,3,8:24,Lamson South,Yes,1D,Grasshopper Sparrow,0,0,0,0,0,0,0,
Appleton Farms,Greg Power,2025,7,3,9:03,GP8,No,1E,Grasshopper Sparrow,0,0,0,0,0,0,0,
Appleton Farms,Greg Power,2025,7,3,8:53,GP8,No,1F,Grasshopper Sparrow,0,0,0,0,0,0,0,
Appleton Farms,Greg Power,2025,7,3,7:40,Lamson Middle,No,1A,Eastern Meadowlark,0,0,0,0,0,0,0,
Appleton Farms,Greg Power,2025,7,3,7:49,Lamson Middle,N,1B,Eastern Meadowlark,0,0,0,0,0,0,0,
Appleton Farms,Greg Power,2025,7,3,7:56,Lamson South,Yes,1B,Eastern Meadowlark,0,0,0,0,0,0,0,
Appleton Farms,Greg Power,2025,7,3,8:06,Lamson South,Yes,1C,Eastern Meadowlark,0,0,0,0,0,0,0,
Appleton Farms,Greg Power,2025,7,3,8:24,Lamson South,Yes,1D,Eastern Meadowlark,0,0,0,0,0,0,0,
Appleton Farms,Greg Power,2025,7,3,9:03,GP8,No,1E,Eastern Meadowlark,0,0,0,0,0,0,0,
Appleton Farms,Greg Power,2025,7,3,8:53,GP8,No,1F,Eastern Meadowlark,0,0,0,0,0,0,0,
Appleton Farms,Sharon Stavropoulos,2025,7,4,6:31,Lamson Middle,No,1A,Bobolink,0,0,0,0,0,0,0,
Appleton Farms,Sharon Stavropoulos,2025,7,4,6:38,Lamson Middle,N,1B,Bobolink,0,0,0,0,0,0,0,
Appleton Farms,Sharon Stavropoulos,2025,7,4,6:43,Lamson South,Yes,1B,Bobolink,0,0,0,0,0,0,0,
Appleton Farms,Sharon Stavropoulos,2025,7,4,6:50,Lamson South,Yes,1C,Bobolink,0,0,0,0,0,0,0,
Appleton Farms,Sharon Stavropoulos,2025,7,4,6:59,Lamson South,Yes,1D,Bobolink,0,0,0,0,0,0,0,
Appleton Farms,Sharon Stavropoulos,2025,7,4,7:19,GP8,No,1E,Bobolink,0,0,0,0,0,0,0,
Appleton Farms,Sharon Stavropoulos,2025,7,4,7:26,GP8,No,1F,Bobolink,0,0,0,0,0,0,0,
Appleton Farms,Sharon Stavropoulos,2025,7,4,6:31,Lamson Middle,No,1A,Savannah Sparrow,0,0,0,0,0,0,0,
Appleton Farms,Sharon Stavropoulos,2025,7,4,6:38,Lamson Middle,N,1B,Savannah Sparrow,0,0,0,0,0,0,0,
Appleton Farms,Sharon Stavropoulos,2025,7,4,6:43,Lamson South,Yes,1B,Savannah Sparrow,0,0,0,0,0,0,0,
Appleton Farms,Sharon Stavropoulos,2025,7,4,6:50,Lamson South,Yes,1C,Savannah Sparrow,0,0,0,0,0,0,0,
Appleton Farms,Sharon Stavropoulos,2025,7,4,6:59,Lamson South,Yes,1D,Savannah Sparrow,0,0,0,0,0,0,0,
Appleton Farms,Sharon Stavropoulos,2025,7,4,7:19,GP8,No,1E,Savannah Sparrow,0,0,0,0,0,0,0,
Appleton Farms,Sharon Stavropoulos,2025,7,4,7:26,GP8,No,1F,Savannah Sparrow,0,0,0,0,0,0,0,
Appleton Farms,Sharon Stavropoulos,2025,7,4,6:31,Lamson Middle,No,1A,Grasshopper Sparrow,0,0,0,0,0,0,0,
Appleton Farms,Sharon Stavropoulos,2025,7,4,6:38,Lamson Middle,N,1B,Grasshopper Sparrow,0,0,0,0,0,0,0,
Appleton Farms,Sharon Stavropoulos,2025,7,4,6:43,Lamson South,Yes,1B,Grasshopper Sparrow,0,0,0,0,0,0,0,
Appleton Farms,Sharon Stavropoulos,2025,7,4,6:50,Lamson South,Yes,1C,Grasshopper Sparrow,0,0,0,0,0,0,0,
Appleton Farms,Sharon Stavropoulos,2025,7,4,6:59,Lamson South,Yes,1D,Grasshopper Sparrow,0,0,0,0,0,0,0,
Appleton Farms,Sharon Stavropoulos,2025,7,4,7:19,GP8,No,1E,Grasshopper Sparrow,0,0,0,0,0,0,0,
Appleton Farms,Sharon Stavropoulos,2025,7,4,7:26,GP8,No,1F,Grasshopper Sparrow,0,0,0,0,0,0,0,
Appleton Farms,Sharon Stavropoulos,2025,7,4,6:31,Lamson Middle,No,1A,Eastern Meadowlark,0,0,0,0,0,0,0,
Appleton Farms,Sharon Stavropoulos,2025,7,4,6:38,Lamson Middle,N,1B,Eastern Meadowlark,0,0,0,0,0,0,0,
Appleton Farms,Sharon Stavropoulos,2025,7,4,6:43,Lamson South,Yes,1B,Eastern Meadowlark,0,0,0,0,0,0,0,
Appleton Farms,Sharon Stavropoulos,2025,7,4,6:50,Lamson South,Yes,1C,Eastern Meadowlark,0,0,0,0,0,0,0,
Appleton Farms,Sharon Stavropoulos,2025,7,4,6:59,Lamson South,Yes,1D,Eastern Meadowlark,0,0,0,0,0,0,0,
Appleton Farms,Sharon Stavropoulos,2025,7,4,7:19,GP8,No,1E,Eastern Meadowlark,0,0,0,0,0,0,0,
Appleton Farms,Sharon Stavropoulos,2025,7,4,7:26,GP8,No,1F,Eastern Meadowlark,0,0,0,0,0,0,0,
Appleton Farms,Sharon Stavropoulos,2025,7,13,6:22,Lamson Middle,No,1A,Bobolink,1,1,2,0,0,0,2,
Appleton Farms,Sharon Stavropoulos,2025,7,13,6:31,Lamson Middle,N,1B,Bobolink,0,0,0,0,0,0,0,
Appleton Farms,Sharon Stavropoulos,2025,7,13,6:36,Lamson South,Yes,1B,Bobolink,0,0,0,0,0,0,0,
Appleton Farms,Sharon Stavropoulos,2025,7,13,6:42,Lamson South,Yes,1C,Bobolink,0,0,0,0,0,0,0,
Appleton Farms,Sharon Stavropoulos,2025,7,13,6:51,Lamson South,Yes,1D,Bobolink,0,0,0,0,0,0,0,
Appleton Farms,Sharon Stavropoulos,2025,7,13,7:06,GP8,No,1E,Bobolink,0,0,0,0,0,0,0,
Appleton Farms,Sharon Stavropoulos,2025,7,13,7:13,GP8,No,1F,Bobolink,0,0,0,0,0,0,0,
Appleton Farms,Sharon Stavropoulos,2025,7,13,6:22,Lamson Middle,No,1A,Savannah Sparrow,0,0,0,0,0,0,0,
Appleton Farms,Sharon Stavropoulos,2025,7,13,6:31,Lamson Middle,N,1B,Savannah Sparrow,0,0,0,0,0,0,0,
Appleton Farms,Sharon Stavropoulos,2025,7,13,6:36,Lamson South,Yes,1B,Savannah Sparrow,0,0,0,0,0,0,0,
Appleton Farms,Sharon Stavropoulos,2025,7,13,6:42,Lamson South,Yes,1C,Savannah Sparrow,0,0,0,0,0,0,0,
Appleton Farms,Sharon Stavropoulos,2025,7,13,6:51,Lamson South,Yes,1D,Savannah Sparrow,0,0,0,0,0,0,0,
Appleton Farms,Sharon Stavropoulos,2025,7,13,7:06,GP8,No,1E,Savannah Sparrow,0,0,0,0,0,0,0,
Appleton Farms,Sharon Stavropoulos,2025,7,13,7:13,GP8,No,1F,Savannah Sparrow,0,0,0,0,0,0,0,
Appleton Farms,Sharon Stavropoulos,2025,7,13,6:22,Lamson Middle,No,1A,Grasshopper Sparrow,0,0,0,0,0,0,0,
Appleton Farms,Sharon Stavropoulos,2025,7,13,6:31,Lamson Middle,N,1B,Grasshopper Sparrow,0,0,0,0,0,0,0,
Appleton Farms,Sharon Stavropoulos,2025,7,13,6:36,Lamson South,Yes,1B,Grasshopper Sparrow,0,0,0,0,0,0,0,
Appleton Farms,Sharon Stavropoulos,2025,7,13,6:42,Lamson South,Yes,1C,Grasshopper Sparrow,0,0,0,0,0,0,0,
Appleton Farms,Sharon Stavropoulos,2025,7,13,6:51,Lamson South,Yes,1D,Grasshopper Sparrow,0,0,0,0,0,0,0,
Appleton Farms,Sharon Stavropoulos,2025,7,13,7:06,GP8,No,1E,Grasshopper Sparrow,0,0,0,0,0,0,0,
Appleton Farms,Sharon Stavropoulos,2025,7,13,7:13,GP8,No,1F,Grasshopper Sparrow,0,0,0,0,0,0,0,
Appleton Farms,Sharon Stavropoulos,2025,7,13,6:22,Lamson Middle,No,1A,Eastern Meadowlark,0,0,0,0,0,0,0,
Appleton Farms,Sharon Stavropoulos,2025,7,13,6:31,Lamson Middle,N,1B,Eastern Meadowlark,0,0,0,0,0,0,0,
Appleton Farms,Sharon Stavropoulos,2025,7,13,6:36,Lamson South,Yes,1B,Eastern Meadowlark,0,0,0,0,0,0,0,
Appleton Farms,Sharon Stavropoulos,2025,7,13,6:42,Lamson South,Yes,1C,Eastern Meadowlark,0,0,0,0,0,0,0,
Appleton Farms,Sharon Stavropoulos,2025,7,13,6:51,Lamson South,Yes,1D,Eastern Meadowlark,0,0,0,0,0,0,0,
Appleton Farms,Sharon Stavropoulos,2025,7,13,7:06,GP8,No,1E,Eastern Meadowlark,0,0,0,0,0,0,0,
Appleton Farms,Sharon Stavropoulos,2025,7,13,7:13,GP8,No,1F,Eastern Meadowlark,0,0,0,0,0,0,0,
Appleton Farms,Emily Goodhue,2025,7,13,9:40,Lamson Middle,No,1A,Bobolink,0,0,0,2,0,2,2,
Appleton Farms,Emily Goodhue,2025,7,13,9:11,Lamson Middle,No,1B,Bobolink,0,0,0,0,0,0,0,
Appleton Farms,Emily Goodhue,2025,7,13,9:04,Lamson South,No,1B,Bobolink,0,0,0,0,0,0,0,
Appleton Farms,Emily Goodhue,2025,7,13,8:55,Lamson South,No,1C,Bobolink,0,0,0,0,0,0,0,
Appleton Farms,Emily Goodhue,2025,7,13,8:45,Lamson South,No,1D,Bobolink,0,0,0,0,0,0,0,
Appleton Farms,Emily Goodhue,2025,7,13,9:19,GP8,No,1E,Bobolink,0,0,0,0,0,0,0,
Appleton Farms,Emily Goodhue,2025,7,13,9:27,GP8,No,1F,Bobolink,0,0,0,0,0,0,0,
Appleton Farms,Emily Goodhue,2025,7,13,9:40,Lamson Middle,No,1A,Savannah Sparrow,0,0,0,0,0,0,0,
Appleton Farms,Emily Goodhue,2025,7,13,9:11,Lamson Middle,No,1B,Savannah Sparrow,0,0,0,0,0,0,0,
Appleton Farms,Emily Goodhue,2025,7,13,9:04,Lamson South,No,1B,Savannah Sparrow,0,0,0,0,0,0,0,
Appleton Farms,Emily Goodhue,2025,7,13,8:55,Lamson South,No,1C,Savannah Sparrow,0,0,0,0,0,0,0,
Appleton Farms,Emily Goodhue,2025,7,13,8:45,Lamson South,No,1D,Savannah Sparrow,0,0,0,0,0,0,0,
Appleton Farms,Emily Goodhue,2025,7,13,9:19,GP8,No,1E,Savannah Sparrow,0,0,0,0,0,0,0,
Appleton Farms,Emily Goodhue,2025,7,13,9:27,GP8,No,1F,Savannah Sparrow,0,0,0,0,0,0,0,
Appleton Farms,Emily Goodhue,2025,7,13,9:40,Lamson Middle,No,1A,Grasshopper Sparrow,0,0,0,0,0,0,0,
Appleton Farms,Emily Goodhue,2025,7,13,9:11,Lamson Middle,No,1B,Grasshopper Sparrow,0,0,0,0,0,0,0,
Appleton Farms,Emily Goodhue,2025,7,13,9:04,Lamson South,No,1B,Grasshopper Sparrow,0,0,0,0,0,0,0,
Appleton Farms,Emily Goodhue,2025,7,13,8:55,Lamson South,No,1C,Grasshopper Sparrow,0,0,0,0,0,0,0,
Appleton Farms,Emily Goodhue,2025,7,13,8:45,Lamson South,No,1D,Grasshopper Sparrow,0,0,0,0,0,0,0,
Appleton Farms,Emily Goodhue,2025,7,13,9:19,GP8,No,1E,Grasshopper Sparrow,0,0,0,0,0,0,0,
Appleton Farms,Emily Goodhue,2025,7,13,9:27,GP8,No,1F,Grasshopper Sparrow,0,0,0,0,0,0,0,
Appleton Farms,Emily Goodhue,2025,7,13,9:40,Lamson Middle,No,1A,Eastern Meadowlark,0,0,0,0,0,0,0,
Appleton Farms,Emily Goodhue,2025,7,13,9:11,Lamson Middle,No,1B,Eastern Meadowlark,0,0,0,0,0,0,0,
Appleton Farms,Emily Goodhue,2025,7,13,9:04,Lamson South,No,1B,Eastern Meadowlark,0,0,0,0,0,0,0,
Appleton Farms,Emily Goodhue,2025,7,13,8:55,Lamson South,No,1C,Eastern Meadowlark,0,0,0,0,0,0,0,
Appleton Farms,Emily Goodhue,2025,7,13,8:45,Lamson South,No,1D,Eastern Meadowlark,0,0,0,0,0,0,0,
Appleton Farms,Emily Goodhue,2025,7,13,9:19,GP8,No,1E,Eastern Meadowlark,0,0,0,0,0,0,0,
Appleton Farms,Emily Goodhue,2025,7,13,9:27,GP8,No,1F,Eastern Meadowlark,0,0,0,0,0,0,0,
Appleton Farms,Sharon Stavropoulos,2025,5,4,6:30,Wilson's,No,2A,Bobolink,0,0,0,0,0,0,0,
Appleton Farms,Sharon Stavropoulos,2025,5,4,6:44,Drainage,No,2B,Bobolink,0,0,0,0,0,0,0,
Appleton Farms,Sharon Stavropoulos,2025,5,4,6:54,Broad Meadow,No,2C,Bobolink,0,0,0,0,0,1,1,Bird heard but not seen
Appleton Farms,Sharon Stavropoulos,2025,5,4,7:02,Broad Meadow,No,2D,Bobolink,2,0,2,0,0,0,2,
Appleton Farms,Sharon Stavropoulos,2025,5,4,7:15,Broad Meadow,No,2E,Bobolink,2,0,2,0,0,0,2,
Appleton Farms,Sharon Stavropoulos,2025,5,4,7:21,Steer Barn,No,2E,Bobolink,0,0,0,0,0,0,0,
Appleton Farms,Sharon Stavropoulos,2025,5,4,6:30,Wilson's,No,2A,Savannah Sparrow,0,0,0,0,0,1,1,Bird heard but not seen
Appleton Farms,Sharon Stavropoulos,2025,5,4,6:44,Drainage,No,2B,Savannah Sparrow,0,0,0,0,0,0,0,
Appleton Farms,Sharon Stavropoulos,2025,5,4,6:54,Broad Meadow,No,2C,Savannah Sparrow,0,0,0,0,0,0,0,
Appleton Farms,Sharon Stavropoulos,2025,5,4,7:02,Broad Meadow,No,2D,Savannah Sparrow,0,0,0,0,0,1,1,Bird heard but not seen
Appleton Farms,Sharon Stavropoulos,2025,5,4,7:15,Broad Meadow,No,2E,Savannah Sparrow,0,0,0,0,0,0,0,
Appleton Farms,Sharon Stavropoulos,2025,5,4,7:21,Steer Barn,No,2E,Savannah Sparrow,0,0,0,0,0,0,0,
Appleton Farms,Sharon Stavropoulos,2025,5,4,6:30,Wilson's,No,2A,Grasshopper Sparrow,0,0,0,0,0,0,0,
Appleton Farms,Sharon Stavropoulos,2025,5,4,6:44,Drainage,No,2B,Grasshopper Sparrow,0,0,0,0,0,0,0,
Appleton Farms,Sharon Stavropoulos,2025,5,4,6:54,Broad Meadow,No,2C,Grasshopper Sparrow,0,0,0,0,0,0,0,
Appleton Farms,Sharon Stavropoulos,2025,5,4,7:02,Broad Meadow,No,2D,Grasshopper Sparrow,0,0,0,0,0,0,0,
Appleton Farms,Sharon Stavropoulos,2025,5,4,7:15,Broad Meadow,No,2E,Grasshopper Sparrow,0,0,0,0,0,0,0,
Appleton Farms,Sharon Stavropoulos,2025,5,4,7:21,Steer Barn,No,2E,Grasshopper Sparrow,0,0,0,0,0,0,0,
Appleton Farms,Sharon Stavropoulos,2025,5,4,6:30,Wilson's,No,2A,Eastern Meadowlark,0,0,0,0,0,0,0,
Appleton Farms,Sharon Stavropoulos,2025,5,4,6:44,Drainage,No,2B,Eastern Meadowlark,0,0,0,0,0,0,0,
Appleton Farms,Sharon Stavropoulos,2025,5,4,6:54,Broad Meadow,No,2C,Eastern Meadowlark,0,0,0,0,0,0,0,
Appleton Farms,Sharon Stavropoulos,2025,5,4,7:02,Broad Meadow,No,2D,Eastern Meadowlark,0,0,0,0,0,0,0,
Appleton Farms,Sharon Stavropoulos,2025,5,4,7:15,Broad Meadow,No,2E,Eastern Meadowlark,0,0,0,0,0,1,1,Bird heard but not seen
Appleton Farms,Sharon Stavropoulos,2025,5,4,7:21,Steer Barn,No,2E,Eastern Meadowlark,0,0,0,0,0,0,0,
Appleton Farms,Sharon Stavropoulos,2025,5,11,6:28,Wilson's,No,2A,Bobolink,0,0,0,0,0,0,0,
Appleton Farms,Sharon Stavropoulos,2025,5,11,6:41,Drainage,No,2B,Bobolink,1,0,1,0,0,0,1,
Appleton Farms,Sharon Stavropoulos,2025,5,11,6:53,Broad Meadow,No,2C,Bobolink,0,0,0,0,0,1,1,Bird heard but not seen
Appleton Farms,Sharon Stavropoulos,2025,5,11,7:01,Broad Meadow,No,2D,Bobolink,4,1,5,0,0,0,5,
Appleton Farms,Sharon Stavropoulos,2025,5,11,7:13,Broad Meadow,No,2E,Bobolink,1,1,2,0,0,1,3,Bird heard but not seen
Appleton Farms,Sharon Stavropoulos,2025,5,11,7:18,Steer Barn,No,2E,Bobolink,0,0,0,0,0,1,1,Bird heard but not seen 
Appleton Farms,Sharon Stavropoulos,2025,5,11,6:28,Wilson's,No,2A,Savannah Sparrow,0,0,0,0,0,0,0,
Appleton Farms,Sharon Stavropoulos,2025,5,11,6:41,Drainage,No,2B,Savannah Sparrow,0,0,0,0,0,0,0,
Appleton Farms,Sharon Stavropoulos,2025,5,11,6:53,Broad Meadow,No,2C,Savannah Sparrow,0,0,0,0,0,0,0,
Appleton Farms,Sharon Stavropoulos,2025,5,11,7:01,Broad Meadow,No,2D,Savannah Sparrow,0,0,0,0,0,0,0,
Appleton Farms,Sharon Stavropoulos,2025,5,11,7:13,Broad Meadow,No,2E,Savannah Sparrow,0,0,0,0,0,0,0,
Appleton Farms,Sharon Stavropoulos,2025,5,11,7:18,Steer Barn,No,2E,Savannah Sparrow,0,0,0,0,0,0,0,
Appleton Farms,Sharon Stavropoulos,2025,5,11,6:28,Wilson's,No,2A,Grasshopper Sparrow,0,0,0,0,0,0,0,
Appleton Farms,Sharon Stavropoulos,2025,5,11,6:41,Drainage,No,2B,Grasshopper Sparrow,0,0,0,0,0,0,0,
Appleton Farms,Sharon Stavropoulos,2025,5,11,6:53,Broad Meadow,No,2C,Grasshopper Sparrow,0,0,0,0,0,0,0,
Appleton Farms,Sharon Stavropoulos,2025,5,11,7:01,Broad Meadow,No,2D,Grasshopper Sparrow,0,0,0,0,0,0,0,
Appleton Farms,Sharon Stavropoulos,2025,5,11,7:13,Broad Meadow,No,2E,Grasshopper Sparrow,0,0,0,0,0,0,0,
Appleton Farms,Sharon Stavropoulos,2025,5,11,7:18,Steer Barn,No,2E,Grasshopper Sparrow,0,0,0,0,0,0,0,
Appleton Farms,Sharon Stavropoulos,2025,5,11,6:28,Wilson's,No,2A,Eastern Meadowlark,0,0,0,0,0,0,0,
Appleton Farms,Sharon Stavropoulos,2025,5,11,6:41,Drainage,No,2B,Eastern Meadowlark,0,0,0,0,0,0,0,
Appleton Farms,Sharon Stavropoulos,2025,5,11,6:53,Broad Meadow,No,2C,Eastern Meadowlark,0,0,0,0,0,0,0,
Appleton Farms,Sharon Stavropoulos,2025,5,11,7:01,Broad Meadow,No,2D,Eastern Meadowlark,0,0,0,0,0,0,0,
Appleton Farms,Sharon Stavropoulos,2025,5,11,7:13,Broad Meadow,No,2E,Eastern Meadowlark,0,0,0,0,0,0,0,
Appleton Farms,Sharon Stavropoulos,2025,5,11,7:18,Steer Barn,No,2E,Eastern Meadowlark,0,0,0,0,0,0,0,
Appleton Farms,Bonnie Marsan,2025,5,11,7:55,Wilson's,No,2A,Bobolink,0,0,0,0,0,0,0,
Appleton Farms,Bonnie Marsan,2025,5,11,8:10,Drainage,No,2B,Bobolink,1,0,1,0,0,0,1,
Appleton Farms,Bonnie Marsan,2025,5,11,8:22,Broad Meadow,No,2C,Bobolink,0,0,0,0,0,0,0,
Appleton Farms,Bonnie Marsan,2025,5,11,8:30,Broad Meadow,No,2D,Bobolink,11,0,11,0,0,0,11,
Appleton Farms,Bonnie Marsan,2025,5,11,8:38,Broad Meadow,No,2E,Bobolink,0,0,0,0,0,0,0,
Appleton Farms,Bonnie Marsan,2025,5,11,8:44,Steer Barn,No,2E,Bobolink,0,0,0,0,0,0,0,
Appleton Farms,Bonnie Marsan,2025,5,11,7:55,Wilson's,No,2A,Savannah Sparrow,0,0,0,0,0,0,0,
Appleton Farms,Bonnie Marsan,2025,5,11,8:10,Drainage,No,2B,Savannah Sparrow,0,0,0,0,0,0,0,
Appleton Farms,Bonnie Marsan,2025,5,11,8:22,Broad Meadow,No,2C,Savannah Sparrow,0,0,0,0,0,0,0,
Appleton Farms,Bonnie Marsan,2025,5,11,8:30,Broad Meadow,No,2D,Savannah Sparrow,0,0,0,0,0,0,0,
Appleton Farms,Bonnie Marsan,2025,5,11,8:38,Broad Meadow,No,2E,Savannah Sparrow,0,0,0,0,0,0,0,
Appleton Farms,Bonnie Marsan,2025,5,11,8:44,Steer Barn,No,2E,Savannah Sparrow,0,0,0,0,0,0,0,
Appleton Farms,Bonnie Marsan,2025,5,11,7:55,Wilson's,No,2A,Grasshopper Sparrow,0,0,0,0,0,0,0,
Appleton Farms,Bonnie Marsan,2025,5,11,8:10,Drainage,No,2B,Grasshopper Sparrow,0,0,0,0,0,0,0,
Appleton Farms,Bonnie Marsan,2025,5,11,8:22,Broad Meadow,No,2C,Grasshopper Sparrow,0,0,0,0,0,0,0,
Appleton Farms,Bonnie Marsan,2025,5,11,8:30,Broad Meadow,No,2D,Grasshopper Sparrow,0,0,0,0,0,0,0,
Appleton Farms,Bonnie Marsan,2025,5,11,8:38,Broad Meadow,No,2E,Grasshopper Sparrow,0,0,0,0,0,0,0,
Appleton Farms,Bonnie Marsan,2025,5,11,8:44,Steer Barn,No,2E,Grasshopper Sparrow,0,0,0,0,0,0,0,
Appleton Farms,Bonnie Marsan,2025,5,11,7:55,Wilson's,No,2A,Eastern Meadowlark,0,0,0,0,0,0,0,
Appleton Farms,Bonnie Marsan,2025,5,11,8:10,Drainage,No,2B,Eastern Meadowlark,0,0,0,0,0,0,0,
Appleton Farms,Bonnie Marsan,2025,5,11,8:22,Broad Meadow,No,2C,Eastern Meadowlark,0,0,0,0,0,0,0,
Appleton Farms,Bonnie Marsan,2025,5,11,8:30,Broad Meadow,No,2D,Eastern Meadowlark,0,0,0,0,0,0,0,
Appleton Farms,Bonnie Marsan,2025,5,11,8:38,Broad Meadow,No,2E,Eastern Meadowlark,0,0,0,0,0,0,0,
Appleton Farms,Bonnie Marsan,2025,5,11,8:44,Steer Barn,No,2E,Eastern Meadowlark,0,0,0,0,0,0,0,
Appleton Farms,Emily Goodhue,2025,5,18,7:43,Wilson's,No,2A,Bobolink,0,0,0,0,0,0,0,
Appleton Farms,Emily Goodhue,2025,5,18,8:05,Drainage,No,2B,Bobolink,0,0,0,0,0,0,0,
Appleton Farms,Emily Goodhue,2025,5,18,8:26,Broad Meadow,No,2C,Bobolink,0,0,0,0,0,0,0,
Appleton Farms,Emily Goodhue,2025,5,18,8:46,Broad Meadow,No,2D,Bobolink,1,1,2,0,0,0,2,
Appleton Farms,Emily Goodhue,2025,5,18,8:33,Broad Meadow,No,2E,Bobolink,0,0,0,0,0,0,0,
Appleton Farms,Emily Goodhue,2025,5,18,NA,Steer Barn,No,2E,Bobolink,NA,NA,NA,NA,NA,NA,NA,
Appleton Farms,Emily Goodhue,2025,5,18,7:43,Wilson's,No,2A,Savannah Sparrow,0,0,0,0,0,0,0,
Appleton Farms,Emily Goodhue,2025,5,18,8:05,Drainage,No,2B,Savannah Sparrow,0,0,0,0,0,0,0,
Appleton Farms,Emily Goodhue,2025,5,18,8:26,Broad Meadow,No,2C,Savannah Sparrow,0,0,0,0,0,0,0,
Appleton Farms,Emily Goodhue,2025,5,18,8:46,Broad Meadow,No,2D,Savannah Sparrow,0,0,0,0,0,0,0,
Appleton Farms,Emily Goodhue,2025,5,18,8:33,Broad Meadow,No,2E,Savannah Sparrow,0,0,0,0,0,0,0,
Appleton Farms,Emily Goodhue,2025,5,18,NA,Steer Barn,No,2E,Savannah Sparrow,NA,NA,NA,NA,NA,NA,NA,
Appleton Farms,Emily Goodhue,2025,5,18,7:43,Wilson's,No,2A,Grasshopper Sparrow,0,0,0,0,0,0,0,
Appleton Farms,Emily Goodhue,2025,5,18,8:05,Drainage,No,2B,Grasshopper Sparrow,0,0,0,0,0,0,0,
Appleton Farms,Emily Goodhue,2025,5,18,8:26,Broad Meadow,No,2C,Grasshopper Sparrow,0,0,0,0,0,0,0,
Appleton Farms,Emily Goodhue,2025,5,18,8:46,Broad Meadow,No,2D,Grasshopper Sparrow,0,0,0,0,0,0,0,
Appleton Farms,Emily Goodhue,2025,5,18,8:33,Broad Meadow,No,2E,Grasshopper Sparrow,0,0,0,0,0,0,0,
Appleton Farms,Emily Goodhue,2025,5,18,NA,Steer Barn,No,2E,Grasshopper Sparrow,NA,NA,NA,NA,NA,NA,NA,
Appleton Farms,Emily Goodhue,2025,5,18,7:43,Wilson's,No,2A,Eastern Meadowlark,0,0,0,0,0,0,0,
Appleton Farms,Emily Goodhue,2025,5,18,8:05,Drainage,No,2B,Eastern Meadowlark,0,0,0,0,0,0,0,
Appleton Farms,Emily Goodhue,2025,5,18,8:26,Broad Meadow,No,2C,Eastern Meadowlark,0,0,0,0,0,0,0,
Appleton Farms,Emily Goodhue,2025,5,18,8:46,Broad Meadow,No,2D,Eastern Meadowlark,0,0,0,0,0,0,0,
Appleton Farms,Emily Goodhue,2025,5,18,8:33,Broad Meadow,No,2E,Eastern Meadowlark,0,0,0,0,0,0,0,
Appleton Farms,Emily Goodhue,2025,5,18,NA,Steer Barn,No,2E,Eastern Meadowlark,NA,NA,NA,NA,NA,NA,NA,
Appleton Farms,Bonnie Marsan,2025,5,18,7:56,Wilson's,No,2A,Bobolink,0,0,0,0,0,1,1,Flyovers
Appleton Farms,Bonnie Marsan,2025,5,18,9:01,Drainage,No,2B,Bobolink,0,0,0,0,0,0,0,
Appleton Farms,Bonnie Marsan,2025,5,18,9:09,Broad Meadow,No,2C,Bobolink,0,0,0,0,0,0,1,Flyovers
Appleton Farms,Bonnie Marsan,2025,5,18,9:16,Broad Meadow,No,2D,Bobolink,9,0,9,0,1,1,10,
Appleton Farms,Bonnie Marsan,2025,5,18,9:22,Broad Meadow,No,2E,Bobolink,1,0,1,1,0,1,2,
Appleton Farms,Bonnie Marsan,2025,5,18,9:28,Steer Barn,No,2E,Bobolink,0,0,0,0,0,0,0,
Appleton Farms,Bonnie Marsan,2025,5,18,7:56,Wilson's,No,2A,Savannah Sparrow,0,0,0,0,0,0,0,
Appleton Farms,Bonnie Marsan,2025,5,18,9:01,Drainage,No,2B,Savannah Sparrow,0,0,0,0,0,0,0,
Appleton Farms,Bonnie Marsan,2025,5,18,9:09,Broad Meadow,No,2C,Savannah Sparrow,0,0,0,0,0,0,0,
Appleton Farms,Bonnie Marsan,2025,5,18,9:16,Broad Meadow,No,2D,Savannah Sparrow,0,0,0,0,0,0,0,
Appleton Farms,Bonnie Marsan,2025,5,18,9:22,Broad Meadow,No,2E,Savannah Sparrow,0,0,0,0,0,0,0,
Appleton Farms,Bonnie Marsan,2025,5,18,9:28,Steer Barn,No,2E,Savannah Sparrow,0,0,0,0,0,0,0,
Appleton Farms,Bonnie Marsan,2025,5,18,7:56,Wilson's,No,2A,Grasshopper Sparrow,0,0,0,0,0,0,0,
Appleton Farms,Bonnie Marsan,2025,5,18,9:01,Drainage,No,2B,Grasshopper Sparrow,0,0,0,0,0,0,0,
Appleton Farms,Bonnie Marsan,2025,5,18,9:09,Broad Meadow,No,2C,Grasshopper Sparrow,0,0,0,0,0,0,0,
Appleton Farms,Bonnie Marsan,2025,5,18,9:16,Broad Meadow,No,2D,Grasshopper Sparrow,0,0,0,0,0,0,0,
Appleton Farms,Bonnie Marsan,2025,5,18,9:22,Broad Meadow,No,2E,Grasshopper Sparrow,0,0,0,0,0,0,0,
Appleton Farms,Bonnie Marsan,2025,5,18,9:28,Steer Barn,No,2E,Grasshopper Sparrow,0,0,0,0,0,0,0,
Appleton Farms,Bonnie Marsan,2025,5,18,7:56,Wilson's,No,2A,Eastern Meadowlark,0,0,0,0,0,0,0,
Appleton Farms,Bonnie Marsan,2025,5,18,9:01,Drainage,No,2B,Eastern Meadowlark,0,0,0,0,0,0,0,
Appleton Farms,Bonnie Marsan,2025,5,18,9:09,Broad Meadow,No,2C,Eastern Meadowlark,0,0,0,0,0,0,0,
Appleton Farms,Bonnie Marsan,2025,5,18,9:16,Broad Meadow,No,2D,Eastern Meadowlark,0,0,0,0,0,0,0,
Appleton Farms,Bonnie Marsan,2025,5,18,9:22,Broad Meadow,No,2E,Eastern Meadowlark,0,0,0,0,0,0,0,
Appleton Farms,Bonnie Marsan,2025,5,18,9:28,Steer Barn,No,2E,Eastern Meadowlark,0,0,0,0,0,0,0,
Appleton Farms,Sharon Stavropoulos,2025,5,25,6:33,Wilson's,No,2A,Bobolink,0,0,0,0,0,0,0,
Appleton Farms,Sharon Stavropoulos,2025,5,25,6:47,Drainage,No,2B,Bobolink,0,0,0,1,0,1,1,
Appleton Farms,Sharon Stavropoulos,2025,5,25,6:58,Broad Meadow,No,2C,Bobolink,0,0,0,0,0,1,1,Bird heard not seen
Appleton Farms,Sharon Stavropoulos,2025,5,25,7:05,Broad Meadow,No,2D,Bobolink,3,0,3,0,0,0,3,
Appleton Farms,Sharon Stavropoulos,2025,5,25,7:13,Broad Meadow,No,2E,Bobolink,1,0,1,0,0,0,1,
Appleton Farms,Sharon Stavropoulos,2025,5,25,7:18,Steer Barn,No,2E,Bobolink,0,0,0,0,0,1,1,Bird heard not seen
Appleton Farms,Sharon Stavropoulos,2025,5,25,6:33,Wilson's,No,2A,Savannah Sparrow,0,0,0,0,0,0,0,
Appleton Farms,Sharon Stavropoulos,2025,5,25,6:47,Drainage,No,2B,Savannah Sparrow,0,0,0,0,0,0,0,
Appleton Farms,Sharon Stavropoulos,2025,5,25,6:58,Broad Meadow,No,2C,Savannah Sparrow,0,0,0,0,0,0,0,
Appleton Farms,Sharon Stavropoulos,2025,5,25,7:05,Broad Meadow,No,2D,Savannah Sparrow,0,0,0,0,0,0,0,
Appleton Farms,Sharon Stavropoulos,2025,5,25,7:13,Broad Meadow,No,2E,Savannah Sparrow,0,0,0,0,0,0,0,
Appleton Farms,Sharon Stavropoulos,2025,5,25,7:18,Steer Barn,No,2E,Savannah Sparrow,0,0,0,0,0,0,0,
Appleton Farms,Sharon Stavropoulos,2025,5,25,6:33,Wilson's,No,2A,Grasshopper Sparrow,0,0,0,0,0,0,0,
Appleton Farms,Sharon Stavropoulos,2025,5,25,6:47,Drainage,No,2B,Grasshopper Sparrow,0,0,0,0,0,0,0,
Appleton Farms,Sharon Stavropoulos,2025,5,25,6:58,Broad Meadow,No,2C,Grasshopper Sparrow,0,0,0,0,0,0,0,
Appleton Farms,Sharon Stavropoulos,2025,5,25,7:05,Broad Meadow,No,2D,Grasshopper Sparrow,0,0,0,0,0,0,0,
Appleton Farms,Sharon Stavropoulos,2025,5,25,7:13,Broad Meadow,No,2E,Grasshopper Sparrow,0,0,0,0,0,0,0,
Appleton Farms,Sharon Stavropoulos,2025,5,25,7:18,Steer Barn,No,2E,Grasshopper Sparrow,0,0,0,0,0,0,0,
Appleton Farms,Sharon Stavropoulos,2025,5,25,6:33,Wilson's,No,2A,Eastern Meadowlark,0,0,0,0,0,0,0,
Appleton Farms,Sharon Stavropoulos,2025,5,25,6:47,Drainage,No,2B,Eastern Meadowlark,0,0,0,0,0,0,0,
Appleton Farms,Sharon Stavropoulos,2025,5,25,6:58,Broad Meadow,No,2C,Eastern Meadowlark,0,0,0,0,0,0,0,
Appleton Farms,Sharon Stavropoulos,2025,5,25,7:05,Broad Meadow,No,2D,Eastern Meadowlark,0,0,0,0,0,0,0,
Appleton Farms,Sharon Stavropoulos,2025,5,25,7:13,Broad Meadow,No,2E,Eastern Meadowlark,0,0,0,0,0,0,0,
Appleton Farms,Sharon Stavropoulos,2025,5,25,7:18,Steer Barn,No,2E,Eastern Meadowlark,0,0,0,0,0,0,0,
Appleton Farms,Bonnie Marsan,2025,5,26,9:47,Wilson's,No,2A,Bobolink,0,0,0,0,0,0,0,
Appleton Farms,Bonnie Marsan,2025,5,26,9:34,Drainage,No,2B,Bobolink,0,0,0,0,0,0,0,
Appleton Farms,Bonnie Marsan,2025,5,26,9:25,Broad Meadow,No,2C,Bobolink,0,0,0,0,0,0,0,
Appleton Farms,Bonnie Marsan,2025,5,26,9:15,Broad Meadow,No,2D,Bobolink,8,0,8,2,0,2,10,
Appleton Farms,Bonnie Marsan,2025,5,26,9:02,Broad Meadow,No,2E,Bobolink,3,0,3,1,0,1,4,
Appleton Farms,Bonnie Marsan,2025,5,26,9:08,Steer Barn,No,2E,Bobolink,0,0,0,0,0,0,0,
Appleton Farms,Bonnie Marsan,2025,5,26,9:47,Wilson's,No,2A,Savannah Sparrow,0,0,0,0,0,0,0,
Appleton Farms,Bonnie Marsan,2025,5,26,9:34,Drainage,No,2B,Savannah Sparrow,0,0,0,0,0,0,0,
Appleton Farms,Bonnie Marsan,2025,5,26,9:25,Broad Meadow,No,2C,Savannah Sparrow,0,0,0,0,0,0,0,
Appleton Farms,Bonnie Marsan,2025,5,26,9:15,Broad Meadow,No,2D,Savannah Sparrow,0,0,0,0,0,0,0,
Appleton Farms,Bonnie Marsan,2025,5,26,9:02,Broad Meadow,No,2E,Savannah Sparrow,0,0,0,0,0,0,0,
Appleton Farms,Bonnie Marsan,2025,5,26,9:08,Steer Barn,No,2E,Savannah Sparrow,0,0,0,0,0,0,0,
Appleton Farms,Bonnie Marsan,2025,5,26,9:47,Wilson's,No,2A,Grasshopper Sparrow,0,0,0,0,0,0,0,
Appleton Farms,Bonnie Marsan,2025,5,26,9:34,Drainage,No,2B,Grasshopper Sparrow,0,0,0,0,0,0,0,
Appleton Farms,Bonnie Marsan,2025,5,26,9:25,Broad Meadow,No,2C,Grasshopper Sparrow,0,0,0,0,0,0,0,
Appleton Farms,Bonnie Marsan,2025,5,26,9:15,Broad Meadow,No,2D,Grasshopper Sparrow,0,0,0,0,0,0,0,
Appleton Farms,Bonnie Marsan,2025,5,26,9:02,Broad Meadow,No,2E,Grasshopper Sparrow,0,0,0,0,0,0,0,
Appleton Farms,Bonnie Marsan,2025,5,26,9:08,Steer Barn,No,2E,Grasshopper Sparrow,0,0,0,0,0,0,0,
Appleton Farms,Bonnie Marsan,2025,5,26,9:47,Wilson's,No,2A,Eastern Meadowlark,0,0,0,0,0,0,0,
Appleton Farms,Bonnie Marsan,2025,5,26,9:34,Drainage,No,2B,Eastern Meadowlark,0,0,0,0,0,0,0,
Appleton Farms,Bonnie Marsan,2025,5,26,9:25,Broad Meadow,No,2C,Eastern Meadowlark,0,0,0,0,0,0,0,
Appleton Farms,Bonnie Marsan,2025,5,26,9:15,Broad Meadow,No,2D,Eastern Meadowlark,0,0,0,0,0,0,0,
Appleton Farms,Bonnie Marsan,2025,5,26,9:02,Broad Meadow,No,2E,Eastern Meadowlark,0,0,0,0,0,0,0,
Appleton Farms,Bonnie Marsan,2025,5,26,9:08,Steer Barn,No,2E,Eastern Meadowlark,0,0,0,0,0,0,0,
Appleton Farms,Sharon Stavropoulos,2025,5,30,6:29,Wilson's,No,2A,Bobolink,1,0,1,0,0,0,1,
Appleton Farms,Sharon Stavropoulos,2025,5,30,6:43,Drainage,No,2B,Bobolink,0,0,0,0,0,0,0,
Appleton Farms,Sharon Stavropoulos,2025,5,30,6:53,Broad Meadow,No,2C,Bobolink,0,0,0,0,0,1,1,Bird heard not seen
Appleton Farms,Sharon Stavropoulos,2025,5,30,7:00,Broad Meadow,No,2D,Bobolink,3,2,5,0,0,0,5,
Appleton Farms,Sharon Stavropoulos,2025,5,30,7:08,Broad Meadow,No,2E,Bobolink,1,0,1,0,0,0,1,
Appleton Farms,Sharon Stavropoulos,2025,5,30,7:13,Steer Barn,No,2E,Bobolink,0,0,0,0,0,1,1,Bird heard not seen
Appleton Farms,Sharon Stavropoulos,2025,5,30,6:29,Wilson's,No,2A,Savannah Sparrow,0,0,0,0,0,0,0,
Appleton Farms,Sharon Stavropoulos,2025,5,30,6:43,Drainage,No,2B,Savannah Sparrow,0,0,0,0,0,0,0,
Appleton Farms,Sharon Stavropoulos,2025,5,30,6:53,Broad Meadow,No,2C,Savannah Sparrow,0,0,0,0,0,0,0,
Appleton Farms,Sharon Stavropoulos,2025,5,30,7:00,Broad Meadow,No,2D,Savannah Sparrow,0,0,0,0,0,0,0,
Appleton Farms,Sharon Stavropoulos,2025,5,30,7:08,Broad Meadow,No,2E,Savannah Sparrow,0,0,0,0,0,0,0,
Appleton Farms,Sharon Stavropoulos,2025,5,30,7:13,Steer Barn,No,2E,Savannah Sparrow,0,0,0,0,0,0,0,
Appleton Farms,Sharon Stavropoulos,2025,5,30,6:29,Wilson's,No,2A,Grasshopper Sparrow,0,0,0,0,0,0,0,
Appleton Farms,Sharon Stavropoulos,2025,5,30,6:43,Drainage,No,2B,Grasshopper Sparrow,0,0,0,0,0,0,0,
Appleton Farms,Sharon Stavropoulos,2025,5,30,6:53,Broad Meadow,No,2C,Grasshopper Sparrow,0,0,0,0,0,0,0,
Appleton Farms,Sharon Stavropoulos,2025,5,30,7:00,Broad Meadow,No,2D,Grasshopper Sparrow,0,0,0,0,0,0,0,
Appleton Farms,Sharon Stavropoulos,2025,5,30,7:08,Broad Meadow,No,2E,Grasshopper Sparrow,0,0,0,0,0,0,0,
Appleton Farms,Sharon Stavropoulos,2025,5,30,7:13,Steer Barn,No,2E,Grasshopper Sparrow,0,0,0,0,0,0,0,
Appleton Farms,Sharon Stavropoulos,2025,5,30,6:29,Wilson's,No,2A,Eastern Meadowlark,0,0,0,0,0,0,0,
Appleton Farms,Sharon Stavropoulos,2025,5,30,6:43,Drainage,No,2B,Eastern Meadowlark,0,0,0,0,0,0,0,
Appleton Farms,Sharon Stavropoulos,2025,5,30,6:53,Broad Meadow,No,2C,Eastern Meadowlark,0,0,0,0,0,0,0,
Appleton Farms,Sharon Stavropoulos,2025,5,30,7:00,Broad Meadow,No,2D,Eastern Meadowlark,0,0,0,0,0,0,0,
Appleton Farms,Sharon Stavropoulos,2025,5,30,7:08,Broad Meadow,No,2E,Eastern Meadowlark,0,0,0,0,0,0,0,
Appleton Farms,Sharon Stavropoulos,2025,5,30,7:13,Steer Barn,No,2E,Eastern Meadowlark,0,0,0,0,0,0,0,
Appleton Farms,Sharon Stavropoulos,2025,6,7,6:28,Wilson's,No,2A,Bobolink,0,0,0,1,0,1,1,Flyover
Appleton Farms,Sharon Stavropoulos,2025,6,7,6:47,Drainage,No,2B,Bobolink,1,0,1,0,0,0,1,
Appleton Farms,Sharon Stavropoulos,2025,6,7,6:57,Broad Meadow,No,2C,Bobolink,0,0,0,2,0,2,2,
Appleton Farms,Sharon Stavropoulos,2025,6,7,7:04,Broad Meadow,No,2D,Bobolink,4,0,4,0,0,0,4,
Appleton Farms,Sharon Stavropoulos,2025,6,7,7:12,Broad Meadow,No,2E,Bobolink,1,0,1,0,0,0,1,
Appleton Farms,Sharon Stavropoulos,2025,6,7,7:17,Steer Barn,No,2E,Bobolink,0,0,0,0,0,0,0,
Appleton Farms,Sharon Stavropoulos,2025,6,7,6:28,Wilson's,No,2A,Savannah Sparrow,0,0,0,0,0,0,0,
Appleton Farms,Sharon Stavropoulos,2025,6,7,6:47,Drainage,No,2B,Savannah Sparrow,0,0,0,0,0,0,0,
Appleton Farms,Sharon Stavropoulos,2025,6,7,6:57,Broad Meadow,No,2C,Savannah Sparrow,0,0,0,0,0,0,0,
Appleton Farms,Sharon Stavropoulos,2025,6,7,7:04,Broad Meadow,No,2D,Savannah Sparrow,0,0,0,0,0,0,0,
Appleton Farms,Sharon Stavropoulos,2025,6,7,7:12,Broad Meadow,No,2E,Savannah Sparrow,0,0,0,0,0,0,0,
Appleton Farms,Sharon Stavropoulos,2025,6,7,7:17,Steer Barn,No,2E,Savannah Sparrow,0,0,0,0,0,0,0,
Appleton Farms,Sharon Stavropoulos,2025,6,7,6:28,Wilson's,No,2A,Grasshopper Sparrow,0,0,0,0,0,0,0,
Appleton Farms,Sharon Stavropoulos,2025,6,7,6:47,Drainage,No,2B,Grasshopper Sparrow,0,0,0,0,0,0,0,
Appleton Farms,Sharon Stavropoulos,2025,6,7,6:57,Broad Meadow,No,2C,Grasshopper Sparrow,0,0,0,0,0,0,0,
Appleton Farms,Sharon Stavropoulos,2025,6,7,7:04,Broad Meadow,No,2D,Grasshopper Sparrow,0,0,0,0,0,0,0,
Appleton Farms,Sharon Stavropoulos,2025,6,7,7:12,Broad Meadow,No,2E,Grasshopper Sparrow,0,0,0,0,0,0,0,
Appleton Farms,Sharon Stavropoulos,2025,6,7,7:17,Steer Barn,No,2E,Grasshopper Sparrow,0,0,0,0,0,0,0,
Appleton Farms,Sharon Stavropoulos,2025,6,7,6:28,Wilson's,No,2A,Eastern Meadowlark,0,0,0,0,0,0,0,
Appleton Farms,Sharon Stavropoulos,2025,6,7,6:47,Drainage,No,2B,Eastern Meadowlark,0,0,0,0,0,0,0,
Appleton Farms,Sharon Stavropoulos,2025,6,7,6:57,Broad Meadow,No,2C,Eastern Meadowlark,0,0,0,0,0,0,0,
Appleton Farms,Sharon Stavropoulos,2025,6,7,7:04,Broad Meadow,No,2D,Eastern Meadowlark,0,0,0,0,0,0,0,
Appleton Farms,Sharon Stavropoulos,2025,6,7,7:12,Broad Meadow,No,2E,Eastern Meadowlark,0,0,0,0,0,0,0,
Appleton Farms,Sharon Stavropoulos,2025,6,7,7:17,Steer Barn,No,2E,Eastern Meadowlark,0,0,0,0,0,0,0,
Appleton Farms,Bonnie Marsan,2025,6,13,8:50,Wilson's,No,2A,Bobolink,0,0,0,0,0,0,0,
Appleton Farms,Bonnie Marsan,2025,6,13,9:09,Drainage,No,2B,Bobolink,0,0,0,0,0,0,0,
Appleton Farms,Bonnie Marsan,2025,6,13,9:21,Broad Meadow,No,2C,Bobolink,10,0,10,0,2,2,12,
Appleton Farms,Bonnie Marsan,2025,6,13,9:29,Broad Meadow,No,2D,Bobolink,1,0,1,0,0,0,1,
Appleton Farms,Bonnie Marsan,2025,6,13,9:39,Broad Meadow,No,2E,Bobolink,0,0,0,0,0,0,0,
Appleton Farms,Bonnie Marsan,2025,6,13,9:45,Steer Barn,No,2E,Bobolink,0,0,0,0,0,0,0,
Appleton Farms,Bonnie Marsan,2025,6,13,8:50,Wilson's,No,2A,Savannah Sparrow,0,0,0,0,0,0,0,
Appleton Farms,Bonnie Marsan,2025,6,13,9:09,Drainage,No,2B,Savannah Sparrow,0,0,0,0,0,0,0,
Appleton Farms,Bonnie Marsan,2025,6,13,9:21,Broad Meadow,No,2C,Savannah Sparrow,0,0,0,0,0,0,0,
Appleton Farms,Bonnie Marsan,2025,6,13,9:29,Broad Meadow,No,2D,Savannah Sparrow,0,0,0,0,0,0,0,
Appleton Farms,Bonnie Marsan,2025,6,13,9:39,Broad Meadow,No,2E,Savannah Sparrow,0,0,0,0,0,0,0,
Appleton Farms,Bonnie Marsan,2025,6,13,9:45,Steer Barn,No,2E,Savannah Sparrow,0,0,0,0,0,0,0,
Appleton Farms,Bonnie Marsan,2025,6,13,8:50,Wilson's,No,2A,Grasshopper Sparrow,0,0,0,0,0,0,0,
Appleton Farms,Bonnie Marsan,2025,6,13,9:09,Drainage,No,2B,Grasshopper Sparrow,0,0,0,0,0,0,0,
Appleton Farms,Bonnie Marsan,2025,6,13,9:21,Broad Meadow,No,2C,Grasshopper Sparrow,0,0,0,0,0,0,0,
Appleton Farms,Bonnie Marsan,2025,6,13,9:29,Broad Meadow,No,2D,Grasshopper Sparrow,0,0,0,0,0,0,0,
Appleton Farms,Bonnie Marsan,2025,6,13,9:39,Broad Meadow,No,2E,Grasshopper Sparrow,0,0,0,0,0,0,0,
Appleton Farms,Bonnie Marsan,2025,6,13,9:45,Steer Barn,No,2E,Grasshopper Sparrow,0,0,0,0,0,0,0,
Appleton Farms,Bonnie Marsan,2025,6,13,8:50,Wilson's,No,2A,Eastern Meadowlark,0,0,0,0,0,0,0,
Appleton Farms,Bonnie Marsan,2025,6,13,9:09,Drainage,No,2B,Eastern Meadowlark,0,0,0,0,0,0,0,
Appleton Farms,Bonnie Marsan,2025,6,13,9:21,Broad Meadow,No,2C,Eastern Meadowlark,0,0,0,0,0,0,0,
Appleton Farms,Bonnie Marsan,2025,6,13,9:29,Broad Meadow,No,2D,Eastern Meadowlark,0,0,0,0,0,0,0,
Appleton Farms,Bonnie Marsan,2025,6,13,9:39,Broad Meadow,No,2E,Eastern Meadowlark,0,0,0,0,0,0,0,
Appleton Farms,Bonnie Marsan,2025,6,13,9:45,Steer Barn,No,2E,Eastern Meadowlark,0,0,0,0,0,0,0,
Appleton Farms,Bonnie Marsan,2025,6,1,9:50,Wilson's,No,2A,Bobolink,0,0,0,0,0,0,0,
Appleton Farms,Bonnie Marsan,2025,6,1,9:39,Drainage,No,2B,Bobolink,0,0,0,1,0,1,1,
Appleton Farms,Bonnie Marsan,2025,6,1,9:29,Broad Meadow,No,2C,Bobolink,8,0,8,0,0,0,8,
Appleton Farms,Bonnie Marsan,2025,6,1,9:22,Broad Meadow,No,2D,Bobolink,0,0,0,0,0,0,0,
Appleton Farms,Bonnie Marsan,2025,6,1,9:15,Broad Meadow,No,2E,Bobolink,1,0,1,0,0,0,1,
Appleton Farms,Bonnie Marsan,2025,6,1,9:09,Steer Barn,No,2E,Bobolink,0,0,0,0,0,0,0,
Appleton Farms,Bonnie Marsan,2025,6,1,9:50,Wilson's,No,2A,Savannah Sparrow,0,0,0,0,0,0,0,
Appleton Farms,Bonnie Marsan,2025,6,1,9:39,Drainage,No,2B,Savannah Sparrow,0,0,0,0,0,0,0,
Appleton Farms,Bonnie Marsan,2025,6,1,9:29,Broad Meadow,No,2C,Savannah Sparrow,0,0,0,0,0,0,0,
Appleton Farms,Bonnie Marsan,2025,6,1,9:22,Broad Meadow,No,2D,Savannah Sparrow,0,0,0,0,0,0,0,
Appleton Farms,Bonnie Marsan,2025,6,1,9:15,Broad Meadow,No,2E,Savannah Sparrow,0,0,0,0,0,0,0,
Appleton Farms,Bonnie Marsan,2025,6,1,9:09,Steer Barn,No,2E,Savannah Sparrow,0,0,0,0,0,0,0,
Appleton Farms,Bonnie Marsan,2025,6,1,9:50,Wilson's,No,2A,Grasshopper Sparrow,0,0,0,0,0,0,0,
Appleton Farms,Bonnie Marsan,2025,6,1,9:39,Drainage,No,2B,Grasshopper Sparrow,0,0,0,0,0,0,0,
Appleton Farms,Bonnie Marsan,2025,6,1,9:29,Broad Meadow,No,2C,Grasshopper Sparrow,0,0,0,0,0,0,0,
Appleton Farms,Bonnie Marsan,2025,6,1,9:22,Broad Meadow,No,2D,Grasshopper Sparrow,0,0,0,0,0,0,0,
Appleton Farms,Bonnie Marsan,2025,6,1,9:15,Broad Meadow,No,2E,Grasshopper Sparrow,0,0,0,0,0,0,0,
Appleton Farms,Bonnie Marsan,2025,6,1,9:09,Steer Barn,No,2E,Grasshopper Sparrow,0,0,0,0,0,0,0,
Appleton Farms,Bonnie Marsan,2025,6,1,9:50,Wilson's,No,2A,Eastern Meadowlark,0,0,0,0,0,0,0,
Appleton Farms,Bonnie Marsan,2025,6,1,9:39,Drainage,No,2B,Eastern Meadowlark,0,0,0,0,0,0,0,
Appleton Farms,Bonnie Marsan,2025,6,1,9:29,Broad Meadow,No,2C,Eastern Meadowlark,0,0,0,0,0,0,0,
Appleton Farms,Bonnie Marsan,2025,6,1,9:22,Broad Meadow,No,2D,Eastern Meadowlark,0,0,0,0,0,0,0,
Appleton Farms,Bonnie Marsan,2025,6,1,9:15,Broad Meadow,No,2E,Eastern Meadowlark,0,0,0,0,0,0,0,
Appleton Farms,Bonnie Marsan,2025,6,1,9:09,Steer Barn,No,2E,Eastern Meadowlark,0,0,0,0,0,0,0,
Appleton Farms,Sharon Stavropoulos,2025,6,21,6:22,Wilson's,Yes,2A,Bobolink,0,0,0,0,0,0,0,
Appleton Farms,Sharon Stavropoulos,2025,6,21,6:35,Drainage,Yes,2B,Bobolink,0,0,0,0,0,0,0,
Appleton Farms,Sharon Stavropoulos,2025,6,21,6:45,Broad Meadow,No,2C,Bobolink,0,0,0,0,0,0,0,
Appleton Farms,Sharon Stavropoulos,2025,6,21,6:53,Broad Meadow,No,2D,Bobolink,4,2,6,0,0,0,6,
Appleton Farms,Sharon Stavropoulos,2025,6,21,7:02,Broad Meadow,No,2E,Bobolink,0,0,0,0,0,0,0,
Appleton Farms,Sharon Stavropoulos,2025,6,21,7:07,Steer Barn,No,2E,Bobolink,0,0,0,0,0,0,0,
Appleton Farms,Sharon Stavropoulos,2025,6,21,6:22,Wilson's,Yes,2A,Savannah Sparrow,0,0,0,0,0,0,0,
Appleton Farms,Sharon Stavropoulos,2025,6,21,6:35,Drainage,Yes,2B,Savannah Sparrow,0,0,0,0,0,0,0,
Appleton Farms,Sharon Stavropoulos,2025,6,21,6:45,Broad Meadow,No,2C,Savannah Sparrow,0,0,0,0,0,0,0,
Appleton Farms,Sharon Stavropoulos,2025,6,21,6:53,Broad Meadow,No,2D,Savannah Sparrow,0,0,0,0,0,0,0,
Appleton Farms,Sharon Stavropoulos,2025,6,21,7:02,Broad Meadow,No,2E,Savannah Sparrow,0,0,0,0,0,0,0,
Appleton Farms,Sharon Stavropoulos,2025,6,21,7:07,Steer Barn,No,2E,Savannah Sparrow,0,0,0,0,0,0,0,
Appleton Farms,Sharon Stavropoulos,2025,6,21,6:22,Wilson's,Yes,2A,Grasshopper Sparrow,0,0,0,0,0,0,0,
Appleton Farms,Sharon Stavropoulos,2025,6,21,6:35,Drainage,Yes,2B,Grasshopper Sparrow,0,0,0,0,0,0,0,
Appleton Farms,Sharon Stavropoulos,2025,6,21,6:45,Broad Meadow,No,2C,Grasshopper Sparrow,0,0,0,0,0,0,0,
Appleton Farms,Sharon Stavropoulos,2025,6,21,6:53,Broad Meadow,No,2D,Grasshopper Sparrow,0,0,0,0,0,0,0,
Appleton Farms,Sharon Stavropoulos,2025,6,21,7:02,Broad Meadow,No,2E,Grasshopper Sparrow,0,0,0,0,0,0,0,
Appleton Farms,Sharon Stavropoulos,2025,6,21,7:07,Steer Barn,No,2E,Grasshopper Sparrow,0,0,0,0,0,0,0,
Appleton Farms,Sharon Stavropoulos,2025,6,21,6:22,Wilson's,Yes,2A,Eastern Meadowlark,0,0,0,0,0,0,0,
Appleton Farms,Sharon Stavropoulos,2025,6,21,6:35,Drainage,Yes,2B,Eastern Meadowlark,0,0,0,0,0,0,0,
Appleton Farms,Sharon Stavropoulos,2025,6,21,6:45,Broad Meadow,No,2C,Eastern Meadowlark,0,0,0,0,0,0,0,
Appleton Farms,Sharon Stavropoulos,2025,6,21,6:53,Broad Meadow,No,2D,Eastern Meadowlark,0,0,0,0,0,0,0,
Appleton Farms,Sharon Stavropoulos,2025,6,21,7:02,Broad Meadow,No,2E,Eastern Meadowlark,0,0,0,0,0,0,0,
Appleton Farms,Sharon Stavropoulos,2025,6,21,7:07,Steer Barn,No,2E,Eastern Meadowlark,0,0,0,0,0,0,0,
Appleton Farms,Sharon Stavropoulos,2025,6,27,6:34,Wilson's,Yes,2A,Bobolink,0,0,0,0,0,0,0,
Appleton Farms,Sharon Stavropoulos,2025,6,27,6:45,Drainage,Yes,2B,Bobolink,0,0,0,0,0,0,0,
Appleton Farms,Sharon Stavropoulos,2025,6,27,6:56,Broad Meadow,No,2C,Bobolink,0,0,0,5,2,7,7,
Appleton Farms,Sharon Stavropoulos,2025,6,27,7:04,Broad Meadow,No,2D,Bobolink,2,1,3,0,0,0,3,
Appleton Farms,Sharon Stavropoulos,2025,6,27,7:13,Broad Meadow,No,2E,Bobolink,0,0,1,0,0,0,1,Bird heard not seen
Appleton Farms,Sharon Stavropoulos,2025,6,27,7:18,Steer Barn,No,2E,Bobolink,0,0,0,0,0,0,0,
Appleton Farms,Sharon Stavropoulos,2025,6,27,6:34,Wilson's,Yes,2A,Savannah Sparrow,0,0,0,0,0,0,0,
Appleton Farms,Sharon Stavropoulos,2025,6,27,6:45,Drainage,Yes,2B,Savannah Sparrow,0,0,0,0,0,0,0,
Appleton Farms,Sharon Stavropoulos,2025,6,27,6:56,Broad Meadow,No,2C,Savannah Sparrow,0,0,0,0,0,1,1,Bird heard not seen
Appleton Farms,Sharon Stavropoulos,2025,6,27,7:04,Broad Meadow,No,2D,Savannah Sparrow,0,0,0,0,0,0,0,
Appleton Farms,Sharon Stavropoulos,2025,6,27,7:13,Broad Meadow,No,2E,Savannah Sparrow,0,0,0,0,0,0,0,
Appleton Farms,Sharon Stavropoulos,2025,6,27,7:18,Steer Barn,No,2E,Savannah Sparrow,0,0,0,0,0,0,0,
Appleton Farms,Sharon Stavropoulos,2025,6,27,6:34,Wilson's,Yes,2A,Grasshopper Sparrow,0,0,0,0,0,0,0,
Appleton Farms,Sharon Stavropoulos,2025,6,27,6:45,Drainage,Yes,2B,Grasshopper Sparrow,0,0,0,0,0,0,0,
Appleton Farms,Sharon Stavropoulos,2025,6,27,6:56,Broad Meadow,No,2C,Grasshopper Sparrow,0,0,0,0,0,0,0,
Appleton Farms,Sharon Stavropoulos,2025,6,27,7:04,Broad Meadow,No,2D,Grasshopper Sparrow,0,0,0,0,0,0,0,
Appleton Farms,Sharon Stavropoulos,2025,6,27,7:13,Broad Meadow,No,2E,Grasshopper Sparrow,0,0,0,0,0,0,0,
Appleton Farms,Sharon Stavropoulos,2025,6,27,7:18,Steer Barn,No,2E,Grasshopper Sparrow,0,0,0,0,0,0,0,
Appleton Farms,Sharon Stavropoulos,2025,6,27,6:34,Wilson's,Yes,2A,Eastern Meadowlark,0,0,0,0,0,0,0,
Appleton Farms,Sharon Stavropoulos,2025,6,27,6:45,Drainage,Yes,2B,Eastern Meadowlark,0,0,0,0,0,0,0,
Appleton Farms,Sharon Stavropoulos,2025,6,27,6:56,Broad Meadow,No,2C,Eastern Meadowlark,0,0,0,0,0,0,0,
Appleton Farms,Sharon Stavropoulos,2025,6,27,7:04,Broad Meadow,No,2D,Eastern Meadowlark,0,0,0,0,0,0,0,
Appleton Farms,Sharon Stavropoulos,2025,6,27,7:13,Broad Meadow,No,2E,Eastern Meadowlark,0,0,0,0,0,0,0,
Appleton Farms,Sharon Stavropoulos,2025,6,27,7:18,Steer Barn,No,2E,Eastern Meadowlark,0,0,0,0,0,0,0,
Appleton Farms,Bonnie Marsan,2025,6,27,8:15,Wilson's,Yes,2A,Bobolink,0,0,0,0,0,0,0,
Appleton Farms,Bonnie Marsan,2025,6,27,8:29,Drainage,Yes,2B,Bobolink,0,0,0,0,0,0,0,
Appleton Farms,Bonnie Marsan,2025,6,27,8:37,Broad Meadow,No,2C,Bobolink,2,2,4,1,0,1,5,
Appleton Farms,Bonnie Marsan,2025,6,27,8:44,Broad Meadow,No,2D,Bobolink,18,5,23,0,0,0,23,
Appleton Farms,Bonnie Marsan,2025,6,27,8:52,Broad Meadow,No,2E,Bobolink,1,0,1,0,0,0,1,
Appleton Farms,Bonnie Marsan,2025,6,27,8:58,Steer Barn,No,2E,Bobolink,0,0,0,0,0,0,0,
Appleton Farms,Bonnie Marsan,2025,6,27,8:15,Wilson's,Yes,2A,Savannah Sparrow,0,0,0,0,0,0,0,
Appleton Farms,Bonnie Marsan,2025,6,27,8:29,Drainage,Yes,2B,Savannah Sparrow,0,0,0,0,0,0,0,
Appleton Farms,Bonnie Marsan,2025,6,27,8:37,Broad Meadow,No,2C,Savannah Sparrow,0,0,0,0,0,0,0,
Appleton Farms,Bonnie Marsan,2025,6,27,8:44,Broad Meadow,No,2D,Savannah Sparrow,0,0,0,0,0,0,0,
Appleton Farms,Bonnie Marsan,2025,6,27,8:52,Broad Meadow,No,2E,Savannah Sparrow,0,0,0,0,0,0,0,
Appleton Farms,Bonnie Marsan,2025,6,27,8:58,Steer Barn,No,2E,Savannah Sparrow,0,0,0,0,0,0,0,
Appleton Farms,Bonnie Marsan,2025,6,27,8:15,Wilson's,Yes,2A,Grasshopper Sparrow,0,0,0,0,0,0,0,
Appleton Farms,Bonnie Marsan,2025,6,27,8:29,Drainage,Yes,2B,Grasshopper Sparrow,0,0,0,0,0,0,0,
Appleton Farms,Bonnie Marsan,2025,6,27,8:37,Broad Meadow,No,2C,Grasshopper Sparrow,0,0,0,0,0,0,0,
Appleton Farms,Bonnie Marsan,2025,6,27,8:44,Broad Meadow,No,2D,Grasshopper Sparrow,0,0,0,0,0,0,0,
Appleton Farms,Bonnie Marsan,2025,6,27,8:52,Broad Meadow,No,2E,Grasshopper Sparrow,0,0,0,0,0,0,0,
Appleton Farms,Bonnie Marsan,2025,6,27,8:58,Steer Barn,No,2E,Grasshopper Sparrow,0,0,0,0,0,0,0,
Appleton Farms,Bonnie Marsan,2025,6,27,8:15,Wilson's,Yes,2A,Eastern Meadowlark,0,0,0,0,0,0,0,
Appleton Farms,Bonnie Marsan,2025,6,27,8:29,Drainage,Yes,2B,Eastern Meadowlark,0,0,0,0,0,0,0,
Appleton Farms,Bonnie Marsan,2025,6,27,8:37,Broad Meadow,No,2C,Eastern Meadowlark,0,0,0,0,0,0,0,
Appleton Farms,Bonnie Marsan,2025,6,27,8:44,Broad Meadow,No,2D,Eastern Meadowlark,0,0,0,0,0,0,0,
Appleton Farms,Bonnie Marsan,2025,6,27,8:52,Broad Meadow,No,2E,Eastern Meadowlark,0,0,0,0,0,0,0,
Appleton Farms,Bonnie Marsan,2025,6,27,8:58,Steer Barn,No,2E,Eastern Meadowlark,0,0,0,0,0,0,0,
Appleton Farms,Sharon Stavropoulos,2025,7,7,6:32,Wilson's,Yes,2A,Bobolink,0,0,0,0,0,0,0,
Appleton Farms,Sharon Stavropoulos,2025,7,7,6:44,Drainage,No,2B,Bobolink,0,0,0,0,0,0,0,
Appleton Farms,Sharon Stavropoulos,2025,7,7,6:53,Broad Meadow,No,2C,Bobolink,0,0,0,2,1,3,3,
Appleton Farms,Sharon Stavropoulos,2025,7,7,7:00,Broad Meadow,No,2D,Bobolink,0,0,0,4,2,6,6,
Appleton Farms,Sharon Stavropoulos,2025,7,7,7:07,Broad Meadow,No,2E,Bobolink,0,0,0,0,0,0,0,
Appleton Farms,Sharon Stavropoulos,2025,7,7,7:12,Steer Barn,No,2E,Bobolink,0,0,0,0,0,0,0,
Appleton Farms,Sharon Stavropoulos,2025,7,7,6:32,Wilson's,Yes,2A,Savannah Sparrow,0,0,0,0,0,0,0,
Appleton Farms,Sharon Stavropoulos,2025,7,7,6:44,Drainage,No,2B,Savannah Sparrow,0,0,0,0,0,0,0,
Appleton Farms,Sharon Stavropoulos,2025,7,7,6:53,Broad Meadow,No,2C,Savannah Sparrow,0,0,0,0,0,0,0,
Appleton Farms,Sharon Stavropoulos,2025,7,7,7:00,Broad Meadow,No,2D,Savannah Sparrow,0,0,0,0,0,0,0,
Appleton Farms,Sharon Stavropoulos,2025,7,7,7:07,Broad Meadow,No,2E,Savannah Sparrow,0,0,0,0,0,0,0,
Appleton Farms,Sharon Stavropoulos,2025,7,7,7:12,Steer Barn,No,2E,Savannah Sparrow,0,0,0,0,0,0,0,
Appleton Farms,Sharon Stavropoulos,2025,7,7,6:32,Wilson's,Yes,2A,Grasshopper Sparrow,0,0,0,0,0,0,0,
Appleton Farms,Sharon Stavropoulos,2025,7,7,6:44,Drainage,No,2B,Grasshopper Sparrow,0,0,0,0,0,0,0,
Appleton Farms,Sharon Stavropoulos,2025,7,7,6:53,Broad Meadow,No,2C,Grasshopper Sparrow,0,0,0,0,0,0,0,
Appleton Farms,Sharon Stavropoulos,2025,7,7,7:00,Broad Meadow,No,2D,Grasshopper Sparrow,0,0,0,0,0,0,0,
Appleton Farms,Sharon Stavropoulos,2025,7,7,7:07,Broad Meadow,No,2E,Grasshopper Sparrow,0,0,0,0,0,0,0,
Appleton Farms,Sharon Stavropoulos,2025,7,7,7:12,Steer Barn,No,2E,Grasshopper Sparrow,0,0,0,0,0,0,0,
Appleton Farms,Sharon Stavropoulos,2025,7,7,6:32,Wilson's,Yes,2A,Eastern Meadowlark,0,0,0,0,0,0,0,
Appleton Farms,Sharon Stavropoulos,2025,7,7,6:44,Drainage,No,2B,Eastern Meadowlark,0,0,0,0,0,0,0,
Appleton Farms,Sharon Stavropoulos,2025,7,7,6:53,Broad Meadow,No,2C,Eastern Meadowlark,0,0,0,0,0,0,0,
Appleton Farms,Sharon Stavropoulos,2025,7,7,7:00,Broad Meadow,No,2D,Eastern Meadowlark,0,0,0,0,0,0,0,
Appleton Farms,Sharon Stavropoulos,2025,7,7,7:07,Broad Meadow,No,2E,Eastern Meadowlark,0,0,0,0,0,0,0,
Appleton Farms,Sharon Stavropoulos,2025,7,7,7:12,Steer Barn,No,2E,Eastern Meadowlark,0,0,0,0,0,0,0,
Appleton Farms,Bonnie Marsan,2025,7,4,9:23,Wilson's,Yes,2A,Bobolink,0,0,0,0,0,0,0,
Appleton Farms,Bonnie Marsan,2025,7,4,9:34,Drainage,No,2B,Bobolink,0,0,0,0,0,0,0,
Appleton Farms,Bonnie Marsan,2025,7,4,10:10,Broad Meadow,No,2C,Bobolink,0,0,0,0,0,0,0,
Appleton Farms,Bonnie Marsan,2025,7,4,9:40,Broad Meadow,No,2D,Bobolink,12,6,18,0,0,0,18,
Appleton Farms,Bonnie Marsan,2025,7,4,9:50,Broad Meadow,No,2E,Bobolink,0,0,0,0,0,0,0,
Appleton Farms,Bonnie Marsan,2025,7,4,9:56,Steer Barn,No,2E,Bobolink,0,0,0,0,0,0,0,
Appleton Farms,Bonnie Marsan,2025,7,4,9:23,Wilson's,Yes,2A,Savannah Sparrow,0,0,0,0,0,0,0,
Appleton Farms,Bonnie Marsan,2025,7,4,9:34,Drainage,No,2B,Savannah Sparrow,0,0,0,0,0,0,0,
Appleton Farms,Bonnie Marsan,2025,7,4,10:10,Broad Meadow,No,2C,Savannah Sparrow,0,0,0,0,0,0,0,
Appleton Farms,Bonnie Marsan,2025,7,4,9:40,Broad Meadow,No,2D,Savannah Sparrow,0,0,0,0,0,0,0,
Appleton Farms,Bonnie Marsan,2025,7,4,9:50,Broad Meadow,No,2E,Savannah Sparrow,0,0,0,0,0,0,0,
Appleton Farms,Bonnie Marsan,2025,7,4,9:56,Steer Barn,No,2E,Savannah Sparrow,0,0,0,0,0,0,0,
Appleton Farms,Bonnie Marsan,2025,7,4,9:23,Wilson's,Yes,2A,Grasshopper Sparrow,0,0,0,0,0,0,0,
Appleton Farms,Bonnie Marsan,2025,7,4,9:34,Drainage,No,2B,Grasshopper Sparrow,0,0,0,0,0,0,0,
Appleton Farms,Bonnie Marsan,2025,7,4,10:10,Broad Meadow,No,2C,Grasshopper Sparrow,0,0,0,0,0,0,0,
Appleton Farms,Bonnie Marsan,2025,7,4,9:40,Broad Meadow,No,2D,Grasshopper Sparrow,0,0,0,0,0,0,0,
Appleton Farms,Bonnie Marsan,2025,7,4,9:50,Broad Meadow,No,2E,Grasshopper Sparrow,0,0,0,0,0,0,0,
Appleton Farms,Bonnie Marsan,2025,7,4,9:56,Steer Barn,No,2E,Grasshopper Sparrow,0,0,0,0,0,0,0,
Appleton Farms,Bonnie Marsan,2025,7,4,9:23,Wilson's,Yes,2A,Eastern Meadowlark,0,0,0,0,0,0,0,
Appleton Farms,Bonnie Marsan,2025,7,4,9:34,Drainage,No,2B,Eastern Meadowlark,0,0,0,0,0,0,0,
Appleton Farms,Bonnie Marsan,2025,7,4,10:10,Broad Meadow,No,2C,Eastern Meadowlark,0,0,0,0,0,0,0,
Appleton Farms,Bonnie Marsan,2025,7,4,9:40,Broad Meadow,No,2D,Eastern Meadowlark,0,0,0,0,0,0,0,
Appleton Farms,Bonnie Marsan,2025,7,4,9:50,Broad Meadow,No,2E,Eastern Meadowlark,0,0,0,0,0,0,0,
Appleton Farms,Bonnie Marsan,2025,7,4,9:56,Steer Barn,No,2E,Eastern Meadowlark,0,0,0,0,0,0,0,
Appleton Farms,Bonnie Marsan,2025,7,13,9:14,Wilson's,Yes,2A,Bobolink,0,0,0,0,0,0,0,
Appleton Farms,Bonnie Marsan,2025,7,13,9:28,Drainage,No,2B,Bobolink,0,2,2,0,0,0,2,
Appleton Farms,Bonnie Marsan,2025,7,13,10:10,Broad Meadow,No,2C,Bobolink,0,0,0,0,0,0,0,
Appleton Farms,Bonnie Marsan,2025,7,13,9:38,Broad Meadow,No,2D,Bobolink,0,1,1,0,0,0,1,
Appleton Farms,Bonnie Marsan,2025,7,13,9:49,Broad Meadow,No,2E,Bobolink,0,0,0,0,0,0,0,
Appleton Farms,Bonnie Marsan,2025,7,13,9:55,Steer Barn,No,2E,Bobolink,0,0,0,0,0,0,0,
Appleton Farms,Bonnie Marsan,2025,7,13,9:14,Wilson's,Yes,2A,Savannah Sparrow,0,0,0,0,0,0,0,
Appleton Farms,Bonnie Marsan,2025,7,13,9:28,Drainage,No,2B,Savannah Sparrow,0,0,0,0,0,0,0,
Appleton Farms,Bonnie Marsan,2025,7,13,10:10,Broad Meadow,No,2C,Savannah Sparrow,0,0,0,0,0,0,0,
Appleton Farms,Bonnie Marsan,2025,7,13,9:38,Broad Meadow,No,2D,Savannah Sparrow,0,0,0,0,0,0,0,
Appleton Farms,Bonnie Marsan,2025,7,13,9:49,Broad Meadow,No,2E,Savannah Sparrow,0,0,0,0,0,0,0,
Appleton Farms,Bonnie Marsan,2025,7,13,9:55,Steer Barn,No,2E,Savannah Sparrow,0,0,0,0,0,0,0,
Appleton Farms,Bonnie Marsan,2025,7,13,9:14,Wilson's,Yes,2A,Grasshopper Sparrow,0,0,0,0,0,0,0,
Appleton Farms,Bonnie Marsan,2025,7,13,9:28,Drainage,No,2B,Grasshopper Sparrow,0,0,0,0,0,0,0,
Appleton Farms,Bonnie Marsan,2025,7,13,10:10,Broad Meadow,No,2C,Grasshopper Sparrow,0,0,0,0,0,0,0,
Appleton Farms,Bonnie Marsan,2025,7,13,9:38,Broad Meadow,No,2D,Grasshopper Sparrow,0,0,0,0,0,0,0,
Appleton Farms,Bonnie Marsan,2025,7,13,9:49,Broad Meadow,No,2E,Grasshopper Sparrow,0,0,0,0,0,0,0,
Appleton Farms,Bonnie Marsan,2025,7,13,9:55,Steer Barn,No,2E,Grasshopper Sparrow,0,0,0,0,0,0,0,
Appleton Farms,Bonnie Marsan,2025,7,13,9:14,Wilson's,Yes,2A,Eastern Meadowlark,0,0,0,0,0,0,0,
Appleton Farms,Bonnie Marsan,2025,7,13,9:28,Drainage,No,2B,Eastern Meadowlark,0,0,0,0,0,0,0,
Appleton Farms,Bonnie Marsan,2025,7,13,10:10,Broad Meadow,No,2C,Eastern Meadowlark,0,0,0,0,0,0,0,
Appleton Farms,Bonnie Marsan,2025,7,13,9:38,Broad Meadow,No,2D,Eastern Meadowlark,0,0,0,0,0,0,0,
Appleton Farms,Bonnie Marsan,2025,7,13,9:49,Broad Meadow,No,2E,Eastern Meadowlark,0,0,0,0,0,0,0,
Appleton Farms,Bonnie Marsan,2025,7,13,9:55,Steer Barn,No,2E,Eastern Meadowlark,0,0,0,0,0,0,0,
Appleton Farms,Sharon Stavropoulos,2025,7,12,6:26,Wilson's,Yes,2A,Bobolink,0,0,0,0,0,0,0,
Appleton Farms,Sharon Stavropoulos,2025,7,12,6:39,Drainage,No,2B,Bobolink,0,0,0,0,0,0,0,
Appleton Farms,Sharon Stavropoulos,2025,7,12,6:48,Broad Meadow,No,2C,Bobolink,0,0,0,0,0,0,0,
Appleton Farms,Sharon Stavropoulos,2025,7,12,6:55,Broad Meadow,No,2D,Bobolink,0,0,0,0,0,0,0,
Appleton Farms,Sharon Stavropoulos,2025,7,12,7:03,Broad Meadow,No,2E,Bobolink,0,0,0,0,0,0,0,
Appleton Farms,Sharon Stavropoulos,2025,7,12,7:08,Steer Barn,No,2E,Bobolink,0,0,0,0,0,0,0,
Appleton Farms,Sharon Stavropoulos,2025,7,12,6:26,Wilson's,Yes,2A,Savannah Sparrow,0,0,0,0,0,0,0,
Appleton Farms,Sharon Stavropoulos,2025,7,12,6:39,Drainage,No,2B,Savannah Sparrow,0,0,0,0,0,0,0,
Appleton Farms,Sharon Stavropoulos,2025,7,12,6:48,Broad Meadow,No,2C,Savannah Sparrow,0,0,0,0,0,0,0,
Appleton Farms,Sharon Stavropoulos,2025,7,12,6:55,Broad Meadow,No,2D,Savannah Sparrow,0,0,0,0,0,0,0,
Appleton Farms,Sharon Stavropoulos,2025,7,12,7:03,Broad Meadow,No,2E,Savannah Sparrow,0,0,0,0,0,0,0,
Appleton Farms,Sharon Stavropoulos,2025,7,12,7:08,Steer Barn,No,2E,Savannah Sparrow,0,0,0,0,0,0,0,
Appleton Farms,Sharon Stavropoulos,2025,7,12,6:26,Wilson's,Yes,2A,Grasshopper Sparrow,0,0,0,0,0,0,0,
Appleton Farms,Sharon Stavropoulos,2025,7,12,6:39,Drainage,No,2B,Grasshopper Sparrow,0,0,0,0,0,0,0,
Appleton Farms,Sharon Stavropoulos,2025,7,12,6:48,Broad Meadow,No,2C,Grasshopper Sparrow,0,0,0,0,0,0,0,
Appleton Farms,Sharon Stavropoulos,2025,7,12,6:55,Broad Meadow,No,2D,Grasshopper Sparrow,0,0,0,0,0,0,0,
Appleton Farms,Sharon Stavropoulos,2025,7,12,7:03,Broad Meadow,No,2E,Grasshopper Sparrow,0,0,0,0,0,0,0,
Appleton Farms,Sharon Stavropoulos,2025,7,12,7:08,Steer Barn,No,2E,Grasshopper Sparrow,0,0,0,0,0,0,0,
Appleton Farms,Sharon Stavropoulos,2025,7,12,6:26,Wilson's,Yes,2A,Eastern Meadowlark,0,0,0,0,0,0,0,
Appleton Farms,Sharon Stavropoulos,2025,7,12,6:39,Drainage,No,2B,Eastern Meadowlark,0,0,0,0,0,0,0,
Appleton Farms,Sharon Stavropoulos,2025,7,12,6:48,Broad Meadow,No,2C,Eastern Meadowlark,0,0,0,0,0,0,0,
Appleton Farms,Sharon Stavropoulos,2025,7,12,6:55,Broad Meadow,No,2D,Eastern Meadowlark,0,0,0,0,0,0,0,
Appleton Farms,Sharon Stavropoulos,2025,7,12,7:03,Broad Meadow,No,2E,Eastern Meadowlark,0,0,0,0,0,0,0,
Appleton Farms,Sharon Stavropoulos,2025,7,12,7:08,Steer Barn,No,2E,Eastern Meadowlark,0,0,0,0,0,0,0,
Appleton Farms,Sharon Stavropoulos,2025,5,3,7:33,Sunset Hill,No,3A,Bobolink,0,0,0,0,0,1,1,Bird heard but not seen
Appleton Farms,Sharon Stavropoulos,2025,5,3,7:38,Sunset Meadow,No,3A,Bobolink,0,0,0,0,0,0,0,
Appleton Farms,Sharon Stavropoulos,2025,5,3,7:46,Sunset Hill,No,3B,Bobolink,0,0,0,3,0,3,3,
Appleton Farms,Sharon Stavropoulos,2025,5,3,7:51,Sunset Meadow,No,3B,Bobolink,1,0,1,0,0,0,1,
Appleton Farms,Sharon Stavropoulos,2025,5,3,8:31,Horse Field Upper,No,3C,Bobolink,0,0,0,1,0,1,1,
Appleton Farms,Sharon Stavropoulos,2025,5,3,8:01,Horse Field South,No,3D,Bobolink,0,0,0,0,0,1,1,Bird heard but not seen
Appleton Farms,Sharon Stavropoulos,2025,5,3,8:09,Williams West,No,3E,Bobolink,0,0,0,0,0,1,1,Bird heard but not seen
Appleton Farms,Sharon Stavropoulos,2025,5,3,8:18,Williams West,No,3F,Bobolink,0,0,0,0,0,0,0,
Appleton Farms,Sharon Stavropoulos,2025,5,3,7:33,Sunset Hill,No,3A,Savannah Sparrow,0,0,0,0,0,1,1,Bird heard but not seen
Appleton Farms,Sharon Stavropoulos,2025,5,3,7:38,Sunset Meadow,No,3A,Savannah Sparrow,0,0,0,0,0,1,1,Bird heard but not seen
Appleton Farms,Sharon Stavropoulos,2025,5,3,7:46,Sunset Hill,No,3B,Savannah Sparrow,0,0,0,0,0,1,1,Bird heard but not seen
Appleton Farms,Sharon Stavropoulos,2025,5,3,7:51,Sunset Meadow,No,3B,Savannah Sparrow,0,0,0,0,0,1,1,Bird heard but not seen
Appleton Farms,Sharon Stavropoulos,2025,5,3,8:31,Horse Field Upper,No,3C,Savannah Sparrow,0,0,0,0,0,1,1,Bird heard but not seen
Appleton Farms,Sharon Stavropoulos,2025,5,3,8:01,Horse Field South,No,3D,Savannah Sparrow,0,0,0,0,0,0,0,
Appleton Farms,Sharon Stavropoulos,2025,5,3,8:09,Williams West,No,3E,Savannah Sparrow,0,0,0,0,0,1,1,Bird heard but not seen
Appleton Farms,Sharon Stavropoulos,2025,5,3,8:18,Williams West,No,3F,Savannah Sparrow,0,0,0,0,0,0,0,
Appleton Farms,Sharon Stavropoulos,2025,5,3,7:33,Sunset Hill,No,3A,Grasshopper Sparrow,0,0,0,0,0,0,0,
Appleton Farms,Sharon Stavropoulos,2025,5,3,7:38,Sunset Meadow,No,3A,Grasshopper Sparrow,0,0,0,0,0,0,0,
Appleton Farms,Sharon Stavropoulos,2025,5,3,7:46,Sunset Hill,No,3B,Grasshopper Sparrow,0,0,0,0,0,0,0,
Appleton Farms,Sharon Stavropoulos,2025,5,3,7:51,Sunset Meadow,No,3B,Grasshopper Sparrow,0,0,0,0,0,0,0,
Appleton Farms,Sharon Stavropoulos,2025,5,3,8:31,Horse Field Upper,No,3C,Grasshopper Sparrow,0,0,0,0,0,0,0,
Appleton Farms,Sharon Stavropoulos,2025,5,3,8:01,Horse Field South,No,3D,Grasshopper Sparrow,0,0,0,0,0,0,0,
Appleton Farms,Sharon Stavropoulos,2025,5,3,8:09,Williams West,No,3E,Grasshopper Sparrow,0,0,0,0,0,0,0,
Appleton Farms,Sharon Stavropoulos,2025,5,3,8:18,Williams West,No,3F,Grasshopper Sparrow,0,0,0,0,0,0,0,
Appleton Farms,Sharon Stavropoulos,2025,5,3,7:33,Sunset Hill,No,3A,Eastern Meadowlark,0,0,0,0,0,0,0,
Appleton Farms,Sharon Stavropoulos,2025,5,3,7:38,Sunset Meadow,No,3A,Eastern Meadowlark,0,0,0,0,0,0,0,
Appleton Farms,Sharon Stavropoulos,2025,5,3,7:46,Sunset Hill,No,3B,Eastern Meadowlark,0,0,0,0,0,0,0,
Appleton Farms,Sharon Stavropoulos,2025,5,3,7:51,Sunset Meadow,No,3B,Eastern Meadowlark,0,0,0,0,0,0,0,
Appleton Farms,Sharon Stavropoulos,2025,5,3,8:31,Horse Field Upper,No,3C,Eastern Meadowlark,0,0,0,0,0,0,0,
Appleton Farms,Sharon Stavropoulos,2025,5,3,8:01,Horse Field South,No,3D,Eastern Meadowlark,0,0,0,0,0,0,0,
Appleton Farms,Sharon Stavropoulos,2025,5,3,8:09,Williams West,No,3E,Eastern Meadowlark,0,0,0,0,0,0,0,
Appleton Farms,Sharon Stavropoulos,2025,5,3,8:18,Williams West,No,3F,Eastern Meadowlark,0,0,0,0,0,0,0,
Appleton Farms,Jane Woodman,2025,5,11,8:50,Sunset Hill,No,3A,Bobolink,0,0,0,0,0,0,0,
Appleton Farms,Jane Woodman,2025,5,11,8:45,Sunset Meadow,No,3A,Bobolink,0,0,0,0,0,1,1,
Appleton Farms,Jane Woodman,2025,5,11,8:35,Sunset Hill,No,3B,Bobolink,0,0,0,0,0,0,0,
Appleton Farms,Jane Woodman,2025,5,11,8:30,Sunset Meadow,No,3B,Bobolink,0,0,0,1,0,1,1,
Appleton Farms,Jane Woodman,2025,5,11,7:40,Horse Field Upper,No,3C,Bobolink,1,0,1,2,0,2,3,
Appleton Farms,Jane Woodman,2025,5,11,7:50,Horse Field South,No,3D,Bobolink,0,0,0,0,0,0,0,
Appleton Farms,Jane Woodman,2025,5,11,8:05,Williams West,No,3E,Bobolink,0,0,0,2,0,2,2,
Appleton Farms,Jane Woodman,2025,5,11,8:14,Williams West,No,3F,Bobolink,0,0,0,2,0,2,2,
Appleton Farms,Jane Woodman,2025,5,11,8:50,Sunset Hill,No,3A,Savannah Sparrow,0,0,0,0,0,0,0,
Appleton Farms,Jane Woodman,2025,5,11,8:45,Sunset Meadow,No,3A,Savannah Sparrow,0,0,0,0,0,0,0,
Appleton Farms,Jane Woodman,2025,5,11,8:35,Sunset Hill,No,3B,Savannah Sparrow,0,0,0,0,0,0,0,
Appleton Farms,Jane Woodman,2025,5,11,8:30,Sunset Meadow,No,3B,Savannah Sparrow,0,0,0,0,0,0,0,
Appleton Farms,Jane Woodman,2025,5,11,7:40,Horse Field Upper,No,3C,Savannah Sparrow,0,0,0,0,0,1,1,Bird heard but not seen
Appleton Farms,Jane Woodman,2025,5,11,7:50,Horse Field South,No,3D,Savannah Sparrow,0,0,0,0,0,0,0,
Appleton Farms,Jane Woodman,2025,5,11,8:05,Williams West,No,3E,Savannah Sparrow,0,0,0,0,0,0,0,
Appleton Farms,Jane Woodman,2025,5,11,8:14,Williams West,No,3F,Savannah Sparrow,0,0,0,0,0,0,0,
Appleton Farms,Jane Woodman,2025,5,11,8:50,Sunset Hill,No,3A,Grasshopper Sparrow,0,0,0,0,0,0,0,
Appleton Farms,Jane Woodman,2025,5,11,8:45,Sunset Meadow,No,3A,Grasshopper Sparrow,0,0,0,0,0,0,0,
Appleton Farms,Jane Woodman,2025,5,11,8:35,Sunset Hill,No,3B,Grasshopper Sparrow,0,0,0,0,0,0,0,
Appleton Farms,Jane Woodman,2025,5,11,8:30,Sunset Meadow,No,3B,Grasshopper Sparrow,0,0,0,0,0,0,0,
Appleton Farms,Jane Woodman,2025,5,11,7:40,Horse Field Upper,No,3C,Grasshopper Sparrow,0,0,0,0,0,0,0,
Appleton Farms,Jane Woodman,2025,5,11,7:50,Horse Field South,No,3D,Grasshopper Sparrow,0,0,0,0,0,0,0,
Appleton Farms,Jane Woodman,2025,5,11,8:05,Williams West,No,3E,Grasshopper Sparrow,0,0,0,0,0,0,0,
Appleton Farms,Jane Woodman,2025,5,11,8:14,Williams West,No,3F,Grasshopper Sparrow,0,0,0,0,0,0,0,
Appleton Farms,Jane Woodman,2025,5,11,8:50,Sunset Hill,No,3A,Eastern Meadowlark,0,0,0,0,0,0,0,
Appleton Farms,Jane Woodman,2025,5,11,8:45,Sunset Meadow,No,3A,Eastern Meadowlark,0,0,0,0,0,0,0,
Appleton Farms,Jane Woodman,2025,5,11,8:35,Sunset Hill,No,3B,Eastern Meadowlark,0,0,0,0,0,0,0,
Appleton Farms,Jane Woodman,2025,5,11,8:30,Sunset Meadow,No,3B,Eastern Meadowlark,0,0,0,0,0,0,0,
Appleton Farms,Jane Woodman,2025,5,11,7:40,Horse Field Upper,No,3C,Eastern Meadowlark,0,0,0,0,0,0,0,
Appleton Farms,Jane Woodman,2025,5,11,7:50,Horse Field South,No,3D,Eastern Meadowlark,0,0,0,0,0,0,0,
Appleton Farms,Jane Woodman,2025,5,11,8:05,Williams West,No,3E,Eastern Meadowlark,0,0,0,0,0,0,0,
Appleton Farms,Jane Woodman,2025,5,11,8:14,Williams West,No,3F,Eastern Meadowlark,0,0,0,0,0,0,0,
Appleton Farms,Sharon Stavropoulos,2025,5,11,7:58,Sunset Hill,No,3A,Bobolink,0,0,0,0,0,0,0,
Appleton Farms,Sharon Stavropoulos,2025,5,11,7:53,Sunset Meadow,No,3A,Bobolink,0,0,0,0,0,0,0,
Appleton Farms,Sharon Stavropoulos,2025,5,11,8:04,Sunset Hill,No,3B,Bobolink,0,0,0,0,0,1,1,Bird heard but not seen
Appleton Farms,Sharon Stavropoulos,2025,5,11,7:46,Sunset Meadow,No,3B,Bobolink,1,0,1,0,0,0,1,
Appleton Farms,Sharon Stavropoulos,2025,5,11,7:38,Horse Field Upper,No,3C,Bobolink,1,0,1,0,0,0,1,
Appleton Farms,Sharon Stavropoulos,2025,5,11,8:11,Horse Field South,No,3D,Bobolink,0,0,0,0,0,1,1,Bird heard but not seen
Appleton Farms,Sharon Stavropoulos,2025,5,11,8:20,Williams West,No,3E,Bobolink,1,0,1,0,0,1,2,Bird heard but not seen
Appleton Farms,Sharon Stavropoulos,2025,5,11,8:28,Williams West,No,3F,Bobolink,0,0,0,0,0,0,0,
Appleton Farms,Sharon Stavropoulos,2025,5,11,7:58,Sunset Hill,No,3A,Savannah Sparrow,0,0,0,0,0,0,0,
Appleton Farms,Sharon Stavropoulos,2025,5,11,7:53,Sunset Meadow,No,3A,Savannah Sparrow,0,0,0,0,0,0,0,
Appleton Farms,Sharon Stavropoulos,2025,5,11,8:04,Sunset Hill,No,3B,Savannah Sparrow,0,0,0,0,0,0,0,
Appleton Farms,Sharon Stavropoulos,2025,5,11,7:46,Sunset Meadow,No,3B,Savannah Sparrow,0,0,0,0,0,0,0,
Appleton Farms,Sharon Stavropoulos,2025,5,11,7:38,Horse Field Upper,No,3C,Savannah Sparrow,0,0,0,0,0,0,0,
Appleton Farms,Sharon Stavropoulos,2025,5,11,8:11,Horse Field South,No,3D,Savannah Sparrow,0,0,0,0,0,0,0,
Appleton Farms,Sharon Stavropoulos,2025,5,11,8:20,Williams West,No,3E,Savannah Sparrow,0,0,0,0,0,0,0,
Appleton Farms,Sharon Stavropoulos,2025,5,11,8:28,Williams West,No,3F,Savannah Sparrow,0,0,0,0,0,0,0,
Appleton Farms,Sharon Stavropoulos,2025,5,11,7:58,Sunset Hill,No,3A,Grasshopper Sparrow,0,0,0,0,0,0,0,
Appleton Farms,Sharon Stavropoulos,2025,5,11,7:53,Sunset Meadow,No,3A,Grasshopper Sparrow,0,0,0,0,0,0,0,
Appleton Farms,Sharon Stavropoulos,2025,5,11,8:04,Sunset Hill,No,3B,Grasshopper Sparrow,0,0,0,0,0,0,0,
Appleton Farms,Sharon Stavropoulos,2025,5,11,7:46,Sunset Meadow,No,3B,Grasshopper Sparrow,0,0,0,0,0,0,0,
Appleton Farms,Sharon Stavropoulos,2025,5,11,7:38,Horse Field Upper,No,3C,Grasshopper Sparrow,0,0,0,0,0,0,0,
Appleton Farms,Sharon Stavropoulos,2025,5,11,8:11,Horse Field South,No,3D,Grasshopper Sparrow,0,0,0,0,0,0,0,
Appleton Farms,Sharon Stavropoulos,2025,5,11,8:20,Williams West,No,3E,Grasshopper Sparrow,0,0,0,0,0,0,0,
Appleton Farms,Sharon Stavropoulos,2025,5,11,8:28,Williams West,No,3F,Grasshopper Sparrow,0,0,0,0,0,0,0,
Appleton Farms,Sharon Stavropoulos,2025,5,11,7:58,Sunset Hill,No,3A,Eastern Meadowlark,0,0,0,0,0,0,0,
Appleton Farms,Sharon Stavropoulos,2025,5,11,7:53,Sunset Meadow,No,3A,Eastern Meadowlark,0,0,0,0,0,0,0,
Appleton Farms,Sharon Stavropoulos,2025,5,11,8:04,Sunset Hill,No,3B,Eastern Meadowlark,0,0,0,0,0,0,0,
Appleton Farms,Sharon Stavropoulos,2025,5,11,7:46,Sunset Meadow,No,3B,Eastern Meadowlark,0,0,0,0,0,0,0,
Appleton Farms,Sharon Stavropoulos,2025,5,11,7:38,Horse Field Upper,No,3C,Eastern Meadowlark,0,0,0,0,0,0,0,
Appleton Farms,Sharon Stavropoulos,2025,5,11,8:11,Horse Field South,No,3D,Eastern Meadowlark,0,0,0,0,0,0,0,
Appleton Farms,Sharon Stavropoulos,2025,5,11,8:20,Williams West,No,3E,Eastern Meadowlark,0,0,0,0,0,0,0,
Appleton Farms,Sharon Stavropoulos,2025,5,11,8:28,Williams West,No,3F,Eastern Meadowlark,0,0,0,0,0,0,0,
Appleton Farms,Sharon Stavropoulos,2025,5,25,8:05,Sunset Hill,No,3A,Bobolink,0,0,0,0,0,0,0,
Appleton Farms,Sharon Stavropoulos,2025,5,25,8:00,Sunset Meadow,No,3A,Bobolink,1,1,2,0,0,0,2,
Appleton Farms,Sharon Stavropoulos,2025,5,25,7:54,Sunset Hill,No,3B,Bobolink,0,0,0,0,0,1,1,Bird heard but not seen
Appleton Farms,Sharon Stavropoulos,2025,5,25,7:49,Sunset Meadow,No,3B,Bobolink,3,1,4,0,0,0,4,
Appleton Farms,Sharon Stavropoulos,2025,5,25,7:33,Horse Field Upper,No,3C,Bobolink,0,0,0,0,0,0,0,
Appleton Farms,Sharon Stavropoulos,2025,5,25,7:41,Horse Field South,No,3D,Bobolink,0,0,0,0,0,1,1,Bird heard but not seen
Appleton Farms,Sharon Stavropoulos,2025,5,25,8:16,Williams West,No,3E,Bobolink,2,0,2,0,0,0,2,
Appleton Farms,Sharon Stavropoulos,2025,5,25,8:24,Williams West,No,3F,Bobolink,0,0,0,1,0,1,1,
Appleton Farms,Sharon Stavropoulos,2025,5,25,8:05,Sunset Hill,No,3A,Savannah Sparrow,0,0,0,0,0,0,0,
Appleton Farms,Sharon Stavropoulos,2025,5,25,8:00,Sunset Meadow,No,3A,Savannah Sparrow,0,0,0,0,0,0,0,
Appleton Farms,Sharon Stavropoulos,2025,5,25,7:54,Sunset Hill,No,3B,Savannah Sparrow,0,0,0,0,0,0,0,
Appleton Farms,Sharon Stavropoulos,2025,5,25,7:49,Sunset Meadow,No,3B,Savannah Sparrow,0,0,0,0,0,0,0,
Appleton Farms,Sharon Stavropoulos,2025,5,25,7:33,Horse Field Upper,No,3C,Savannah Sparrow,0,0,0,0,0,0,0,
Appleton Farms,Sharon Stavropoulos,2025,5,25,7:41,Horse Field South,No,3D,Savannah Sparrow,0,0,0,0,0,0,0,
Appleton Farms,Sharon Stavropoulos,2025,5,25,8:16,Williams West,No,3E,Savannah Sparrow,0,0,0,0,0,0,0,
Appleton Farms,Sharon Stavropoulos,2025,5,25,8:24,Williams West,No,3F,Savannah Sparrow,0,0,0,0,0,0,0,
Appleton Farms,Sharon Stavropoulos,2025,5,25,8:05,Sunset Hill,No,3A,Grasshopper Sparrow,0,0,0,0,0,0,0,
Appleton Farms,Sharon Stavropoulos,2025,5,25,8:00,Sunset Meadow,No,3A,Grasshopper Sparrow,0,0,0,0,0,0,0,
Appleton Farms,Sharon Stavropoulos,2025,5,25,7:54,Sunset Hill,No,3B,Grasshopper Sparrow,0,0,0,0,0,0,0,
Appleton Farms,Sharon Stavropoulos,2025,5,25,7:49,Sunset Meadow,No,3B,Grasshopper Sparrow,0,0,0,0,0,0,0,
Appleton Farms,Sharon Stavropoulos,2025,5,25,7:33,Horse Field Upper,No,3C,Grasshopper Sparrow,0,0,0,0,0,0,0,
Appleton Farms,Sharon Stavropoulos,2025,5,25,7:41,Horse Field South,No,3D,Grasshopper Sparrow,0,0,0,0,0,0,0,
Appleton Farms,Sharon Stavropoulos,2025,5,25,8:16,Williams West,No,3E,Grasshopper Sparrow,0,0,0,0,0,0,0,
Appleton Farms,Sharon Stavropoulos,2025,5,25,8:24,Williams West,No,3F,Grasshopper Sparrow,0,0,0,0,0,0,0,
Appleton Farms,Sharon Stavropoulos,2025,5,25,8:05,Sunset Hill,No,3A,Eastern Meadowlark,0,0,0,0,0,0,0,
Appleton Farms,Sharon Stavropoulos,2025,5,25,8:00,Sunset Meadow,No,3A,Eastern Meadowlark,0,0,0,0,0,0,0,
Appleton Farms,Sharon Stavropoulos,2025,5,25,7:54,Sunset Hill,No,3B,Eastern Meadowlark,0,0,0,0,0,0,0,
Appleton Farms,Sharon Stavropoulos,2025,5,25,7:49,Sunset Meadow,No,3B,Eastern Meadowlark,0,0,0,0,0,0,0,
Appleton Farms,Sharon Stavropoulos,2025,5,25,7:33,Horse Field Upper,No,3C,Eastern Meadowlark,0,0,0,0,0,0,0,
Appleton Farms,Sharon Stavropoulos,2025,5,25,7:41,Horse Field South,No,3D,Eastern Meadowlark,0,0,0,0,0,0,0,
Appleton Farms,Sharon Stavropoulos,2025,5,25,8:16,Williams West,No,3E,Eastern Meadowlark,0,0,0,0,0,0,0,
Appleton Farms,Sharon Stavropoulos,2025,5,25,8:24,Williams West,No,3F,Eastern Meadowlark,0,0,0,0,0,0,0,
Appleton Farms,Sharon Stavropoulos,2025,5,30,7:22,Sunset Hill,No,3A,Bobolink,2,1,3,0,0,0,3,
Appleton Farms,Sharon Stavropoulos,2025,5,30,7:27,Sunset Meadow,No,3A,Bobolink,0,0,0,0,0,1,1,Bird heard not seen
Appleton Farms,Sharon Stavropoulos,2025,5,30,7:34,Sunset Hill,No,3B,Bobolink,0,0,0,0,0,1,1,Bird heard not seen
Appleton Farms,Sharon Stavropoulos,2025,5,30,7:39,Sunset Meadow,No,3B,Bobolink,1,0,1,0,0,0,1,
Appleton Farms,Sharon Stavropoulos,2025,5,30,8:12,Horse Field Upper,No,3C,Bobolink,0,0,0,0,0,0,0,
Appleton Farms,Sharon Stavropoulos,2025,5,30,7:46,Horse Field South,No,3D,Bobolink,0,0,1,0,0,0,1,Bird heard not seen
Appleton Farms,Sharon Stavropoulos,2025,5,30,7:54,Williams West,No,3E,Bobolink,0,0,0,0,0,1,1,Bird heard not seen
Appleton Farms,Sharon Stavropoulos,2025,5,30,8:02,Williams West,No,3F,Bobolink,0,0,0,2,0,2,2,
Appleton Farms,Sharon Stavropoulos,2025,5,30,7:22,Sunset Hill,No,3A,Savannah Sparrow,0,0,0,0,0,0,0,
Appleton Farms,Sharon Stavropoulos,2025,5,30,7:27,Sunset Meadow,No,3A,Savannah Sparrow,0,0,0,0,0,0,0,
Appleton Farms,Sharon Stavropoulos,2025,5,30,7:34,Sunset Hill,No,3B,Savannah Sparrow,0,0,0,0,0,0,0,
Appleton Farms,Sharon Stavropoulos,2025,5,30,7:39,Sunset Meadow,No,3B,Savannah Sparrow,0,0,0,0,0,0,0,
Appleton Farms,Sharon Stavropoulos,2025,5,30,8:12,Horse Field Upper,No,3C,Savannah Sparrow,0,0,0,0,0,1,1,Bird heard not seen
Appleton Farms,Sharon Stavropoulos,2025,5,30,7:46,Horse Field South,No,3D,Savannah Sparrow,0,0,0,0,0,0,0,
Appleton Farms,Sharon Stavropoulos,2025,5,30,7:54,Williams West,No,3E,Savannah Sparrow,0,0,0,0,0,0,0,
Appleton Farms,Sharon Stavropoulos,2025,5,30,8:02,Williams West,No,3F,Savannah Sparrow,0,0,0,0,0,0,0,
Appleton Farms,Sharon Stavropoulos,2025,5,30,7:22,Sunset Hill,No,3A,Grasshopper Sparrow,0,0,0,0,0,0,0,
Appleton Farms,Sharon Stavropoulos,2025,5,30,7:27,Sunset Meadow,No,3A,Grasshopper Sparrow,0,0,0,0,0,0,0,
Appleton Farms,Sharon Stavropoulos,2025,5,30,7:34,Sunset Hill,No,3B,Grasshopper Sparrow,0,0,0,0,0,0,0,
Appleton Farms,Sharon Stavropoulos,2025,5,30,7:39,Sunset Meadow,No,3B,Grasshopper Sparrow,0,0,0,0,0,0,0,
Appleton Farms,Sharon Stavropoulos,2025,5,30,8:12,Horse Field Upper,No,3C,Grasshopper Sparrow,0,0,0,0,0,0,0,
Appleton Farms,Sharon Stavropoulos,2025,5,30,7:46,Horse Field South,No,3D,Grasshopper Sparrow,0,0,0,0,0,0,0,
Appleton Farms,Sharon Stavropoulos,2025,5,30,7:54,Williams West,No,3E,Grasshopper Sparrow,0,0,0,0,0,0,0,
Appleton Farms,Sharon Stavropoulos,2025,5,30,8:02,Williams West,No,3F,Grasshopper Sparrow,0,0,0,0,0,0,0,
Appleton Farms,Sharon Stavropoulos,2025,5,30,7:22,Sunset Hill,No,3A,Eastern Meadowlark,0,0,0,0,0,0,0,
Appleton Farms,Sharon Stavropoulos,2025,5,30,7:27,Sunset Meadow,No,3A,Eastern Meadowlark,0,0,0,0,0,0,0,
Appleton Farms,Sharon Stavropoulos,2025,5,30,7:34,Sunset Hill,No,3B,Eastern Meadowlark,0,0,0,0,0,0,0,
Appleton Farms,Sharon Stavropoulos,2025,5,30,7:39,Sunset Meadow,No,3B,Eastern Meadowlark,0,0,0,0,0,0,0,
Appleton Farms,Sharon Stavropoulos,2025,5,30,8:12,Horse Field Upper,No,3C,Eastern Meadowlark,0,0,0,0,0,0,0,
Appleton Farms,Sharon Stavropoulos,2025,5,30,7:46,Horse Field South,No,3D,Eastern Meadowlark,0,0,0,0,0,0,0,
Appleton Farms,Sharon Stavropoulos,2025,5,30,7:54,Williams West,No,3E,Eastern Meadowlark,0,0,0,0,0,0,0,
Appleton Farms,Sharon Stavropoulos,2025,5,30,8:02,Williams West,No,3F,Eastern Meadowlark,0,0,0,0,0,0,0,
Appleton Farms,Jane Woodman,2025,6,5,8:50,Sunset Hill,No,3A,Bobolink,1,0,1,1,0,1,2,
Appleton Farms,Jane Woodman,2025,6,5,8:55,Sunset Meadow,No,3A,Bobolink,1,1,2,1,0,1,3,
Appleton Farms,Jane Woodman,2025,6,5,9:10,Sunset Hill,No,3B,Bobolink,0,0,0,0,0,0,0,
Appleton Farms,Jane Woodman,2025,6,5,9:05,Sunset Meadow,No,3B,Bobolink,0,0,0,2,0,2,2,
Appleton Farms,Jane Woodman,2025,6,5,8:30,Horse Field Upper,No,3C,Bobolink,0,0,0,0,0,0,0,
Appleton Farms,Jane Woodman,2025,6,5,9:20,Horse Field South,No,3D,Bobolink,0,0,0,0,0,0,0,
Appleton Farms,Jane Woodman,2025,6,5,9:30,Williams West,No,3E,Bobolink,0,0,0,2,1,3,3,
Appleton Farms,Jane Woodman,2025,6,5,9:40,Williams West,No,3F,Bobolink,0,0,0,2,0,2,2,
Appleton Farms,Jane Woodman,2025,6,5,8:50,Sunset Hill,No,3A,Savannah Sparrow,0,0,0,0,0,0,0,
Appleton Farms,Jane Woodman,2025,6,5,8:55,Sunset Meadow,No,3A,Savannah Sparrow,0,0,0,0,0,0,0,
Appleton Farms,Jane Woodman,2025,6,5,9:10,Sunset Hill,No,3B,Savannah Sparrow,0,0,0,0,0,0,0,
Appleton Farms,Jane Woodman,2025,6,5,9:05,Sunset Meadow,No,3B,Savannah Sparrow,0,0,0,0,0,0,0,
Appleton Farms,Jane Woodman,2025,6,5,8:30,Horse Field Upper,No,3C,Savannah Sparrow,0,0,0,0,0,0,0,
Appleton Farms,Jane Woodman,2025,6,5,9:20,Horse Field South,No,3D,Savannah Sparrow,0,0,0,0,0,0,0,
Appleton Farms,Jane Woodman,2025,6,5,9:30,Williams West,No,3E,Savannah Sparrow,0,0,0,0,0,0,0,
Appleton Farms,Jane Woodman,2025,6,5,9:40,Williams West,No,3F,Savannah Sparrow,0,0,0,0,0,0,0,
Appleton Farms,Jane Woodman,2025,6,5,8:50,Sunset Hill,No,3A,Grasshopper Sparrow,0,0,0,0,0,0,0,
Appleton Farms,Jane Woodman,2025,6,5,8:55,Sunset Meadow,No,3A,Grasshopper Sparrow,0,0,0,0,0,0,0,
Appleton Farms,Jane Woodman,2025,6,5,9:10,Sunset Hill,No,3B,Grasshopper Sparrow,0,0,0,0,0,0,0,
Appleton Farms,Jane Woodman,2025,6,5,9:05,Sunset Meadow,No,3B,Grasshopper Sparrow,0,0,0,0,0,0,0,
Appleton Farms,Jane Woodman,2025,6,5,8:30,Horse Field Upper,No,3C,Grasshopper Sparrow,0,0,0,0,0,0,0,
Appleton Farms,Jane Woodman,2025,6,5,9:20,Horse Field South,No,3D,Grasshopper Sparrow,0,0,0,0,0,0,0,
Appleton Farms,Jane Woodman,2025,6,5,9:30,Williams West,No,3E,Grasshopper Sparrow,0,0,0,0,0,0,0,
Appleton Farms,Jane Woodman,2025,6,5,9:40,Williams West,No,3F,Grasshopper Sparrow,0,0,0,0,0,0,0,
Appleton Farms,Jane Woodman,2025,6,5,8:50,Sunset Hill,No,3A,Eastern Meadowlark,0,0,0,0,0,0,0,
Appleton Farms,Jane Woodman,2025,6,5,8:55,Sunset Meadow,No,3A,Eastern Meadowlark,0,0,0,0,0,0,0,
Appleton Farms,Jane Woodman,2025,6,5,9:10,Sunset Hill,No,3B,Eastern Meadowlark,0,0,0,0,0,0,0,
Appleton Farms,Jane Woodman,2025,6,5,9:05,Sunset Meadow,No,3B,Eastern Meadowlark,0,0,0,0,0,0,0,
Appleton Farms,Jane Woodman,2025,6,5,8:30,Horse Field Upper,No,3C,Eastern Meadowlark,0,0,0,0,0,0,0,
Appleton Farms,Jane Woodman,2025,6,5,9:20,Horse Field South,No,3D,Eastern Meadowlark,0,0,0,0,0,0,0,
Appleton Farms,Jane Woodman,2025,6,5,9:30,Williams West,No,3E,Eastern Meadowlark,0,0,0,0,0,0,0,
Appleton Farms,Jane Woodman,2025,6,5,9:40,Williams West,No,3F,Eastern Meadowlark,0,0,0,0,0,0,0,
Appleton Farms,Sharon Stavropoulos,2025,6,7,7:28,Sunset Hill,No,3A,Bobolink,0,0,0,0,0,0,0,
Appleton Farms,Sharon Stavropoulos,2025,6,7,7:33,Sunset Meadow,No,3A,Bobolink,1,1,2,0,0,0,2,
Appleton Farms,Sharon Stavropoulos,2025,6,7,7:40,Sunset Hill,No,3B,Bobolink,0,0,0,2,0,2,2,
Appleton Farms,Sharon Stavropoulos,2025,6,7,7:45,Sunset Meadow,No,3B,Bobolink,2,0,2,0,0,0,2,
Appleton Farms,Sharon Stavropoulos,2025,6,7,8:19,Horse Field Upper,No,3C,Bobolink,0,0,0,0,0,0,0,
Appleton Farms,Sharon Stavropoulos,2025,6,7,7:51,Horse Field South,No,3D,Bobolink,0,0,0,0,0,1,1,
Appleton Farms,Sharon Stavropoulos,2025,6,7,7:59,Williams West,No,3E,Bobolink,0,0,0,0,0,0,0,
Appleton Farms,Sharon Stavropoulos,2025,6,7,8:07,Williams West,No,3F,Bobolink,0,0,0,1,1,2,2,
Appleton Farms,Sharon Stavropoulos,2025,6,7,7:28,Sunset Hill,No,3A,Savannah Sparrow,0,0,0,0,0,0,0,
Appleton Farms,Sharon Stavropoulos,2025,6,7,7:33,Sunset Meadow,No,3A,Savannah Sparrow,0,0,0,0,0,0,0,
Appleton Farms,Sharon Stavropoulos,2025,6,7,7:40,Sunset Hill,No,3B,Savannah Sparrow,0,0,0,0,0,0,0,
Appleton Farms,Sharon Stavropoulos,2025,6,7,7:45,Sunset Meadow,No,3B,Savannah Sparrow,0,0,0,0,0,0,0,
Appleton Farms,Sharon Stavropoulos,2025,6,7,8:19,Horse Field Upper,No,3C,Savannah Sparrow,0,0,0,0,0,0,0,
Appleton Farms,Sharon Stavropoulos,2025,6,7,7:51,Horse Field South,No,3D,Savannah Sparrow,0,0,0,0,0,0,0,
Appleton Farms,Sharon Stavropoulos,2025,6,7,7:59,Williams West,No,3E,Savannah Sparrow,0,0,0,0,0,0,0,
Appleton Farms,Sharon Stavropoulos,2025,6,7,8:07,Williams West,No,3F,Savannah Sparrow,0,0,0,0,0,0,0,
Appleton Farms,Sharon Stavropoulos,2025,6,7,7:28,Sunset Hill,No,3A,Grasshopper Sparrow,0,0,0,0,0,0,0,
Appleton Farms,Sharon Stavropoulos,2025,6,7,7:33,Sunset Meadow,No,3A,Grasshopper Sparrow,0,0,0,0,0,0,0,
Appleton Farms,Sharon Stavropoulos,2025,6,7,7:40,Sunset Hill,No,3B,Grasshopper Sparrow,0,0,0,0,0,0,0,
Appleton Farms,Sharon Stavropoulos,2025,6,7,7:45,Sunset Meadow,No,3B,Grasshopper Sparrow,0,0,0,0,0,0,0,
Appleton Farms,Sharon Stavropoulos,2025,6,7,8:19,Horse Field Upper,No,3C,Grasshopper Sparrow,0,0,0,0,0,0,0,
Appleton Farms,Sharon Stavropoulos,2025,6,7,7:51,Horse Field South,No,3D,Grasshopper Sparrow,0,0,0,0,0,0,0,
Appleton Farms,Sharon Stavropoulos,2025,6,7,7:59,Williams West,No,3E,Grasshopper Sparrow,0,0,0,0,0,0,0,
Appleton Farms,Sharon Stavropoulos,2025,6,7,8:07,Williams West,No,3F,Grasshopper Sparrow,0,0,0,0,0,0,0,
Appleton Farms,Sharon Stavropoulos,2025,6,7,7:28,Sunset Hill,No,3A,Eastern Meadowlark,0,0,0,0,0,0,0,
Appleton Farms,Sharon Stavropoulos,2025,6,7,7:33,Sunset Meadow,No,3A,Eastern Meadowlark,0,0,0,0,0,0,0,
Appleton Farms,Sharon Stavropoulos,2025,6,7,7:40,Sunset Hill,No,3B,Eastern Meadowlark,0,0,0,0,0,0,0,
Appleton Farms,Sharon Stavropoulos,2025,6,7,7:45,Sunset Meadow,No,3B,Eastern Meadowlark,0,0,0,0,0,0,0,
Appleton Farms,Sharon Stavropoulos,2025,6,7,8:19,Horse Field Upper,No,3C,Eastern Meadowlark,0,0,0,0,0,0,0,
Appleton Farms,Sharon Stavropoulos,2025,6,7,7:51,Horse Field South,No,3D,Eastern Meadowlark,0,0,0,0,0,0,0,
Appleton Farms,Sharon Stavropoulos,2025,6,7,7:59,Williams West,No,3E,Eastern Meadowlark,0,0,0,0,0,0,0,
Appleton Farms,Sharon Stavropoulos,2025,6,7,8:07,Williams West,No,3F,Eastern Meadowlark,0,0,0,0,0,0,0,
Appleton Farms,Greg Power,2025,6,2,9:03,Sunset Hill,No,3A,Bobolink,0,0,0,0,0,0,0,
Appleton Farms,Greg Power,2025,6,2,8:57,Sunset Meadow,No,3A,Bobolink,1,1,2,1,0,1,3,
Appleton Farms,Greg Power,2025,6,2,8:41,Sunset Hill,No,3B,Bobolink,0,0,0,0,0,0,0,
Appleton Farms,Greg Power,2025,6,2,8:47,Sunset Meadow,No,3B,Bobolink,0,0,0,4,0,4,4,
Appleton Farms,Greg Power,2025,6,2,8:19,Horse Field Upper,No,3C,Bobolink,0,0,0,3,0,3,3,
Appleton Farms,Greg Power,2025,6,2,8:29,Horse Field South,No,3D,Bobolink,1,1,2,3,0,3,5,
Appleton Farms,Greg Power,2025,6,2,9:21,Williams West,No,3E,Bobolink,0,0,0,0,0,0,0,
Appleton Farms,Greg Power,2025,6,2,9:30,Williams West,No,3F,Bobolink,0,0,0,3,0,3,3,
Appleton Farms,Greg Power,2025,6,2,9:03,Sunset Hill,No,3A,Savannah Sparrow,0,0,0,0,0,0,0,
Appleton Farms,Greg Power,2025,6,2,8:57,Sunset Meadow,No,3A,Savannah Sparrow,0,0,0,0,0,0,0,
Appleton Farms,Greg Power,2025,6,2,8:41,Sunset Hill,No,3B,Savannah Sparrow,0,0,0,0,0,0,0,
Appleton Farms,Greg Power,2025,6,2,8:47,Sunset Meadow,No,3B,Savannah Sparrow,0,0,0,0,0,0,0,
Appleton Farms,Greg Power,2025,6,2,8:19,Horse Field Upper,No,3C,Savannah Sparrow,0,0,0,0,0,0,0,
Appleton Farms,Greg Power,2025,6,2,8:29,Horse Field South,No,3D,Savannah Sparrow,0,0,0,0,0,0,0,
Appleton Farms,Greg Power,2025,6,2,9:21,Williams West,No,3E,Savannah Sparrow,0,0,0,0,0,0,0,
Appleton Farms,Greg Power,2025,6,2,9:30,Williams West,No,3F,Savannah Sparrow,0,0,0,0,0,0,0,
Appleton Farms,Greg Power,2025,6,2,9:03,Sunset Hill,No,3A,Grasshopper Sparrow,0,0,0,0,0,0,0,
Appleton Farms,Greg Power,2025,6,2,8:57,Sunset Meadow,No,3A,Grasshopper Sparrow,0,0,0,0,0,0,0,
Appleton Farms,Greg Power,2025,6,2,8:41,Sunset Hill,No,3B,Grasshopper Sparrow,0,0,0,0,0,0,0,
Appleton Farms,Greg Power,2025,6,2,8:47,Sunset Meadow,No,3B,Grasshopper Sparrow,0,0,0,0,0,0,0,
Appleton Farms,Greg Power,2025,6,2,8:19,Horse Field Upper,No,3C,Grasshopper Sparrow,0,0,0,0,0,0,0,
Appleton Farms,Greg Power,2025,6,2,8:29,Horse Field South,No,3D,Grasshopper Sparrow,0,0,0,0,0,0,0,
Appleton Farms,Greg Power,2025,6,2,9:21,Williams West,No,3E,Grasshopper Sparrow,0,0,0,0,0,0,0,
Appleton Farms,Greg Power,2025,6,2,9:30,Williams West,No,3F,Grasshopper Sparrow,0,0,0,0,0,0,0,
Appleton Farms,Greg Power,2025,6,2,9:03,Sunset Hill,No,3A,Eastern Meadowlark,0,0,0,0,0,0,0,
Appleton Farms,Greg Power,2025,6,2,8:57,Sunset Meadow,No,3A,Eastern Meadowlark,0,0,0,0,0,0,0,
Appleton Farms,Greg Power,2025,6,2,8:41,Sunset Hill,No,3B,Eastern Meadowlark,0,0,0,0,0,0,0,
Appleton Farms,Greg Power,2025,6,2,8:47,Sunset Meadow,No,3B,Eastern Meadowlark,0,0,0,0,0,0,0,
Appleton Farms,Greg Power,2025,6,2,8:19,Horse Field Upper,No,3C,Eastern Meadowlark,0,0,0,0,0,0,0,
Appleton Farms,Greg Power,2025,6,2,8:29,Horse Field South,No,3D,Eastern Meadowlark,0,0,0,0,0,0,0,
Appleton Farms,Greg Power,2025,6,2,9:21,Williams West,No,3E,Eastern Meadowlark,0,0,0,0,0,0,0,
Appleton Farms,Greg Power,2025,6,2,9:30,Williams West,No,3F,Eastern Meadowlark,0,0,0,0,0,0,0,
Appleton Farms,Sharon Stavropoulos,2025,6,21,7:19,Sunset Hill,No,3A,Bobolink,0,0,0,0,0,0,0,
Appleton Farms,Sharon Stavropoulos,2025,6,21,7:24,Sunset Meadow,No,3A,Bobolink,1,2,3,0,0,0,3,
Appleton Farms,Sharon Stavropoulos,2025,6,21,7:32,Sunset Hill,No,3B,Bobolink,0,0,0,0,0,0,0,
Appleton Farms,Sharon Stavropoulos,2025,6,21,7:37,Sunset Meadow,No,3B,Bobolink,1,1,2,0,0,0,2,
Appleton Farms,Sharon Stavropoulos,2025,6,21,8:13,Horse Field Upper,No,3C,Bobolink,0,0,0,0,0,0,0,
Appleton Farms,Sharon Stavropoulos,2025,6,21,7:44,Horse Field South,No,3D,Bobolink,0,0,0,0,0,0,0,
Appleton Farms,Sharon Stavropoulos,2025,6,21,7:52,Williams West,Yes,3E,Bobolink,0,0,0,0,0,0,0,
Appleton Farms,Sharon Stavropoulos,2025,6,21,8:00,Williams West,Yes,3F,Bobolink,0,0,0,3,1,4,4,
Appleton Farms,Sharon Stavropoulos,2025,6,21,7:19,Sunset Hill,No,3A,Savannah Sparrow,0,0,0,0,0,0,0,
Appleton Farms,Sharon Stavropoulos,2025,6,21,7:24,Sunset Meadow,No,3A,Savannah Sparrow,0,0,0,0,0,0,0,
Appleton Farms,Sharon Stavropoulos,2025,6,21,7:32,Sunset Hill,No,3B,Savannah Sparrow,0,0,0,0,0,0,0,
Appleton Farms,Sharon Stavropoulos,2025,6,21,7:37,Sunset Meadow,No,3B,Savannah Sparrow,0,0,0,0,0,0,0,
Appleton Farms,Sharon Stavropoulos,2025,6,21,8:13,Horse Field Upper,No,3C,Savannah Sparrow,0,0,0,0,0,0,0,
Appleton Farms,Sharon Stavropoulos,2025,6,21,7:44,Horse Field South,No,3D,Savannah Sparrow,0,0,0,0,0,0,0,
Appleton Farms,Sharon Stavropoulos,2025,6,21,7:52,Williams West,Yes,3E,Savannah Sparrow,0,0,0,0,0,0,0,
Appleton Farms,Sharon Stavropoulos,2025,6,21,8:00,Williams West,Yes,3F,Savannah Sparrow,0,0,0,0,0,0,0,
Appleton Farms,Sharon Stavropoulos,2025,6,21,7:19,Sunset Hill,No,3A,Grasshopper Sparrow,0,0,0,0,0,0,0,
Appleton Farms,Sharon Stavropoulos,2025,6,21,7:24,Sunset Meadow,No,3A,Grasshopper Sparrow,0,0,0,0,0,0,0,
Appleton Farms,Sharon Stavropoulos,2025,6,21,7:32,Sunset Hill,No,3B,Grasshopper Sparrow,0,0,0,0,0,0,0,
Appleton Farms,Sharon Stavropoulos,2025,6,21,7:37,Sunset Meadow,No,3B,Grasshopper Sparrow,0,0,0,0,0,0,0,
Appleton Farms,Sharon Stavropoulos,2025,6,21,8:13,Horse Field Upper,No,3C,Grasshopper Sparrow,0,0,0,0,0,0,0,
Appleton Farms,Sharon Stavropoulos,2025,6,21,7:44,Horse Field South,No,3D,Grasshopper Sparrow,0,0,0,0,0,0,0,
Appleton Farms,Sharon Stavropoulos,2025,6,21,7:52,Williams West,Yes,3E,Grasshopper Sparrow,0,0,0,0,0,0,0,
Appleton Farms,Sharon Stavropoulos,2025,6,21,8:00,Williams West,Yes,3F,Grasshopper Sparrow,0,0,0,0,0,0,0,
Appleton Farms,Sharon Stavropoulos,2025,6,21,7:19,Sunset Hill,No,3A,Eastern Meadowlark,0,0,0,0,0,0,0,
Appleton Farms,Sharon Stavropoulos,2025,6,21,7:24,Sunset Meadow,No,3A,Eastern Meadowlark,0,0,0,0,0,0,0,
Appleton Farms,Sharon Stavropoulos,2025,6,21,7:32,Sunset Hill,No,3B,Eastern Meadowlark,0,0,0,0,0,0,0,
Appleton Farms,Sharon Stavropoulos,2025,6,21,7:37,Sunset Meadow,No,3B,Eastern Meadowlark,0,0,1,0,0,0,1,Bird heard not seen
Appleton Farms,Sharon Stavropoulos,2025,6,21,8:13,Horse Field Upper,No,3C,Eastern Meadowlark,0,0,0,0,0,0,0,
Appleton Farms,Sharon Stavropoulos,2025,6,21,7:44,Horse Field South,No,3D,Eastern Meadowlark,0,0,0,0,0,0,0,
Appleton Farms,Sharon Stavropoulos,2025,6,21,7:52,Williams West,Yes,3E,Eastern Meadowlark,0,0,0,0,0,0,0,
Appleton Farms,Sharon Stavropoulos,2025,6,21,8:00,Williams West,Yes,3F,Eastern Meadowlark,0,0,0,0,0,0,0,
Appleton Farms,Greg Power,2025,6,27,8:54,Sunset Hill,No,3A,Bobolink,0,0,0,0,0,0,0,
Appleton Farms,Greg Power,2025,6,27,9:01,Sunset Meadow,No,3A,Bobolink,0,0,0,3,0,3,3,
Appleton Farms,Greg Power,2025,6,27,8:36,Sunset Hill,No,3B,Bobolink,0,1,1,0,0,0,1,
Appleton Farms,Greg Power,2025,6,27,8:43,Sunset Meadow,No,3B,Bobolink,0,1,1,0,1,1,2,
Appleton Farms,Greg Power,2025,6,27,8:12,Horse Field Upper,No,3C,Bobolink,0,0,0,1,0,1,1,
Appleton Farms,Greg Power,2025,6,27,8:25,Horse Field South,No,3D,Bobolink,0,0,0,0,0,0,0,
Appleton Farms,Greg Power,2025,6,27,9:17,Williams West,Yes,3E,Bobolink,0,0,0,0,0,0,0,
Appleton Farms,Greg Power,2025,6,27,9:26,Williams West,Yes,3F,Bobolink,0,0,0,0,0,0,0,
Appleton Farms,Greg Power,2025,6,27,8:54,Sunset Hill,No,3A,Savannah Sparrow,0,0,0,0,0,0,0,
Appleton Farms,Greg Power,2025,6,27,9:01,Sunset Meadow,No,3A,Savannah Sparrow,0,0,0,0,0,0,0,
Appleton Farms,Greg Power,2025,6,27,8:36,Sunset Hill,No,3B,Savannah Sparrow,0,0,0,0,0,0,0,
Appleton Farms,Greg Power,2025,6,27,8:43,Sunset Meadow,No,3B,Savannah Sparrow,0,0,0,0,0,0,0,
Appleton Farms,Greg Power,2025,6,27,8:12,Horse Field Upper,No,3C,Savannah Sparrow,0,0,0,0,0,0,0,
Appleton Farms,Greg Power,2025,6,27,8:25,Horse Field South,No,3D,Savannah Sparrow,0,0,0,0,0,0,0,
Appleton Farms,Greg Power,2025,6,27,9:17,Williams West,Yes,3E,Savannah Sparrow,0,0,0,0,0,0,0,
Appleton Farms,Greg Power,2025,6,27,9:26,Williams West,Yes,3F,Savannah Sparrow,0,0,0,0,0,0,0,
Appleton Farms,Greg Power,2025,6,27,8:54,Sunset Hill,No,3A,Grasshopper Sparrow,0,0,0,0,0,0,0,
Appleton Farms,Greg Power,2025,6,27,9:01,Sunset Meadow,No,3A,Grasshopper Sparrow,0,0,0,0,0,0,0,
Appleton Farms,Greg Power,2025,6,27,8:36,Sunset Hill,No,3B,Grasshopper Sparrow,0,0,0,0,0,0,0,
Appleton Farms,Greg Power,2025,6,27,8:43,Sunset Meadow,No,3B,Grasshopper Sparrow,0,0,0,0,0,0,0,
Appleton Farms,Greg Power,2025,6,27,8:12,Horse Field Upper,No,3C,Grasshopper Sparrow,0,0,0,0,0,0,0,
Appleton Farms,Greg Power,2025,6,27,8:25,Horse Field South,No,3D,Grasshopper Sparrow,0,0,0,0,0,0,0,
Appleton Farms,Greg Power,2025,6,27,9:17,Williams West,Yes,3E,Grasshopper Sparrow,0,0,0,0,0,0,0,
Appleton Farms,Greg Power,2025,6,27,9:26,Williams West,Yes,3F,Grasshopper Sparrow,0,0,0,0,0,0,0,
Appleton Farms,Greg Power,2025,6,27,8:54,Sunset Hill,No,3A,Eastern Meadowlark,0,0,0,0,0,0,0,
Appleton Farms,Greg Power,2025,6,27,9:01,Sunset Meadow,No,3A,Eastern Meadowlark,0,0,0,0,0,0,0,
Appleton Farms,Greg Power,2025,6,27,8:36,Sunset Hill,No,3B,Eastern Meadowlark,0,0,1,0,0,0,1,
Appleton Farms,Greg Power,2025,6,27,8:43,Sunset Meadow,No,3B,Eastern Meadowlark,0,0,0,0,0,0,0,
Appleton Farms,Greg Power,2025,6,27,8:12,Horse Field Upper,No,3C,Eastern Meadowlark,0,0,0,0,0,0,0,
Appleton Farms,Greg Power,2025,6,27,8:25,Horse Field South,No,3D,Eastern Meadowlark,0,0,0,0,0,0,0,
Appleton Farms,Greg Power,2025,6,27,9:17,Williams West,Yes,3E,Eastern Meadowlark,0,0,0,0,0,0,0,
Appleton Farms,Greg Power,2025,6,27,9:26,Williams West,Yes,3F,Eastern Meadowlark,0,0,0,0,0,0,0,
Appleton Farms,Sharon Stavropoulos,2025,6,27,7:31,Sunset Hill,No,3A,Bobolink,0,0,0,0,0,0,0,
Appleton Farms,Sharon Stavropoulos,2025,6,27,7:36,Sunset Meadow,No,3A,Bobolink,1,2,3,0,0,0,3,
Appleton Farms,Sharon Stavropoulos,2025,6,27,7:44,Sunset Hill,No,3B,Bobolink,0,0,0,0,0,0,0,
Appleton Farms,Sharon Stavropoulos,2025,6,27,7:49,Sunset Meadow,No,3B,Bobolink,1,1,2,0,0,0,2,
Appleton Farms,Sharon Stavropoulos,2025,6,27,8:56,Horse Field Upper,No,3C,Bobolink,0,0,0,0,0,0,0,
Appleton Farms,Sharon Stavropoulos,2025,6,27,8:04,Horse Field South,No,3D,Bobolink,0,0,0,0,0,1,1,Bird heard not seen
Appleton Farms,Sharon Stavropoulos,2025,6,27,8:12,Williams West,Yes,3E,Bobolink,0,0,0,3,0,3,3,
Appleton Farms,Sharon Stavropoulos,2025,6,27,8:26,Williams West,Yes,3F,Bobolink,0,0,0,0,0,0,0,
Appleton Farms,Sharon Stavropoulos,2025,6,27,7:31,Sunset Hill,No,3A,Savannah Sparrow,0,0,0,0,0,0,0,
Appleton Farms,Sharon Stavropoulos,2025,6,27,7:36,Sunset Meadow,No,3A,Savannah Sparrow,0,0,0,0,0,0,0,
Appleton Farms,Sharon Stavropoulos,2025,6,27,7:44,Sunset Hill,No,3B,Savannah Sparrow,0,0,0,0,0,0,0,
Appleton Farms,Sharon Stavropoulos,2025,6,27,7:49,Sunset Meadow,No,3B,Savannah Sparrow,0,0,0,0,0,0,0,
Appleton Farms,Sharon Stavropoulos,2025,6,27,8:56,Horse Field Upper,No,3C,Savannah Sparrow,0,0,0,0,0,0,0,
Appleton Farms,Sharon Stavropoulos,2025,6,27,8:04,Horse Field South,No,3D,Savannah Sparrow,0,0,0,0,0,0,0,
Appleton Farms,Sharon Stavropoulos,2025,6,27,8:12,Williams West,Yes,3E,Savannah Sparrow,0,0,0,0,0,0,0,
Appleton Farms,Sharon Stavropoulos,2025,6,27,8:26,Williams West,Yes,3F,Savannah Sparrow,0,0,0,0,0,0,0,
Appleton Farms,Sharon Stavropoulos,2025,6,27,7:31,Sunset Hill,No,3A,Grasshopper Sparrow,0,0,0,0,0,0,0,
Appleton Farms,Sharon Stavropoulos,2025,6,27,7:36,Sunset Meadow,No,3A,Grasshopper Sparrow,0,0,0,0,0,0,0,
Appleton Farms,Sharon Stavropoulos,2025,6,27,7:44,Sunset Hill,No,3B,Grasshopper Sparrow,0,0,0,0,0,0,0,
Appleton Farms,Sharon Stavropoulos,2025,6,27,7:49,Sunset Meadow,No,3B,Grasshopper Sparrow,0,0,0,0,0,0,0,
Appleton Farms,Sharon Stavropoulos,2025,6,27,8:56,Horse Field Upper,No,3C,Grasshopper Sparrow,0,0,0,0,0,0,0,
Appleton Farms,Sharon Stavropoulos,2025,6,27,8:04,Horse Field South,No,3D,Grasshopper Sparrow,0,0,0,0,0,0,0,
Appleton Farms,Sharon Stavropoulos,2025,6,27,8:12,Williams West,Yes,3E,Grasshopper Sparrow,0,0,0,0,0,0,0,
Appleton Farms,Sharon Stavropoulos,2025,6,27,8:26,Williams West,Yes,3F,Grasshopper Sparrow,0,0,0,0,0,0,0,
Appleton Farms,Sharon Stavropoulos,2025,6,27,7:31,Sunset Hill,No,3A,Eastern Meadowlark,0,0,0,0,0,0,0,
Appleton Farms,Sharon Stavropoulos,2025,6,27,7:36,Sunset Meadow,No,3A,Eastern Meadowlark,0,0,0,0,0,0,0,
Appleton Farms,Sharon Stavropoulos,2025,6,27,7:44,Sunset Hill,No,3B,Eastern Meadowlark,0,0,0,0,0,0,0,
Appleton Farms,Sharon Stavropoulos,2025,6,27,7:49,Sunset Meadow,No,3B,Eastern Meadowlark,0,0,0,0,0,0,0,
Appleton Farms,Sharon Stavropoulos,2025,6,27,8:56,Horse Field Upper,No,3C,Eastern Meadowlark,0,0,0,0,0,0,0,
Appleton Farms,Sharon Stavropoulos,2025,6,27,8:04,Horse Field South,No,3D,Eastern Meadowlark,0,0,0,0,0,0,0,
Appleton Farms,Sharon Stavropoulos,2025,6,27,8:12,Williams West,Yes,3E,Eastern Meadowlark,0,0,0,0,0,0,0,
Appleton Farms,Sharon Stavropoulos,2025,6,27,8:26,Williams West,Yes,3F,Eastern Meadowlark,0,0,0,0,0,0,0,
Appleton Farms,Sharon Stavropoulos,2025,7,7,7:22,Sunset Hill,No,3A,Bobolink,0,0,0,0,0,0,0,
Appleton Farms,Sharon Stavropoulos,2025,7,7,7:27,Sunset Meadow,No,3A,Bobolink,0,0,0,0,0,0,0,
Appleton Farms,Sharon Stavropoulos,2025,7,7,7:35,Sunset Hill,No,3B,Bobolink,0,0,0,0,0,0,0,
Appleton Farms,Sharon Stavropoulos,2025,7,7,7:40,Sunset Meadow,No,3B,Bobolink,0,0,0,0,0,0,0,
Appleton Farms,Sharon Stavropoulos,2025,7,7,8:14,Horse Field Upper,No,3C,Bobolink,0,0,0,0,0,0,0,
Appleton Farms,Sharon Stavropoulos,2025,7,7,7:47,Horse Field South,No,3D,Bobolink,0,0,0,0,0,0,0,
Appleton Farms,Sharon Stavropoulos,2025,7,7,7:55,Williams West,Yes,3E,Bobolink,0,0,0,0,0,0,0,
Appleton Farms,Sharon Stavropoulos,2025,7,7,8:02,Williams West,Yes,3F,Bobolink,0,0,0,1,0,1,1,
Appleton Farms,Sharon Stavropoulos,2025,7,7,7:22,Sunset Hill,No,3A,Savannah Sparrow,0,0,0,0,0,0,0,
Appleton Farms,Sharon Stavropoulos,2025,7,7,7:27,Sunset Meadow,No,3A,Savannah Sparrow,0,0,0,0,0,0,0,
Appleton Farms,Sharon Stavropoulos,2025,7,7,7:35,Sunset Hill,No,3B,Savannah Sparrow,0,0,0,0,0,0,0,
Appleton Farms,Sharon Stavropoulos,2025,7,7,7:40,Sunset Meadow,No,3B,Savannah Sparrow,0,0,0,0,0,0,0,
Appleton Farms,Sharon Stavropoulos,2025,7,7,8:14,Horse Field Upper,No,3C,Savannah Sparrow,0,0,0,0,0,0,0,
Appleton Farms,Sharon Stavropoulos,2025,7,7,7:47,Horse Field South,No,3D,Savannah Sparrow,0,0,0,0,0,0,0,
Appleton Farms,Sharon Stavropoulos,2025,7,7,7:55,Williams West,Yes,3E,Savannah Sparrow,0,0,0,0,0,0,0,
Appleton Farms,Sharon Stavropoulos,2025,7,7,8:02,Williams West,Yes,3F,Savannah Sparrow,0,0,0,0,0,0,0,
Appleton Farms,Sharon Stavropoulos,2025,7,7,7:22,Sunset Hill,No,3A,Grasshopper Sparrow,0,0,0,0,0,0,0,
Appleton Farms,Sharon Stavropoulos,2025,7,7,7:27,Sunset Meadow,No,3A,Grasshopper Sparrow,0,0,0,0,0,0,0,
Appleton Farms,Sharon Stavropoulos,2025,7,7,7:35,Sunset Hill,No,3B,Grasshopper Sparrow,0,0,0,0,0,0,0,
Appleton Farms,Sharon Stavropoulos,2025,7,7,7:40,Sunset Meadow,No,3B,Grasshopper Sparrow,0,0,0,0,0,0,0,
Appleton Farms,Sharon Stavropoulos,2025,7,7,8:14,Horse Field Upper,No,3C,Grasshopper Sparrow,0,0,0,0,0,0,0,
Appleton Farms,Sharon Stavropoulos,2025,7,7,7:47,Horse Field South,No,3D,Grasshopper Sparrow,0,0,0,0,0,0,0,
Appleton Farms,Sharon Stavropoulos,2025,7,7,7:55,Williams West,Yes,3E,Grasshopper Sparrow,0,0,0,0,0,0,0,
Appleton Farms,Sharon Stavropoulos,2025,7,7,8:02,Williams West,Yes,3F,Grasshopper Sparrow,0,0,0,0,0,0,0,
Appleton Farms,Sharon Stavropoulos,2025,7,7,7:22,Sunset Hill,No,3A,Eastern Meadowlark,0,0,0,0,0,0,0,
Appleton Farms,Sharon Stavropoulos,2025,7,7,7:27,Sunset Meadow,No,3A,Eastern Meadowlark,0,0,0,0,0,0,0,
Appleton Farms,Sharon Stavropoulos,2025,7,7,7:35,Sunset Hill,No,3B,Eastern Meadowlark,0,0,0,0,0,0,0,
Appleton Farms,Sharon Stavropoulos,2025,7,7,7:40,Sunset Meadow,No,3B,Eastern Meadowlark,0,0,0,0,0,0,0,
Appleton Farms,Sharon Stavropoulos,2025,7,7,8:14,Horse Field Upper,No,3C,Eastern Meadowlark,0,0,0,0,0,0,0,
Appleton Farms,Sharon Stavropoulos,2025,7,7,7:47,Horse Field South,No,3D,Eastern Meadowlark,0,0,0,0,0,0,0,
Appleton Farms,Sharon Stavropoulos,2025,7,7,7:55,Williams West,Yes,3E,Eastern Meadowlark,0,0,0,0,0,0,0,
Appleton Farms,Sharon Stavropoulos,2025,7,7,8:02,Williams West,Yes,3F,Eastern Meadowlark,0,0,0,0,0,0,0,
Appleton Farms,Sharon Stavropoulos,2025,7,12,7:19,Sunset Hill,No,3A,Bobolink,0,0,0,0,0,0,0,
Appleton Farms,Sharon Stavropoulos,2025,7,12,7:24,Sunset Meadow,No,3A,Bobolink,0,0,0,0,0,0,0,
Appleton Farms,Sharon Stavropoulos,2025,7,12,7:30,Sunset Hill,No,3B,Bobolink,0,3,3,0,0,0,3,
Appleton Farms,Sharon Stavropoulos,2025,7,12,7:35,Sunset Meadow,No,3B,Bobolink,0,0,0,0,0,0,0,
Appleton Farms,Sharon Stavropoulos,2025,7,12,8:04,Horse Field Upper,No,3C,Bobolink,0,0,0,0,0,0,0,
Appleton Farms,Sharon Stavropoulos,2025,7,12,7:43,Horse Field South,No,3D,Bobolink,0,0,0,0,0,0,0,
Appleton Farms,Sharon Stavropoulos,2025,7,12,7:51,Williams West,Yes,3E,Bobolink,0,0,0,0,0,0,0,
Appleton Farms,Sharon Stavropoulos,2025,7,12,7:59,Williams West,Yes,3F,Bobolink,0,0,0,1,0,1,1,
Appleton Farms,Sharon Stavropoulos,2025,7,12,7:19,Sunset Hill,No,3A,Savannah Sparrow,0,0,0,0,0,0,0,
Appleton Farms,Sharon Stavropoulos,2025,7,12,7:24,Sunset Meadow,No,3A,Savannah Sparrow,0,0,0,0,0,0,0,
Appleton Farms,Sharon Stavropoulos,2025,7,12,7:30,Sunset Hill,No,3B,Savannah Sparrow,0,0,0,0,0,0,0,
Appleton Farms,Sharon Stavropoulos,2025,7,12,7:35,Sunset Meadow,No,3B,Savannah Sparrow,0,0,0,0,0,0,0,
Appleton Farms,Sharon Stavropoulos,2025,7,12,8:04,Horse Field Upper,No,3C,Savannah Sparrow,0,0,0,0,0,0,0,
Appleton Farms,Sharon Stavropoulos,2025,7,12,7:43,Horse Field South,No,3D,Savannah Sparrow,0,0,0,0,0,0,0,
Appleton Farms,Sharon Stavropoulos,2025,7,12,7:51,Williams West,Yes,3E,Savannah Sparrow,0,0,0,0,0,0,0,
Appleton Farms,Sharon Stavropoulos,2025,7,12,7:59,Williams West,Yes,3F,Savannah Sparrow,0,0,0,0,0,0,0,
Appleton Farms,Sharon Stavropoulos,2025,7,12,7:19,Sunset Hill,No,3A,Grasshopper Sparrow,0,0,0,0,0,0,0,
Appleton Farms,Sharon Stavropoulos,2025,7,12,7:24,Sunset Meadow,No,3A,Grasshopper Sparrow,0,0,0,0,0,0,0,
Appleton Farms,Sharon Stavropoulos,2025,7,12,7:30,Sunset Hill,No,3B,Grasshopper Sparrow,0,0,0,0,0,0,0,
Appleton Farms,Sharon Stavropoulos,2025,7,12,7:35,Sunset Meadow,No,3B,Grasshopper Sparrow,0,0,0,0,0,0,0,
Appleton Farms,Sharon Stavropoulos,2025,7,12,8:04,Horse Field Upper,No,3C,Grasshopper Sparrow,0,0,0,0,0,0,0,
Appleton Farms,Sharon Stavropoulos,2025,7,12,7:43,Horse Field South,No,3D,Grasshopper Sparrow,0,0,0,0,0,0,0,
Appleton Farms,Sharon Stavropoulos,2025,7,12,7:51,Williams West,Yes,3E,Grasshopper Sparrow,0,0,0,0,0,0,0,
Appleton Farms,Sharon Stavropoulos,2025,7,12,7:59,Williams West,Yes,3F,Grasshopper Sparrow,0,0,0,0,0,0,0,
Appleton Farms,Sharon Stavropoulos,2025,7,12,7:19,Sunset Hill,No,3A,Eastern Meadowlark,0,0,0,0,0,0,0,
Appleton Farms,Sharon Stavropoulos,2025,7,12,7:24,Sunset Meadow,No,3A,Eastern Meadowlark,0,0,0,0,0,0,0,
Appleton Farms,Sharon Stavropoulos,2025,7,12,7:30,Sunset Hill,No,3B,Eastern Meadowlark,0,0,0,0,0,0,0,
Appleton Farms,Sharon Stavropoulos,2025,7,12,7:35,Sunset Meadow,No,3B,Eastern Meadowlark,0,0,0,0,0,0,0,
Appleton Farms,Sharon Stavropoulos,2025,7,12,8:04,Horse Field Upper,No,3C,Eastern Meadowlark,0,0,0,0,0,0,0,
Appleton Farms,Sharon Stavropoulos,2025,7,12,7:43,Horse Field South,No,3D,Eastern Meadowlark,0,0,0,0,0,0,0,
Appleton Farms,Sharon Stavropoulos,2025,7,12,7:51,Williams West,Yes,3E,Eastern Meadowlark,0,0,0,0,0,0,0,
Appleton Farms,Sharon Stavropoulos,2025,7,12,7:59,Williams West,Yes,3F,Eastern Meadowlark,0,0,0,0,0,0,0,
Appleton Farms,Greg Power,2025,7,14,8:37,Sunset Hill,No,3A,Bobolink,0,0,0,0,0,0,0,
Appleton Farms,Greg Power,2025,7,14,8:43,Sunset Meadow,No,3A,Bobolink,0,0,0,1,0,1,1,
Appleton Farms,Greg Power,2025,7,14,8:20,Sunset Hill,No,3B,Bobolink,0,0,0,0,0,0,0,
Appleton Farms,Greg Power,2025,7,14,8:28,Sunset Meadow,No,3B,Bobolink,0,0,0,0,0,0,0,
Appleton Farms,Greg Power,2025,7,14,7:59,Horse Field Upper,No,3C,Bobolink,0,0,0,0,0,0,0,
Appleton Farms,Greg Power,2025,7,14,8:11,Horse Field South,No,3D,Bobolink,0,0,0,0,0,0,0,
Appleton Farms,Greg Power,2025,7,14,9:00,Williams West,Yes,3E,Bobolink,0,0,0,1,0,1,1,
Appleton Farms,Greg Power,2025,7,14,9:12,Williams West,Yes,3F,Bobolink,0,0,0,1,0,1,1,
Appleton Farms,Greg Power,2025,7,14,8:37,Sunset Hill,No,3A,Savannah Sparrow,0,0,0,0,0,0,0,
Appleton Farms,Greg Power,2025,7,14,8:43,Sunset Meadow,No,3A,Savannah Sparrow,0,0,0,0,0,0,0,
Appleton Farms,Greg Power,2025,7,14,8:20,Sunset Hill,No,3B,Savannah Sparrow,0,0,0,0,0,0,0,
Appleton Farms,Greg Power,2025,7,14,8:28,Sunset Meadow,No,3B,Savannah Sparrow,0,0,0,0,0,0,0,
Appleton Farms,Greg Power,2025,7,14,7:59,Horse Field Upper,No,3C,Savannah Sparrow,0,0,0,0,0,0,0,
Appleton Farms,Greg Power,2025,7,14,8:11,Horse Field South,No,3D,Savannah Sparrow,0,0,0,0,0,0,0,
Appleton Farms,Greg Power,2025,7,14,9:00,Williams West,Yes,3E,Savannah Sparrow,0,0,0,0,0,0,0,
Appleton Farms,Greg Power,2025,7,14,9:12,Williams West,Yes,3F,Savannah Sparrow,0,0,0,0,0,0,0,
Appleton Farms,Greg Power,2025,7,14,8:37,Sunset Hill,No,3A,Grasshopper Sparrow,0,0,0,0,0,0,0,
Appleton Farms,Greg Power,2025,7,14,8:43,Sunset Meadow,No,3A,Grasshopper Sparrow,0,0,0,0,0,0,0,
Appleton Farms,Greg Power,2025,7,14,8:20,Sunset Hill,No,3B,Grasshopper Sparrow,0,0,0,0,0,0,0,
Appleton Farms,Greg Power,2025,7,14,8:28,Sunset Meadow,No,3B,Grasshopper Sparrow,0,0,0,0,0,0,0,
Appleton Farms,Greg Power,2025,7,14,7:59,Horse Field Upper,No,3C,Grasshopper Sparrow,0,0,0,0,0,0,0,
Appleton Farms,Greg Power,2025,7,14,8:11,Horse Field South,No,3D,Grasshopper Sparrow,0,0,0,0,0,0,0,
Appleton Farms,Greg Power,2025,7,14,9:00,Williams West,Yes,3E,Grasshopper Sparrow,0,0,0,0,0,0,0,
Appleton Farms,Greg Power,2025,7,14,9:12,Williams West,Yes,3F,Grasshopper Sparrow,0,0,0,0,0,0,0,
Appleton Farms,Greg Power,2025,7,14,8:37,Sunset Hill,No,3A,Eastern Meadowlark,0,0,0,0,0,0,0,
Appleton Farms,Greg Power,2025,7,14,8:43,Sunset Meadow,No,3A,Eastern Meadowlark,0,0,0,0,0,0,0,
Appleton Farms,Greg Power,2025,7,14,8:20,Sunset Hill,No,3B,Eastern Meadowlark,0,0,0,0,0,0,0,
Appleton Farms,Greg Power,2025,7,14,8:28,Sunset Meadow,No,3B,Eastern Meadowlark,0,0,0,0,0,0,0,
Appleton Farms,Greg Power,2025,7,14,7:59,Horse Field Upper,No,3C,Eastern Meadowlark,0,0,0,0,0,0,0,
Appleton Farms,Greg Power,2025,7,14,8:11,Horse Field South,No,3D,Eastern Meadowlark,0,0,0,0,0,0,0,
Appleton Farms,Greg Power,2025,7,14,9:00,Williams West,Yes,3E,Eastern Meadowlark,0,0,0,0,0,0,0,
Appleton Farms,Greg Power,2025,7,14,9:12,Williams West,Yes,3F,Eastern Meadowlark,0,0,0,0,0,0,0,
Appleton Farms,Ruth Szebries,2025,5,4,NA,Briar Hill,No,4A,Bobolink,0,0,0,0,0,0,0,
Appleton Farms,Ruth Szebries,2025,5,4,NA,Plains,No,4B,Bobolink,0,0,0,0,0,0,0,
Appleton Farms,Ruth Szebries,2025,5,4,NA,Plains,No,4C,Bobolink,0,0,0,0,0,0,0,
Appleton Farms,Ruth Szebries,2025,5,4,NA,Plains,No,4D,Bobolink,0,0,0,0,0,0,0,
Appleton Farms,Ruth Szebries,2025,5,4,NA,Playground,No,4E,Bobolink,0,0,0,0,0,0,0,
Appleton Farms,Ruth Szebries,2025,5,4,NA,Playground,No,4F,Bobolink,0,0,0,0,0,0,0,
Appleton Farms,Ruth Szebries,2025,5,4,NA,Briar Hill,No,4A,Savannah Sparrow,0,0,0,0,0,0,0,
Appleton Farms,Ruth Szebries,2025,5,4,NA,Plains,No,4B,Savannah Sparrow,0,0,0,0,0,0,0,
Appleton Farms,Ruth Szebries,2025,5,4,NA,Plains,No,4C,Savannah Sparrow,0,0,0,0,0,0,0,
Appleton Farms,Ruth Szebries,2025,5,4,NA,Plains,No,4D,Savannah Sparrow,0,0,0,0,0,0,0,
Appleton Farms,Ruth Szebries,2025,5,4,NA,Playground,No,4E,Savannah Sparrow,0,0,0,0,0,0,0,
Appleton Farms,Ruth Szebries,2025,5,4,NA,Playground,No,4F,Savannah Sparrow,0,0,0,0,0,0,0,
Appleton Farms,Ruth Szebries,2025,5,4,NA,Briar Hill,No,4A,Grasshopper Sparrow,0,0,0,0,0,0,0,
Appleton Farms,Ruth Szebries,2025,5,4,NA,Plains,No,4B,Grasshopper Sparrow,0,0,0,0,0,0,0,
Appleton Farms,Ruth Szebries,2025,5,4,NA,Plains,No,4C,Grasshopper Sparrow,0,0,0,0,0,0,0,
Appleton Farms,Ruth Szebries,2025,5,4,NA,Plains,No,4D,Grasshopper Sparrow,0,0,0,0,0,0,0,
Appleton Farms,Ruth Szebries,2025,5,4,NA,Playground,No,4E,Grasshopper Sparrow,0,0,0,0,0,0,0,
Appleton Farms,Ruth Szebries,2025,5,4,NA,Playground,No,4F,Grasshopper Sparrow,0,0,0,0,0,0,0,
Appleton Farms,Ruth Szebries,2025,5,4,NA,Briar Hill,No,4A,Eastern Meadowlark,0,0,0,0,0,0,0,
Appleton Farms,Ruth Szebries,2025,5,4,NA,Plains,No,4B,Eastern Meadowlark,0,0,0,0,0,0,0,
Appleton Farms,Ruth Szebries,2025,5,4,NA,Plains,No,4C,Eastern Meadowlark,0,0,0,0,0,0,0,
Appleton Farms,Ruth Szebries,2025,5,4,NA,Plains,No,4D,Eastern Meadowlark,0,0,0,0,0,0,0,
Appleton Farms,Ruth Szebries,2025,5,4,NA,Playground,No,4E,Eastern Meadowlark,0,0,0,0,0,0,0,
Appleton Farms,Ruth Szebries,2025,5,4,NA,Playground,No,4F,Eastern Meadowlark,0,0,0,0,0,0,0,
Appleton Farms,Ruth Szebries,2025,5,11,NA,Briar Hill,No,4A,Bobolink,0,0,0,1,0,1,1,
Appleton Farms,Ruth Szebries,2025,5,11,NA,Plains,No,4B,Bobolink,0,0,0,0,0,0,0,
Appleton Farms,Ruth Szebries,2025,5,11,NA,Plains,No,4C,Bobolink,0,0,0,0,0,0,0,
Appleton Farms,Ruth Szebries,2025,5,11,NA,Plains,No,4D,Bobolink,0,0,0,0,0,0,0,
Appleton Farms,Ruth Szebries,2025,5,11,NA,Playground,No,4E,Bobolink,0,0,0,0,0,0,0,
Appleton Farms,Ruth Szebries,2025,5,11,NA,Playground,No,4F,Bobolink,0,0,0,0,0,0,0,
Appleton Farms,Ruth Szebries,2025,5,11,NA,Briar Hill,No,4A,Savannah Sparrow,0,0,0,0,0,0,0,
Appleton Farms,Ruth Szebries,2025,5,11,NA,Plains,No,4B,Savannah Sparrow,0,0,0,0,0,0,0,
Appleton Farms,Ruth Szebries,2025,5,11,NA,Plains,No,4C,Savannah Sparrow,0,0,0,0,0,0,0,
Appleton Farms,Ruth Szebries,2025,5,11,NA,Plains,No,4D,Savannah Sparrow,0,0,0,0,0,0,0,
Appleton Farms,Ruth Szebries,2025,5,11,NA,Playground,No,4E,Savannah Sparrow,0,0,0,0,0,0,0,
Appleton Farms,Ruth Szebries,2025,5,11,NA,Playground,No,4F,Savannah Sparrow,0,0,0,0,0,0,0,
Appleton Farms,Ruth Szebries,2025,5,11,NA,Briar Hill,No,4A,Grasshopper Sparrow,0,0,0,0,0,0,0,
Appleton Farms,Ruth Szebries,2025,5,11,NA,Plains,No,4B,Grasshopper Sparrow,0,0,0,0,0,0,0,
Appleton Farms,Ruth Szebries,2025,5,11,NA,Plains,No,4C,Grasshopper Sparrow,0,0,0,0,0,0,0,
Appleton Farms,Ruth Szebries,2025,5,11,NA,Plains,No,4D,Grasshopper Sparrow,0,0,0,0,0,0,0,
Appleton Farms,Ruth Szebries,2025,5,11,NA,Playground,No,4E,Grasshopper Sparrow,0,0,0,0,0,0,0,
Appleton Farms,Ruth Szebries,2025,5,11,NA,Playground,No,4F,Grasshopper Sparrow,0,0,0,0,0,0,0,
Appleton Farms,Ruth Szebries,2025,5,11,NA,Briar Hill,No,4A,Eastern Meadowlark,0,0,0,0,0,0,0,
Appleton Farms,Ruth Szebries,2025,5,11,NA,Plains,No,4B,Eastern Meadowlark,0,0,0,0,0,0,0,
Appleton Farms,Ruth Szebries,2025,5,11,NA,Plains,No,4C,Eastern Meadowlark,0,0,0,0,0,0,0,
Appleton Farms,Ruth Szebries,2025,5,11,NA,Plains,No,4D,Eastern Meadowlark,0,0,0,0,0,0,0,
Appleton Farms,Ruth Szebries,2025,5,11,NA,Playground,No,4E,Eastern Meadowlark,0,0,0,0,0,0,0,
Appleton Farms,Ruth Szebries,2025,5,11,NA,Playground,No,4F,Eastern Meadowlark,0,0,0,0,0,0,0,
Appleton Farms,Alejandro Brambila,2025,5,12,3:45,Briar Hill,No,4A,Bobolink,1,1,2,0,0,0,2,
Appleton Farms,Alejandro Brambila,2025,5,12,2:15,Plains,No,4B,Bobolink,2,0,2,1,0,1,3,
Appleton Farms,Alejandro Brambila,2025,5,12,2:55,Plains,No,4C,Bobolink,0,2,2,1,0,1,2,
Appleton Farms,Alejandro Brambila,2025,5,12,2:31,Plains,No,4D,Bobolink,0,0,0,0,0,0,0,
Appleton Farms,Alejandro Brambila,2025,5,12,2:31,Playground,No,4E,Bobolink,0,0,0,0,0,0,0,
Appleton Farms,Alejandro Brambila,2025,5,12,2:40,Playground,No,4F,Bobolink,0,0,0,0,0,0,0,
Appleton Farms,Alejandro Brambila,2025,5,12,3:45,Briar Hill,No,4A,Savannah Sparrow,0,0,0,0,0,0,0,
Appleton Farms,Alejandro Brambila,2025,5,12,2:15,Plains,No,4B,Savannah Sparrow,0,0,0,0,0,0,0,
Appleton Farms,Alejandro Brambila,2025,5,12,2:55,Plains,No,4C,Savannah Sparrow,0,0,0,0,0,0,0,
Appleton Farms,Alejandro Brambila,2025,5,12,2:31,Plains,No,4D,Savannah Sparrow,0,0,0,0,0,0,0,
Appleton Farms,Alejandro Brambila,2025,5,12,2:31,Playground,No,4E,Savannah Sparrow,0,0,0,0,0,0,0,
Appleton Farms,Alejandro Brambila,2025,5,12,2:40,Playground,No,4F,Savannah Sparrow,0,0,0,0,0,0,0,
Appleton Farms,Alejandro Brambila,2025,5,12,3:45,Briar Hill,No,4A,Grasshopper Sparrow,0,0,0,0,0,0,0,
Appleton Farms,Alejandro Brambila,2025,5,12,2:15,Plains,No,4B,Grasshopper Sparrow,0,0,0,0,0,0,0,
Appleton Farms,Alejandro Brambila,2025,5,12,2:55,Plains,No,4C,Grasshopper Sparrow,0,0,0,0,0,0,0,
Appleton Farms,Alejandro Brambila,2025,5,12,2:31,Plains,No,4D,Grasshopper Sparrow,0,0,0,0,0,0,0,
Appleton Farms,Alejandro Brambila,2025,5,12,2:31,Playground,No,4E,Grasshopper Sparrow,0,0,0,0,0,0,0,
Appleton Farms,Alejandro Brambila,2025,5,12,2:40,Playground,No,4F,Grasshopper Sparrow,0,0,0,0,0,0,0,
Appleton Farms,Alejandro Brambila,2025,5,12,3:45,Briar Hill,No,4A,Eastern Meadowlark,0,0,0,0,0,0,0,
Appleton Farms,Alejandro Brambila,2025,5,12,2:15,Plains,No,4B,Eastern Meadowlark,0,0,0,0,0,0,0,
Appleton Farms,Alejandro Brambila,2025,5,12,2:55,Plains,No,4C,Eastern Meadowlark,0,0,0,0,0,0,0,
Appleton Farms,Alejandro Brambila,2025,5,12,2:31,Plains,No,4D,Eastern Meadowlark,0,0,0,0,0,0,0,
Appleton Farms,Alejandro Brambila,2025,5,12,2:31,Playground,No,4E,Eastern Meadowlark,0,0,0,0,0,0,0,
Appleton Farms,Alejandro Brambila,2025,5,12,2:40,Playground,No,4F,Eastern Meadowlark,0,0,0,0,0,0,0,
Appleton Farms,Abigail Feldman,2025,5,16,10:31,Briar Hill,No,4A,Bobolink,1,0,1,1,0,1,2,Flyover
Appleton Farms,Abigail Feldman,2025,5,16,10:49,Plains,No,4B,Bobolink,0,0,0,3,0,3,3,
Appleton Farms,Abigail Feldman,2025,5,16,11:44,Plains,No,4C,Bobolink,1,0,1,3,0,3,4,
Appleton Farms,Abigail Feldman,2025,5,16,11:01,Plains,No,4D,Bobolink,0,0,0,0,0,0,0,
Appleton Farms,Abigail Feldman,2025,5,16,11:06,Playground,Yes,4E,Bobolink,0,0,0,0,0,0,0,
Appleton Farms,Abigail Feldman,2025,5,16,11:19,Playground,Yes,4F,Bobolink,0,0,0,0,0,0,0,
Appleton Farms,Abigail Feldman,2025,5,16,10:31,Briar Hill,No,4A,Savannah Sparrow,0,0,0,0,0,0,0,
Appleton Farms,Abigail Feldman,2025,5,16,10:49,Plains,No,4B,Savannah Sparrow,0,0,0,0,0,0,0,
Appleton Farms,Abigail Feldman,2025,5,16,11:44,Plains,No,4C,Savannah Sparrow,0,0,0,0,0,0,0,
Appleton Farms,Abigail Feldman,2025,5,16,11:01,Plains,No,4D,Savannah Sparrow,0,0,0,0,0,0,0,
Appleton Farms,Abigail Feldman,2025,5,16,11:06,Playground,Yes,4E,Savannah Sparrow,0,0,0,0,0,0,0,
Appleton Farms,Abigail Feldman,2025,5,16,11:19,Playground,Yes,4F,Savannah Sparrow,0,0,0,0,0,0,2,
Appleton Farms,Abigail Feldman,2025,5,16,10:31,Briar Hill,No,4A,Grasshopper Sparrow,0,0,0,0,0,0,0,
Appleton Farms,Abigail Feldman,2025,5,16,10:49,Plains,No,4B,Grasshopper Sparrow,0,0,0,0,0,0,0,
Appleton Farms,Abigail Feldman,2025,5,16,11:44,Plains,No,4C,Grasshopper Sparrow,0,0,0,0,0,0,0,
Appleton Farms,Abigail Feldman,2025,5,16,11:01,Plains,No,4D,Grasshopper Sparrow,0,0,0,0,0,0,0,
Appleton Farms,Abigail Feldman,2025,5,16,11:06,Playground,Yes,4E,Grasshopper Sparrow,0,0,0,0,0,0,0,
Appleton Farms,Abigail Feldman,2025,5,16,11:19,Playground,Yes,4F,Grasshopper Sparrow,0,0,0,0,0,0,0,
Appleton Farms,Abigail Feldman,2025,5,16,10:31,Briar Hill,No,4A,Eastern Meadowlark,0,0,0,0,0,0,0,
Appleton Farms,Abigail Feldman,2025,5,16,10:49,Plains,No,4B,Eastern Meadowlark,0,0,0,0,0,0,0,
Appleton Farms,Abigail Feldman,2025,5,16,11:44,Plains,No,4C,Eastern Meadowlark,0,0,0,0,0,0,0,
Appleton Farms,Abigail Feldman,2025,5,16,11:01,Plains,No,4D,Eastern Meadowlark,0,0,0,0,0,0,0,
Appleton Farms,Abigail Feldman,2025,5,16,11:06,Playground,Yes,4E,Eastern Meadowlark,0,0,0,0,0,0,0,
Appleton Farms,Abigail Feldman,2025,5,16,11:19,Playground,Yes,4F,Eastern Meadowlark,0,0,0,0,0,0,0,
Appleton Farms,Ruth Szebries,2025,5,22,NA,Briar Hill,No,4A,Bobolink,0,0,0,0,0,1,1,
Appleton Farms,Ruth Szebries,2025,5,22,NA,Plains,No,4B,Bobolink,0,0,0,0,0,0,0,
Appleton Farms,Ruth Szebries,2025,5,22,NA,Plains,No,4C,Bobolink,0,0,0,1,1,2,2,
Appleton Farms,Ruth Szebries,2025,5,22,NA,Plains,No,4D,Bobolink,0,0,0,0,0,0,0,
Appleton Farms,Ruth Szebries,2025,5,22,NA,Playground,Yes,4E,Bobolink,0,0,0,0,0,0,0,
Appleton Farms,Ruth Szebries,2025,5,22,NA,Playground,Yes,4F,Bobolink,0,0,0,0,0,0,0,
Appleton Farms,Ruth Szebries,2025,5,22,NA,Briar Hill,No,4A,Savannah Sparrow,0,0,0,0,0,0,0,
Appleton Farms,Ruth Szebries,2025,5,22,NA,Plains,No,4B,Savannah Sparrow,0,0,0,0,0,0,0,
Appleton Farms,Ruth Szebries,2025,5,22,NA,Plains,No,4C,Savannah Sparrow,0,0,0,0,0,0,0,
Appleton Farms,Ruth Szebries,2025,5,22,NA,Plains,No,4D,Savannah Sparrow,0,0,0,0,0,0,0,
Appleton Farms,Ruth Szebries,2025,5,22,NA,Playground,Yes,4E,Savannah Sparrow,0,0,0,0,0,0,0,
Appleton Farms,Ruth Szebries,2025,5,22,NA,Playground,Yes,4F,Savannah Sparrow,0,0,0,0,0,0,0,
Appleton Farms,Ruth Szebries,2025,5,22,NA,Briar Hill,No,4A,Grasshopper Sparrow,0,0,0,0,0,0,0,
Appleton Farms,Ruth Szebries,2025,5,22,NA,Plains,No,4B,Grasshopper Sparrow,0,0,0,0,0,0,0,
Appleton Farms,Ruth Szebries,2025,5,22,NA,Plains,No,4C,Grasshopper Sparrow,0,0,0,0,0,0,0,
Appleton Farms,Ruth Szebries,2025,5,22,NA,Plains,No,4D,Grasshopper Sparrow,0,0,0,0,0,0,0,
Appleton Farms,Ruth Szebries,2025,5,22,NA,Playground,Yes,4E,Grasshopper Sparrow,0,0,0,0,0,0,0,
Appleton Farms,Ruth Szebries,2025,5,22,NA,Playground,Yes,4F,Grasshopper Sparrow,0,0,0,0,0,0,0,
Appleton Farms,Ruth Szebries,2025,5,22,NA,Briar Hill,No,4A,Eastern Meadowlark,0,0,0,0,0,0,0,
Appleton Farms,Ruth Szebries,2025,5,22,NA,Plains,No,4B,Eastern Meadowlark,0,0,0,0,0,0,0,
Appleton Farms,Ruth Szebries,2025,5,22,NA,Plains,No,4C,Eastern Meadowlark,0,0,0,0,0,0,0,
Appleton Farms,Ruth Szebries,2025,5,22,NA,Plains,No,4D,Eastern Meadowlark,0,0,0,0,0,0,0,
Appleton Farms,Ruth Szebries,2025,5,22,NA,Playground,Yes,4E,Eastern Meadowlark,0,0,0,0,0,0,0,
Appleton Farms,Ruth Szebries,2025,5,22,NA,Playground,Yes,4F,Eastern Meadowlark,0,0,0,0,0,0,0,
Appleton Farms,Ruth Szebries,2025,5,25,NA,Briar Hill,No,4A,Bobolink,0,0,1,0,0,1,2,Flyovers
Appleton Farms,Ruth Szebries,2025,5,25,NA,Plains,No,4B,Bobolink,0,0,0,0,0,0,0,
Appleton Farms,Ruth Szebries,2025,5,25,NA,Plains,No,4C,Bobolink,0,0,0,0,0,0,0,
Appleton Farms,Ruth Szebries,2025,5,25,NA,Plains,No,4D,Bobolink,0,0,0,0,0,0,0,
Appleton Farms,Ruth Szebries,2025,5,25,NA,Playground,Yes,4E,Bobolink,0,0,0,0,0,0,0,
Appleton Farms,Ruth Szebries,2025,5,25,NA,Playground,Yes,4F,Bobolink,0,0,1,0,0,2,3,Flyovers
Appleton Farms,Ruth Szebries,2025,5,25,NA,Briar Hill,No,4A,Savannah Sparrow,0,0,0,0,0,0,0,
Appleton Farms,Ruth Szebries,2025,5,25,NA,Plains,No,4B,Savannah Sparrow,0,0,0,0,0,0,0,
Appleton Farms,Ruth Szebries,2025,5,25,NA,Plains,No,4C,Savannah Sparrow,0,0,0,0,0,0,0,
Appleton Farms,Ruth Szebries,2025,5,25,NA,Plains,No,4D,Savannah Sparrow,0,0,0,0,0,0,0,
Appleton Farms,Ruth Szebries,2025,5,25,NA,Playground,Yes,4E,Savannah Sparrow,0,0,0,0,0,0,0,
Appleton Farms,Ruth Szebries,2025,5,25,NA,Playground,Yes,4F,Savannah Sparrow,0,0,0,0,0,0,0,
Appleton Farms,Ruth Szebries,2025,5,25,NA,Briar Hill,No,4A,Grasshopper Sparrow,0,0,0,0,0,0,0,
Appleton Farms,Ruth Szebries,2025,5,25,NA,Plains,No,4B,Grasshopper Sparrow,0,0,0,0,0,0,0,
Appleton Farms,Ruth Szebries,2025,5,25,NA,Plains,No,4C,Grasshopper Sparrow,0,0,0,0,0,0,0,
Appleton Farms,Ruth Szebries,2025,5,25,NA,Plains,No,4D,Grasshopper Sparrow,0,0,0,0,0,0,0,
Appleton Farms,Ruth Szebries,2025,5,25,NA,Playground,Yes,4E,Grasshopper Sparrow,0,0,0,0,0,0,0,
Appleton Farms,Ruth Szebries,2025,5,25,NA,Playground,Yes,4F,Grasshopper Sparrow,0,0,0,0,0,0,0,
Appleton Farms,Ruth Szebries,2025,5,25,NA,Briar Hill,No,4A,Eastern Meadowlark,0,0,0,0,0,0,0,
Appleton Farms,Ruth Szebries,2025,5,25,NA,Plains,No,4B,Eastern Meadowlark,0,0,0,0,0,0,0,
Appleton Farms,Ruth Szebries,2025,5,25,NA,Plains,No,4C,Eastern Meadowlark,0,0,0,0,0,0,0,
Appleton Farms,Ruth Szebries,2025,5,25,NA,Plains,No,4D,Eastern Meadowlark,0,0,0,0,0,0,0,
Appleton Farms,Ruth Szebries,2025,5,25,NA,Playground,Yes,4E,Eastern Meadowlark,0,0,0,0,0,0,0,
Appleton Farms,Ruth Szebries,2025,5,25,NA,Playground,Yes,4F,Eastern Meadowlark,0,0,0,0,0,0,0,
Appleton Farms,Abigail Feldman,2025,5,25,9:34,Briar Hill,No,4A,Bobolink,1,0,1,0,2,2,3,Flyovers
Appleton Farms,Abigail Feldman,2025,5,25,9:54,Plains,No,4B,Bobolink,0,0,0,2,0,2,2,Flyovers
Appleton Farms,Abigail Feldman,2025,5,25,10:49,Plains,No,4C,Bobolink,0,0,0,1,0,1,1,
Appleton Farms,Abigail Feldman,2025,5,25,10:10,Plains,No,4D,Bobolink,1,0,1,1,0,1,2,
Appleton Farms,Abigail Feldman,2025,5,25,10:15,Playground,Yes,4E,Bobolink,0,0,0,0,0,0,0,
Appleton Farms,Abigail Feldman,2025,5,25,10:31,Playground,Yes,4F,Bobolink,0,0,0,0,0,0,0,
Appleton Farms,Abigail Feldman,2025,5,25,9:34,Briar Hill,No,4A,Savannah Sparrow,0,0,0,0,0,0,0,
Appleton Farms,Abigail Feldman,2025,5,25,9:54,Plains,No,4B,Savannah Sparrow,0,0,0,0,0,0,0,
Appleton Farms,Abigail Feldman,2025,5,25,10:49,Plains,No,4C,Savannah Sparrow,0,0,0,0,0,0,0,
Appleton Farms,Abigail Feldman,2025,5,25,10:10,Plains,No,4D,Savannah Sparrow,0,0,0,0,0,0,0,
Appleton Farms,Abigail Feldman,2025,5,25,10:15,Playground,Yes,4E,Savannah Sparrow,0,0,0,0,0,0,0,
Appleton Farms,Abigail Feldman,2025,5,25,10:31,Playground,Yes,4F,Savannah Sparrow,0,0,0,0,0,0,0,
Appleton Farms,Abigail Feldman,2025,5,25,9:34,Briar Hill,No,4A,Grasshopper Sparrow,0,0,0,0,0,0,0,
Appleton Farms,Abigail Feldman,2025,5,25,9:54,Plains,No,4B,Grasshopper Sparrow,0,0,0,0,0,0,0,
Appleton Farms,Abigail Feldman,2025,5,25,10:49,Plains,No,4C,Grasshopper Sparrow,0,0,0,0,0,0,0,
Appleton Farms,Abigail Feldman,2025,5,25,10:10,Plains,No,4D,Grasshopper Sparrow,0,0,0,0,0,0,0,
Appleton Farms,Abigail Feldman,2025,5,25,10:15,Playground,Yes,4E,Grasshopper Sparrow,0,0,0,0,0,0,0,
Appleton Farms,Abigail Feldman,2025,5,25,10:31,Playground,Yes,4F,Grasshopper Sparrow,0,0,0,0,0,0,0,
Appleton Farms,Abigail Feldman,2025,5,25,9:34,Briar Hill,No,4A,Eastern Meadowlark,0,0,0,0,0,0,0,
Appleton Farms,Abigail Feldman,2025,5,25,9:54,Plains,No,4B,Eastern Meadowlark,0,0,0,0,0,0,0,
Appleton Farms,Abigail Feldman,2025,5,25,10:49,Plains,No,4C,Eastern Meadowlark,0,0,0,0,0,0,0,
Appleton Farms,Abigail Feldman,2025,5,25,10:10,Plains,No,4D,Eastern Meadowlark,0,0,0,0,0,0,0,
Appleton Farms,Abigail Feldman,2025,5,25,10:15,Playground,Yes,4E,Eastern Meadowlark,0,0,0,0,0,0,0,
Appleton Farms,Abigail Feldman,2025,5,25,10:31,Playground,Yes,4F,Eastern Meadowlark,0,0,0,0,0,0,0,
Appleton Farms,Natalie Hayner,2025,5,28,5:18,Briar Hill,No,4A,Bobolink,0,0,0,0,0,0,0,
Appleton Farms,Natalie Hayner,2025,5,28,5:45,Plains,No,4B,Bobolink,0,0,0,0,0,0,0,
Appleton Farms,Natalie Hayner,2025,5,28,6:55,Plains,No,4C,Bobolink,1,0,3,1,0,1,4,Bird heard not seen
Appleton Farms,Natalie Hayner,2025,5,28,6:12,Plains,No,4D,Bobolink,0,0,1,1,0,1,2,
Appleton Farms,Natalie Hayner,2025,5,28,6:18,Playground,No,4E,Bobolink,0,0,0,0,0,1,1,Bird heard not seen
Appleton Farms,Natalie Hayner,2025,5,28,6:30,Playground,No,4F,Bobolink,0,0,0,0,0,0,0,
Appleton Farms,Natalie Hayner,2025,5,28,5:18,Briar Hill,No,4A,Savannah Sparrow,0,0,0,0,0,0,0,
Appleton Farms,Natalie Hayner,2025,5,28,5:45,Plains,No,4B,Savannah Sparrow,0,0,0,0,0,0,0,
Appleton Farms,Natalie Hayner,2025,5,28,6:55,Plains,No,4C,Savannah Sparrow,0,0,0,0,0,2,2,Bird heard not seen
Appleton Farms,Natalie Hayner,2025,5,28,6:12,Plains,No,4D,Savannah Sparrow,0,0,1,0,0,0,1,Bird heard not seen
Appleton Farms,Natalie Hayner,2025,5,28,6:18,Playground,No,4E,Savannah Sparrow,0,0,0,0,0,0,0,
Appleton Farms,Natalie Hayner,2025,5,28,6:30,Playground,No,4F,Savannah Sparrow,0,0,0,0,0,0,0,
Appleton Farms,Natalie Hayner,2025,5,28,5:18,Briar Hill,No,4A,Grasshopper Sparrow,0,0,0,0,0,0,0,
Appleton Farms,Natalie Hayner,2025,5,28,5:45,Plains,No,4B,Grasshopper Sparrow,0,0,0,0,0,0,0,
Appleton Farms,Natalie Hayner,2025,5,28,6:55,Plains,No,4C,Grasshopper Sparrow,0,0,0,0,0,0,0,
Appleton Farms,Natalie Hayner,2025,5,28,6:12,Plains,No,4D,Grasshopper Sparrow,0,0,0,0,0,0,0,
Appleton Farms,Natalie Hayner,2025,5,28,6:18,Playground,No,4E,Grasshopper Sparrow,0,0,0,0,0,0,0,
Appleton Farms,Natalie Hayner,2025,5,28,6:30,Playground,No,4F,Grasshopper Sparrow,0,0,0,0,0,0,0,
Appleton Farms,Natalie Hayner,2025,5,28,5:18,Briar Hill,No,4A,Eastern Meadowlark,0,0,0,0,0,0,0,
Appleton Farms,Natalie Hayner,2025,5,28,5:45,Plains,No,4B,Eastern Meadowlark,0,0,0,0,0,0,0,
Appleton Farms,Natalie Hayner,2025,5,28,6:55,Plains,No,4C,Eastern Meadowlark,0,0,0,0,0,1,1,Bird heard not seen
Appleton Farms,Natalie Hayner,2025,5,28,6:12,Plains,No,4D,Eastern Meadowlark,0,0,0,0,0,0,0,
Appleton Farms,Natalie Hayner,2025,5,28,6:18,Playground,No,4E,Eastern Meadowlark,0,0,0,0,0,0,0,
Appleton Farms,Natalie Hayner,2025,5,28,6:30,Playground,No,4F,Eastern Meadowlark,0,0,0,0,0,0,0,
Appleton Farms,Abigail Feldman,2025,6,1,8:02,Briar Hill,No,4A,Bobolink,1,0,1,1,0,1,2,Flyover
Appleton Farms,Abigail Feldman,2025,6,1,8:42,Plains,No,4B,Bobolink,0,0,0,0,0,0,0,
Appleton Farms,Abigail Feldman,2025,6,1,9:17,Plains,No,4C,Bobolink,1,0,1,0,0,0,1,
Appleton Farms,Abigail Feldman,2025,6,1,8:28,Plains,No,4D,Bobolink,1,0,1,0,0,0,1,
Appleton Farms,Abigail Feldman,2025,6,1,8:33,Playground,No,4E,Bobolink,0,0,0,0,0,0,0,
Appleton Farms,Abigail Feldman,2025,6,1,9:00,Playground,No,4F,Bobolink,0,0,0,0,0,0,0,
Appleton Farms,Abigail Feldman,2025,6,1,8:02,Briar Hill,No,4A,Savannah Sparrow,0,0,0,0,0,0,0,
Appleton Farms,Abigail Feldman,2025,6,1,8:42,Plains,No,4B,Savannah Sparrow,0,0,0,0,0,0,0,
Appleton Farms,Abigail Feldman,2025,6,1,9:17,Plains,No,4C,Savannah Sparrow,0,0,0,0,0,0,0,
Appleton Farms,Abigail Feldman,2025,6,1,8:28,Plains,No,4D,Savannah Sparrow,0,0,0,0,0,0,0,
Appleton Farms,Abigail Feldman,2025,6,1,8:33,Playground,No,4E,Savannah Sparrow,0,0,0,0,0,0,0,
Appleton Farms,Abigail Feldman,2025,6,1,9:00,Playground,No,4F,Savannah Sparrow,0,0,0,0,0,0,0,
Appleton Farms,Abigail Feldman,2025,6,1,8:02,Briar Hill,No,4A,Grasshopper Sparrow,0,0,0,0,0,0,0,
Appleton Farms,Abigail Feldman,2025,6,1,8:42,Plains,No,4B,Grasshopper Sparrow,0,0,0,0,0,0,0,
Appleton Farms,Abigail Feldman,2025,6,1,9:17,Plains,No,4C,Grasshopper Sparrow,0,0,0,0,0,0,0,
Appleton Farms,Abigail Feldman,2025,6,1,8:28,Plains,No,4D,Grasshopper Sparrow,0,0,0,0,0,0,0,
Appleton Farms,Abigail Feldman,2025,6,1,8:33,Playground,No,4E,Grasshopper Sparrow,0,0,0,0,0,0,0,
Appleton Farms,Abigail Feldman,2025,6,1,9:00,Playground,No,4F,Grasshopper Sparrow,0,0,0,0,0,0,0,
Appleton Farms,Abigail Feldman,2025,6,1,8:02,Briar Hill,No,4A,Eastern Meadowlark,0,0,0,0,0,0,0,
Appleton Farms,Abigail Feldman,2025,6,1,8:42,Plains,No,4B,Eastern Meadowlark,0,0,0,0,0,0,0,
Appleton Farms,Abigail Feldman,2025,6,1,9:17,Plains,No,4C,Eastern Meadowlark,0,0,0,0,0,0,0,
Appleton Farms,Abigail Feldman,2025,6,1,8:28,Plains,No,4D,Eastern Meadowlark,0,0,0,0,0,0,0,
Appleton Farms,Abigail Feldman,2025,6,1,8:33,Playground,No,4E,Eastern Meadowlark,0,0,0,0,0,0,0,
Appleton Farms,Abigail Feldman,2025,6,1,9:00,Playground,No,4F,Eastern Meadowlark,0,0,0,0,0,0,0,
Appleton Farms,Ruth Szebries,2025,6,3,10:00,Briar Hill,No,4A,Bobolink,0,1,1,1,0,1,2,
Appleton Farms,Ruth Szebries,2025,6,3,NA,Plains,No,4B,Bobolink,0,0,0,0,0,0,0,
Appleton Farms,Ruth Szebries,2025,6,3,NA,Plains,No,4C,Bobolink,0,0,0,0,0,0,0,
Appleton Farms,Ruth Szebries,2025,6,3,NA,Plains,No,4D,Bobolink,0,0,0,0,0,0,0,
Appleton Farms,Ruth Szebries,2025,6,3,NA,Playground,Yes,4E,Bobolink,0,0,0,0,0,0,0,
Appleton Farms,Ruth Szebries,2025,6,3,9:45,Playground,Yes,4F,Bobolink,0,0,0,0,0,0,0,
Appleton Farms,Ruth Szebries,2025,6,3,10:00,Briar Hill,No,4A,Savannah Sparrow,0,0,0,0,0,0,0,
Appleton Farms,Ruth Szebries,2025,6,3,NA,Plains,No,4B,Savannah Sparrow,0,0,0,0,0,0,0,
Appleton Farms,Ruth Szebries,2025,6,3,NA,Plains,No,4C,Savannah Sparrow,0,0,0,0,0,0,0,
Appleton Farms,Ruth Szebries,2025,6,3,NA,Plains,No,4D,Savannah Sparrow,0,0,0,0,0,0,0,
Appleton Farms,Ruth Szebries,2025,6,3,NA,Playground,Yes,4E,Savannah Sparrow,0,0,0,0,0,0,0,
Appleton Farms,Ruth Szebries,2025,6,3,9:45,Playground,Yes,4F,Savannah Sparrow,0,0,0,0,0,0,0,
Appleton Farms,Ruth Szebries,2025,6,3,10:00,Briar Hill,No,4A,Grasshopper Sparrow,0,0,0,0,0,0,0,
Appleton Farms,Ruth Szebries,2025,6,3,NA,Plains,No,4B,Grasshopper Sparrow,0,0,0,0,0,0,0,
Appleton Farms,Ruth Szebries,2025,6,3,NA,Plains,No,4C,Grasshopper Sparrow,0,0,0,0,0,0,0,
Appleton Farms,Ruth Szebries,2025,6,3,NA,Plains,No,4D,Grasshopper Sparrow,0,0,0,0,0,0,0,
Appleton Farms,Ruth Szebries,2025,6,3,NA,Playground,Yes,4E,Grasshopper Sparrow,0,0,0,0,0,0,0,
Appleton Farms,Ruth Szebries,2025,6,3,9:45,Playground,Yes,4F,Grasshopper Sparrow,0,0,0,0,0,0,0,
Appleton Farms,Ruth Szebries,2025,6,3,10:00,Briar Hill,No,4A,Eastern Meadowlark,0,0,0,0,0,0,0,
Appleton Farms,Ruth Szebries,2025,6,3,NA,Plains,No,4B,Eastern Meadowlark,0,0,0,0,0,0,0,
Appleton Farms,Ruth Szebries,2025,6,3,NA,Plains,No,4C,Eastern Meadowlark,0,0,0,0,0,0,0,
Appleton Farms,Ruth Szebries,2025,6,3,NA,Plains,No,4D,Eastern Meadowlark,0,0,0,0,0,0,0,
Appleton Farms,Ruth Szebries,2025,6,3,NA,Playground,Yes,4E,Eastern Meadowlark,0,0,0,0,0,0,0,
Appleton Farms,Ruth Szebries,2025,6,3,9:45,Playground,Yes,4F,Eastern Meadowlark,0,0,0,0,0,0,0,
Appleton Farms,Abigail Feldman,2025,6,8,9:05,Briar Hill,No,4A,Bobolink,1,0,1,1,0,1,2,
Appleton Farms,Abigail Feldman,2025,6,8,9:33,Plains,Yes,4B,Bobolink,0,0,0,0,0,0,0,
Appleton Farms,Abigail Feldman,2025,6,8,10:32,Plains,Yes,4C,Bobolink,0,0,0,0,0,0,0,
Appleton Farms,Abigail Feldman,2025,6,8,9:50,Plains,Yes,4D,Bobolink,0,0,0,0,0,0,0,
Appleton Farms,Abigail Feldman,2025,6,8,9:45,Playground,No,4E,Bobolink,0,0,0,2,0,2,2,
Appleton Farms,Abigail Feldman,2025,6,8,10:09,Playground,No,4F,Bobolink,0,0,0,0,0,0,0,
Appleton Farms,Abigail Feldman,2025,6,8,9:05,Briar Hill,No,4A,Savannah Sparrow,0,0,0,0,0,0,0,
Appleton Farms,Abigail Feldman,2025,6,8,9:33,Plains,Yes,4B,Savannah Sparrow,0,0,0,0,0,0,0,
Appleton Farms,Abigail Feldman,2025,6,8,10:32,Plains,Yes,4C,Savannah Sparrow,0,0,0,0,0,0,0,
Appleton Farms,Abigail Feldman,2025,6,8,9:50,Plains,Yes,4D,Savannah Sparrow,0,0,0,0,0,0,0,
Appleton Farms,Abigail Feldman,2025,6,8,9:45,Playground,No,4E,Savannah Sparrow,0,0,0,0,0,0,0,
Appleton Farms,Abigail Feldman,2025,6,8,10:09,Playground,No,4F,Savannah Sparrow,0,0,0,0,0,0,0,
Appleton Farms,Abigail Feldman,2025,6,8,9:05,Briar Hill,No,4A,Grasshopper Sparrow,0,0,0,0,0,0,0,
Appleton Farms,Abigail Feldman,2025,6,8,9:33,Plains,Yes,4B,Grasshopper Sparrow,0,0,0,0,0,0,0,
Appleton Farms,Abigail Feldman,2025,6,8,10:32,Plains,Yes,4C,Grasshopper Sparrow,0,0,0,0,0,0,0,
Appleton Farms,Abigail Feldman,2025,6,8,9:50,Plains,Yes,4D,Grasshopper Sparrow,0,0,0,0,0,0,0,
Appleton Farms,Abigail Feldman,2025,6,8,9:45,Playground,No,4E,Grasshopper Sparrow,0,0,0,0,0,0,0,
Appleton Farms,Abigail Feldman,2025,6,8,10:09,Playground,No,4F,Grasshopper Sparrow,0,0,0,0,0,0,0,
Appleton Farms,Abigail Feldman,2025,6,8,9:05,Briar Hill,No,4A,Eastern Meadowlark,0,0,0,0,0,0,0,
Appleton Farms,Abigail Feldman,2025,6,8,9:33,Plains,Yes,4B,Eastern Meadowlark,0,0,0,0,0,0,0,
Appleton Farms,Abigail Feldman,2025,6,8,10:32,Plains,Yes,4C,Eastern Meadowlark,0,0,0,0,0,0,0,
Appleton Farms,Abigail Feldman,2025,6,8,9:50,Plains,Yes,4D,Eastern Meadowlark,0,0,0,0,0,0,0,
Appleton Farms,Abigail Feldman,2025,6,8,9:45,Playground,No,4E,Eastern Meadowlark,0,0,0,0,0,0,0,
Appleton Farms,Abigail Feldman,2025,6,8,10:09,Playground,No,4F,Eastern Meadowlark,0,0,0,0,0,0,0,
Appleton Farms,Abigail Feldman,2025,6,21,10:33,Briar Hill,Yes,4A,Bobolink,1,1,2,1,0,1,3,
Appleton Farms,Abigail Feldman,2025,6,21,10:55,Plains,Yes,4B,Bobolink,0,0,0,0,0,0,0,
Appleton Farms,Abigail Feldman,2025,6,21,12:04,Plains,Yes,4C,Bobolink,0,0,0,0,0,0,0,
Appleton Farms,Abigail Feldman,2025,6,21,11:10,Plains,Yes,4D,Bobolink,0,0,0,0,0,0,0,
Appleton Farms,Abigail Feldman,2025,6,21,11:15,Playground,No,4E,Bobolink,0,0,0,0,0,0,0,
Appleton Farms,Abigail Feldman,2025,6,21,11:34,Playground,No,4F,Bobolink,0,0,0,0,0,0,0,
Appleton Farms,Abigail Feldman,2025,6,21,10:33,Briar Hill,Yes,4A,Savannah Sparrow,0,0,0,0,0,0,0,
Appleton Farms,Abigail Feldman,2025,6,21,10:55,Plains,Yes,4B,Savannah Sparrow,0,0,0,0,0,0,0,
Appleton Farms,Abigail Feldman,2025,6,21,12:04,Plains,Yes,4C,Savannah Sparrow,0,0,0,0,0,0,0,
Appleton Farms,Abigail Feldman,2025,6,21,11:10,Plains,Yes,4D,Savannah Sparrow,0,0,0,0,0,0,0,
Appleton Farms,Abigail Feldman,2025,6,21,11:15,Playground,No,4E,Savannah Sparrow,0,0,0,0,0,1,1,
Appleton Farms,Abigail Feldman,2025,6,21,11:34,Playground,No,4F,Savannah Sparrow,0,0,0,0,0,0,0,
Appleton Farms,Abigail Feldman,2025,6,21,10:33,Briar Hill,Yes,4A,Grasshopper Sparrow,0,0,0,0,0,0,0,
Appleton Farms,Abigail Feldman,2025,6,21,10:55,Plains,Yes,4B,Grasshopper Sparrow,0,0,0,0,0,0,0,
Appleton Farms,Abigail Feldman,2025,6,21,12:04,Plains,Yes,4C,Grasshopper Sparrow,0,0,0,0,0,0,0,
Appleton Farms,Abigail Feldman,2025,6,21,11:10,Plains,Yes,4D,Grasshopper Sparrow,0,0,0,0,0,0,0,
Appleton Farms,Abigail Feldman,2025,6,21,11:15,Playground,No,4E,Grasshopper Sparrow,0,0,0,0,0,0,0,
Appleton Farms,Abigail Feldman,2025,6,21,11:34,Playground,No,4F,Grasshopper Sparrow,0,0,0,0,0,0,0,
Appleton Farms,Abigail Feldman,2025,6,21,10:33,Briar Hill,Yes,4A,Eastern Meadowlark,0,0,0,0,0,0,0,
Appleton Farms,Abigail Feldman,2025,6,21,10:55,Plains,Yes,4B,Eastern Meadowlark,0,0,0,0,0,0,0,
Appleton Farms,Abigail Feldman,2025,6,21,12:04,Plains,Yes,4C,Eastern Meadowlark,0,0,0,0,0,0,0,
Appleton Farms,Abigail Feldman,2025,6,21,11:10,Plains,Yes,4D,Eastern Meadowlark,0,0,0,0,0,0,0,
Appleton Farms,Abigail Feldman,2025,6,21,11:15,Playground,No,4E,Eastern Meadowlark,0,0,0,0,0,0,0,
Appleton Farms,Abigail Feldman,2025,6,21,11:34,Playground,No,4F,Eastern Meadowlark,0,0,0,0,0,0,0,
Appleton Farms,Ruth Szebries,2025,6,17,1:55,Briar Hill,Yes,4A,Bobolink,3,3,6,0,0,0,6,
Appleton Farms,Ruth Szebries,2025,6,17,NA,Plains,Yes,4B,Bobolink,0,0,0,0,0,0,0,
Appleton Farms,Ruth Szebries,2025,6,17,NA,Plains,Yes,4C,Bobolink,0,0,0,0,0,0,0,
Appleton Farms,Ruth Szebries,2025,6,17,NA,Plains,Yes,4D,Bobolink,0,0,0,0,0,0,0,
Appleton Farms,Ruth Szebries,2025,6,17,NA,Playground,Yes,4E,Bobolink,0,0,0,0,0,0,0,
Appleton Farms,Ruth Szebries,2025,6,17,NA,Playground,Yes,4F,Bobolink,0,0,0,0,0,0,0,
Appleton Farms,Ruth Szebries,2025,6,17,1:55,Briar Hill,Yes,4A,Savannah Sparrow,0,0,0,0,0,0,0,
Appleton Farms,Ruth Szebries,2025,6,17,NA,Plains,Yes,4B,Savannah Sparrow,0,0,0,0,0,0,0,
Appleton Farms,Ruth Szebries,2025,6,17,NA,Plains,Yes,4C,Savannah Sparrow,0,0,0,0,0,0,0,
Appleton Farms,Ruth Szebries,2025,6,17,NA,Plains,Yes,4D,Savannah Sparrow,0,0,0,0,0,0,0,
Appleton Farms,Ruth Szebries,2025,6,17,NA,Playground,Yes,4E,Savannah Sparrow,0,0,0,0,0,0,0,
Appleton Farms,Ruth Szebries,2025,6,17,NA,Playground,Yes,4F,Savannah Sparrow,0,0,0,0,0,0,0,
Appleton Farms,Ruth Szebries,2025,6,17,1:55,Briar Hill,Yes,4A,Grasshopper Sparrow,0,0,0,0,0,0,0,
Appleton Farms,Ruth Szebries,2025,6,17,NA,Plains,Yes,4B,Grasshopper Sparrow,0,0,0,0,0,0,0,
Appleton Farms,Ruth Szebries,2025,6,17,NA,Plains,Yes,4C,Grasshopper Sparrow,0,0,0,0,0,0,0,
Appleton Farms,Ruth Szebries,2025,6,17,NA,Plains,Yes,4D,Grasshopper Sparrow,0,0,0,0,0,0,0,
Appleton Farms,Ruth Szebries,2025,6,17,NA,Playground,Yes,4E,Grasshopper Sparrow,0,0,0,0,0,0,0,
Appleton Farms,Ruth Szebries,2025,6,17,NA,Playground,Yes,4F,Grasshopper Sparrow,0,0,0,0,0,0,0,
Appleton Farms,Ruth Szebries,2025,6,17,1:55,Briar Hill,Yes,4A,Eastern Meadowlark,0,0,0,0,0,0,0,
Appleton Farms,Ruth Szebries,2025,6,17,NA,Plains,Yes,4B,Eastern Meadowlark,0,0,0,0,0,0,0,
Appleton Farms,Ruth Szebries,2025,6,17,NA,Plains,Yes,4C,Eastern Meadowlark,0,0,0,0,0,0,0,
Appleton Farms,Ruth Szebries,2025,6,17,NA,Plains,Yes,4D,Eastern Meadowlark,0,0,0,0,0,0,0,
Appleton Farms,Ruth Szebries,2025,6,17,NA,Playground,Yes,4E,Eastern Meadowlark,0,0,0,0,0,0,0,
Appleton Farms,Ruth Szebries,2025,6,17,NA,Playground,Yes,4F,Eastern Meadowlark,0,0,0,0,0,0,0,
Appleton Farms,Ruth Szebries,2025,7,6,10:00,Briar Hill,Yes,4A,Bobolink,0,0,0,1,0,1,1,
Appleton Farms,Ruth Szebries,2025,7,6,NA,Plains,Yes,4B,Bobolink,0,0,0,0,0,0,0,
Appleton Farms,Ruth Szebries,2025,7,6,NA,Plains,Yes,4C,Bobolink,0,0,0,0,0,0,0,
Appleton Farms,Ruth Szebries,2025,7,6,NA,Plains,Yes,4D,Bobolink,0,0,0,0,0,0,0,
Appleton Farms,Ruth Szebries,2025,7,6,NA,Playground,Yes,4E,Bobolink,0,0,0,0,0,0,0,
Appleton Farms,Ruth Szebries,2025,7,6,NA,Playground,Yes,4F,Bobolink,0,0,0,0,0,0,0,
Appleton Farms,Ruth Szebries,2025,7,6,10:00,Briar Hill,Yes,4A,Savannah Sparrow,0,0,0,0,0,0,0,
Appleton Farms,Ruth Szebries,2025,7,6,NA,Plains,Yes,4B,Savannah Sparrow,0,0,0,0,0,0,0,
Appleton Farms,Ruth Szebries,2025,7,6,NA,Plains,Yes,4C,Savannah Sparrow,0,0,0,0,0,0,0,
Appleton Farms,Ruth Szebries,2025,7,6,NA,Plains,Yes,4D,Savannah Sparrow,0,0,0,0,0,0,0,
Appleton Farms,Ruth Szebries,2025,7,6,NA,Playground,Yes,4E,Savannah Sparrow,0,0,0,0,0,0,0,
Appleton Farms,Ruth Szebries,2025,7,6,NA,Playground,Yes,4F,Savannah Sparrow,0,0,0,0,0,0,0,
Appleton Farms,Ruth Szebries,2025,7,6,10:00,Briar Hill,Yes,4A,Grasshopper Sparrow,0,0,0,0,0,0,0,
Appleton Farms,Ruth Szebries,2025,7,6,NA,Plains,Yes,4B,Grasshopper Sparrow,0,0,0,0,0,0,0,
Appleton Farms,Ruth Szebries,2025,7,6,NA,Plains,Yes,4C,Grasshopper Sparrow,0,0,0,0,0,0,0,
Appleton Farms,Ruth Szebries,2025,7,6,NA,Plains,Yes,4D,Grasshopper Sparrow,0,0,0,0,0,0,0,
Appleton Farms,Ruth Szebries,2025,7,6,NA,Playground,Yes,4E,Grasshopper Sparrow,0,0,0,0,0,0,0,
Appleton Farms,Ruth Szebries,2025,7,6,NA,Playground,Yes,4F,Grasshopper Sparrow,0,0,0,0,0,0,0,
Appleton Farms,Ruth Szebries,2025,7,6,10:00,Briar Hill,Yes,4A,Eastern Meadowlark,0,0,0,0,0,0,0,
Appleton Farms,Ruth Szebries,2025,7,6,NA,Plains,Yes,4B,Eastern Meadowlark,0,0,0,0,0,0,0,
Appleton Farms,Ruth Szebries,2025,7,6,NA,Plains,Yes,4C,Eastern Meadowlark,0,0,0,0,0,0,0,
Appleton Farms,Ruth Szebries,2025,7,6,NA,Plains,Yes,4D,Eastern Meadowlark,0,0,0,0,0,0,0,
Appleton Farms,Ruth Szebries,2025,7,6,NA,Playground,Yes,4E,Eastern Meadowlark,0,0,0,0,0,0,0,
Appleton Farms,Ruth Szebries,2025,7,6,NA,Playground,Yes,4F,Eastern Meadowlark,0,0,0,0,0,0,0,
Appleton Farms,Abigail Feldman,2025,7,6,8:39,Briar Hill,Yes,4A,Bobolink,0,0,0,0,0,0,0,
Appleton Farms,Abigail Feldman,2025,7,6,8:57,Plains,Yes,4B,Bobolink,0,0,0,0,0,0,0,
Appleton Farms,Abigail Feldman,2025,7,6,9:52,Plains,Yes,4C,Bobolink,0,0,0,0,0,0,0,
Appleton Farms,Abigail Feldman,2025,7,6,9:10,Plains,Yes,4D,Bobolink,0,0,0,0,0,0,0,
Appleton Farms,Abigail Feldman,2025,7,6,9:15,Playground,No,4E,Bobolink,0,0,0,0,0,0,0,
Appleton Farms,Abigail Feldman,2025,7,6,9:29,Playground,No,4F,Bobolink,0,0,0,0,0,0,0,
Appleton Farms,Abigail Feldman,2025,7,6,8:39,Briar Hill,Yes,4A,Savannah Sparrow,0,0,0,0,0,0,0,
Appleton Farms,Abigail Feldman,2025,7,6,8:57,Plains,Yes,4B,Savannah Sparrow,0,0,0,0,0,0,0,
Appleton Farms,Abigail Feldman,2025,7,6,9:52,Plains,Yes,4C,Savannah Sparrow,0,0,0,0,0,0,0,
Appleton Farms,Abigail Feldman,2025,7,6,9:10,Plains,Yes,4D,Savannah Sparrow,0,0,0,0,0,0,0,
Appleton Farms,Abigail Feldman,2025,7,6,9:15,Playground,No,4E,Savannah Sparrow,0,0,0,0,0,0,0,
Appleton Farms,Abigail Feldman,2025,7,6,9:29,Playground,No,4F,Savannah Sparrow,0,0,0,0,0,0,0,
Appleton Farms,Abigail Feldman,2025,7,6,8:39,Briar Hill,Yes,4A,Grasshopper Sparrow,0,0,0,0,0,0,0,
Appleton Farms,Abigail Feldman,2025,7,6,8:57,Plains,Yes,4B,Grasshopper Sparrow,0,0,0,0,0,0,0,
Appleton Farms,Abigail Feldman,2025,7,6,9:52,Plains,Yes,4C,Grasshopper Sparrow,0,0,0,0,0,0,0,
Appleton Farms,Abigail Feldman,2025,7,6,9:10,Plains,Yes,4D,Grasshopper Sparrow,0,0,0,0,0,0,0,
Appleton Farms,Abigail Feldman,2025,7,6,9:15,Playground,No,4E,Grasshopper Sparrow,0,0,0,0,0,0,0,
Appleton Farms,Abigail Feldman,2025,7,6,9:29,Playground,No,4F,Grasshopper Sparrow,0,0,0,0,0,0,0,
Appleton Farms,Abigail Feldman,2025,7,6,8:39,Briar Hill,Yes,4A,Eastern Meadowlark,0,0,0,0,0,0,0,
Appleton Farms,Abigail Feldman,2025,7,6,8:57,Plains,Yes,4B,Eastern Meadowlark,0,0,0,0,0,0,0,
Appleton Farms,Abigail Feldman,2025,7,6,9:52,Plains,Yes,4C,Eastern Meadowlark,0,0,0,0,0,0,0,
Appleton Farms,Abigail Feldman,2025,7,6,9:10,Plains,Yes,4D,Eastern Meadowlark,0,0,0,0,0,0,0,
Appleton Farms,Abigail Feldman,2025,7,6,9:15,Playground,No,4E,Eastern Meadowlark,0,0,0,0,0,0,0,
Appleton Farms,Abigail Feldman,2025,7,6,9:29,Playground,No,4F,Eastern Meadowlark,0,0,0,0,0,0,0,
Appleton Farms,Abigail Feldman,2025,7,13,10:01,Briar Hill,No,4A,Bobolink,0,0,0,0,0,0,0,
Appleton Farms,Abigail Feldman,2025,7,13,10:26,Plains,No,4B,Bobolink,0,0,0,0,0,0,0,
Appleton Farms,Abigail Feldman,2025,7,13,11:16,Plains,No,4C,Bobolink,0,0,0,0,0,0,0,
Appleton Farms,Abigail Feldman,2025,7,13,10:37,Plains,No,4D,Bobolink,0,0,0,0,0,0,0,
Appleton Farms,Abigail Feldman,2025,7,13,10:42,Playground,No,4E,Bobolink,0,0,0,0,0,0,0,
Appleton Farms,Abigail Feldman,2025,7,13,10:54,Playground,No,4F,Bobolink,0,0,0,0,0,0,0,
Appleton Farms,Abigail Feldman,2025,7,13,10:01,Briar Hill,No,4A,Savannah Sparrow,0,0,0,0,0,0,0,
Appleton Farms,Abigail Feldman,2025,7,13,10:26,Plains,No,4B,Savannah Sparrow,0,0,0,0,0,0,0,
Appleton Farms,Abigail Feldman,2025,7,13,11:16,Plains,No,4C,Savannah Sparrow,0,0,0,0,0,0,0,
Appleton Farms,Abigail Feldman,2025,7,13,10:37,Plains,No,4D,Savannah Sparrow,0,0,0,0,0,0,0,
Appleton Farms,Abigail Feldman,2025,7,13,10:42,Playground,No,4E,Savannah Sparrow,0,0,0,0,0,0,0,
Appleton Farms,Abigail Feldman,2025,7,13,10:54,Playground,No,4F,Savannah Sparrow,0,0,0,0,0,0,0,
Appleton Farms,Abigail Feldman,2025,7,13,10:01,Briar Hill,No,4A,Grasshopper Sparrow,0,0,0,0,0,0,0,
Appleton Farms,Abigail Feldman,2025,7,13,10:26,Plains,No,4B,Grasshopper Sparrow,0,0,0,0,0,0,0,
Appleton Farms,Abigail Feldman,2025,7,13,11:16,Plains,No,4C,Grasshopper Sparrow,0,0,0,0,0,0,0,
Appleton Farms,Abigail Feldman,2025,7,13,10:37,Plains,No,4D,Grasshopper Sparrow,0,0,0,0,0,0,0,
Appleton Farms,Abigail Feldman,2025,7,13,10:42,Playground,No,4E,Grasshopper Sparrow,0,0,0,0,0,0,0,
Appleton Farms,Abigail Feldman,2025,7,13,10:54,Playground,No,4F,Grasshopper Sparrow,0,0,0,0,0,0,0,
Appleton Farms,Abigail Feldman,2025,7,13,10:01,Briar Hill,No,4A,Eastern Meadowlark,0,0,0,0,0,0,0,
Appleton Farms,Abigail Feldman,2025,7,13,10:26,Plains,No,4B,Eastern Meadowlark,0,0,0,0,0,0,0,
Appleton Farms,Abigail Feldman,2025,7,13,11:16,Plains,No,4C,Eastern Meadowlark,0,0,0,0,0,0,0,
Appleton Farms,Abigail Feldman,2025,7,13,10:37,Plains,No,4D,Eastern Meadowlark,0,0,0,0,0,0,0,
Appleton Farms,Abigail Feldman,2025,7,13,10:42,Playground,No,4E,Eastern Meadowlark,0,0,0,0,0,0,0,
Appleton Farms,Abigail Feldman,2025,7,13,10:54,Playground,No,4F,Eastern Meadowlark,0,0,0,0,0,0,0,
Appleton Farms,Abigail Feldman,2025,7,19,9:16,Briar Hill,No,4A,Bobolink,0,0,0,0,0,0,0,
Appleton Farms,Abigail Feldman,2025,7,19,9:29,Plains,No,4B,Bobolink,0,0,0,0,0,0,0,
Appleton Farms,Abigail Feldman,2025,7,19,10:25,Plains,No,4C,Bobolink,0,0,0,0,0,0,0,
Appleton Farms,Abigail Feldman,2025,7,19,9:45,Plains,No,4D,Bobolink,0,0,0,0,0,0,0,
Appleton Farms,Abigail Feldman,2025,7,19,9:50,Playground,Yes,4E,Bobolink,0,0,0,0,0,0,0,
Appleton Farms,Abigail Feldman,2025,7,19,10:01,Playground,Yes,4F,Bobolink,0,0,0,0,0,0,0,
Appleton Farms,Abigail Feldman,2025,7,19,9:16,Briar Hill,No,4A,Savannah Sparrow,0,0,0,0,0,0,0,
Appleton Farms,Abigail Feldman,2025,7,19,9:29,Plains,No,4B,Savannah Sparrow,0,0,0,0,0,0,0,
Appleton Farms,Abigail Feldman,2025,7,19,10:25,Plains,No,4C,Savannah Sparrow,0,0,0,0,0,0,0,
Appleton Farms,Abigail Feldman,2025,7,19,9:45,Plains,No,4D,Savannah Sparrow,0,0,0,0,0,0,0,
Appleton Farms,Abigail Feldman,2025,7,19,9:50,Playground,Yes,4E,Savannah Sparrow,0,0,0,0,0,0,0,
Appleton Farms,Abigail Feldman,2025,7,19,10:01,Playground,Yes,4F,Savannah Sparrow,0,0,0,0,0,0,0,
Appleton Farms,Abigail Feldman,2025,7,19,9:16,Briar Hill,No,4A,Grasshopper Sparrow,0,0,0,0,0,0,0,
Appleton Farms,Abigail Feldman,2025,7,19,9:29,Plains,No,4B,Grasshopper Sparrow,0,0,0,0,0,0,0,
Appleton Farms,Abigail Feldman,2025,7,19,10:25,Plains,No,4C,Grasshopper Sparrow,0,0,0,0,0,0,0,
Appleton Farms,Abigail Feldman,2025,7,19,9:45,Plains,No,4D,Grasshopper Sparrow,0,0,0,0,0,0,0,
Appleton Farms,Abigail Feldman,2025,7,19,9:50,Playground,Yes,4E,Grasshopper Sparrow,0,0,0,0,0,0,0,
Appleton Farms,Abigail Feldman,2025,7,19,10:01,Playground,Yes,4F,Grasshopper Sparrow,0,0,0,0,0,0,0,
Appleton Farms,Abigail Feldman,2025,7,19,9:16,Briar Hill,No,4A,Eastern Meadowlark,0,0,0,0,0,0,0,
Appleton Farms,Abigail Feldman,2025,7,19,9:29,Plains,No,4B,Eastern Meadowlark,0,0,0,0,0,0,0,
Appleton Farms,Abigail Feldman,2025,7,19,10:25,Plains,No,4C,Eastern Meadowlark,0,0,0,0,0,0,0,
Appleton Farms,Abigail Feldman,2025,7,19,9:45,Plains,No,4D,Eastern Meadowlark,0,0,0,0,0,0,0,
Appleton Farms,Abigail Feldman,2025,7,19,9:50,Playground,Yes,4E,Eastern Meadowlark,0,0,0,0,0,0,0,
Appleton Farms,Abigail Feldman,2025,7,19,10:01,Playground,Yes,4F,Eastern Meadowlark,0,0,0,0,0,0,0,
Bartholomew's Cobble,Isabel Bronson,2025,5,3,8:00,Ashley Field,No,AF5,Bobolink,0,0,0,0,0,0,0,
Bartholomew's Cobble,Isabel Bronson,2025,5,3,8:07,Ashley Field,No,AF9,Bobolink,1,0,1,2,0,2,3,
Bartholomew's Cobble,Isabel Bronson,2025,5,3,8:16,Ashley Field,No,AF7,Bobolink,1,0,1,1,0,1,2,
Bartholomew's Cobble,Isabel Bronson,2025,5,3,8:28,Ashley Field,No,AF11,Bobolink,0,0,0,0,0,0,0,
Bartholomew's Cobble,Isabel Bronson,2025,5,3,8:35,Ashley Field,No,AF13,Bobolink,0,0,0,0,0,0,0,
Bartholomew's Cobble,Isabel Bronson,2025,5,3,9:00,Hurlburt's Hill,No,HH1,Bobolink,0,0,0,0,0,0,0,
Bartholomew's Cobble,Isabel Bronson,2025,5,3,9:08,Hurlburt's Hill,No,HH2,Bobolink,2,0,2,1,0,1,3,
Bartholomew's Cobble,Isabel Bronson,2025,5,3,9:17,Hurlburt's Hill,No,HH3,Bobolink,0,0,0,1,0,0,1,
Bartholomew's Cobble,Isabel Bronson,2025,5,3,8:00,Ashley Field,No,AF5,Savannah Sparrow,0,0,0,0,0,0,0,
Bartholomew's Cobble,Isabel Bronson,2025,5,3,8:07,Ashley Field,No,AF9,Savannah Sparrow,0,0,0,0,0,0,0,
Bartholomew's Cobble,Isabel Bronson,2025,5,3,8:16,Ashley Field,No,AF7,Savannah Sparrow,0,0,0,0,0,0,0,
Bartholomew's Cobble,Isabel Bronson,2025,5,3,8:28,Ashley Field,No,AF11,Savannah Sparrow,0,0,0,0,0,0,0,
Bartholomew's Cobble,Isabel Bronson,2025,5,3,8:35,Ashley Field,No,AF13,Savannah Sparrow,0,0,0,0,0,0,0,
Bartholomew's Cobble,Isabel Bronson,2025,5,3,9:00,Hurlburt's Hill,No,HH1,Savannah Sparrow,0,0,0,0,0,0,0,
Bartholomew's Cobble,Isabel Bronson,2025,5,3,9:08,Hurlburt's Hill,No,HH2,Savannah Sparrow,0,0,0,0,0,0,0,
Bartholomew's Cobble,Isabel Bronson,2025,5,3,9:17,Hurlburt's Hill,No,HH3,Savannah Sparrow,0,0,0,0,0,0,0,
Bartholomew's Cobble,Isabel Bronson,2025,5,3,8:00,Ashley Field,No,AF5,Grasshopper Sparrow,0,0,0,0,0,0,0,
Bartholomew's Cobble,Isabel Bronson,2025,5,3,8:07,Ashley Field,No,AF9,Grasshopper Sparrow,0,0,0,0,0,0,0,
Bartholomew's Cobble,Isabel Bronson,2025,5,3,8:16,Ashley Field,No,AF7,Grasshopper Sparrow,0,0,0,0,0,0,0,
Bartholomew's Cobble,Isabel Bronson,2025,5,3,8:28,Ashley Field,No,AF11,Grasshopper Sparrow,0,0,0,0,0,0,0,
Bartholomew's Cobble,Isabel Bronson,2025,5,3,8:35,Ashley Field,No,AF13,Grasshopper Sparrow,0,0,0,0,0,0,0,
Bartholomew's Cobble,Isabel Bronson,2025,5,3,9:00,Hurlburt's Hill,No,HH1,Grasshopper Sparrow,0,0,0,0,0,0,0,
Bartholomew's Cobble,Isabel Bronson,2025,5,3,9:08,Hurlburt's Hill,No,HH2,Grasshopper Sparrow,0,0,0,0,0,0,0,
Bartholomew's Cobble,Isabel Bronson,2025,5,3,9:17,Hurlburt's Hill,No,HH3,Grasshopper Sparrow,0,0,0,0,0,0,0,
Bartholomew's Cobble,Isabel Bronson,2025,5,3,8:00,Ashley Field,No,AF5,Eastern Meadowlark,0,0,0,0,0,0,0,
Bartholomew's Cobble,Isabel Bronson,2025,5,3,8:07,Ashley Field,No,AF9,Eastern Meadowlark,0,0,0,0,0,0,0,
Bartholomew's Cobble,Isabel Bronson,2025,5,3,8:16,Ashley Field,No,AF7,Eastern Meadowlark,0,0,0,0,0,0,0,
Bartholomew's Cobble,Isabel Bronson,2025,5,3,8:28,Ashley Field,No,AF11,Eastern Meadowlark,0,0,0,0,0,0,0,
Bartholomew's Cobble,Isabel Bronson,2025,5,3,8:35,Ashley Field,No,AF13,Eastern Meadowlark,0,0,0,0,0,0,0,
Bartholomew's Cobble,Isabel Bronson,2025,5,3,9:00,Hurlburt's Hill,No,HH1,Eastern Meadowlark,0,0,0,0,0,0,0,
Bartholomew's Cobble,Isabel Bronson,2025,5,3,9:08,Hurlburt's Hill,No,HH2,Eastern Meadowlark,0,0,0,0,0,0,0,
Bartholomew's Cobble,Isabel Bronson,2025,5,3,9:17,Hurlburt's Hill,No,HH3,Eastern Meadowlark,0,0,0,0,0,0,0,
Bartholomew's Cobble,Isabel Bronson,2025,5,15,7:02,Ashley Field,No,AF5,Bobolink,0,0,0,1,0,1,1,
Bartholomew's Cobble,Isabel Bronson,2025,5,15,7:09,Ashley Field,No,AF9,Bobolink,1,0,1,2,0,2,3,
Bartholomew's Cobble,Isabel Bronson,2025,5,15,7:17,Ashley Field,No,AF7,Bobolink,0,0,0,1,1,2,2,
Bartholomew's Cobble,Isabel Bronson,2025,5,15,7:27,Ashley Field,No,AF11,Bobolink,1,1,2,0,0,0,2,
Bartholomew's Cobble,Isabel Bronson,2025,5,15,7:35,Ashley Field,No,AF13,Bobolink,2,1,3,0,0,0,3,
Bartholomew's Cobble,Isabel Bronson,2025,5,15,7:55,Hurlburt's Hill,No,HH1,Bobolink,0,0,0,0,0,0,0,
Bartholomew's Cobble,Isabel Bronson,2025,5,15,8:03,Hurlburt's Hill,No,HH2,Bobolink,3,2,5,1,1,2,7,
Bartholomew's Cobble,Isabel Bronson,2025,5,15,8:10,Hurlburt's Hill,No,HH3,Bobolink,1,0,1,0,0,0,1,
Bartholomew's Cobble,Isabel Bronson,2025,5,15,7:02,Ashley Field,No,AF5,Savannah Sparrow,0,0,0,0,0,0,0,
Bartholomew's Cobble,Isabel Bronson,2025,5,15,7:09,Ashley Field,No,AF9,Savannah Sparrow,0,0,0,0,0,0,0,
Bartholomew's Cobble,Isabel Bronson,2025,5,15,7:17,Ashley Field,No,AF7,Savannah Sparrow,0,0,0,0,0,0,0,
Bartholomew's Cobble,Isabel Bronson,2025,5,15,7:27,Ashley Field,No,AF11,Savannah Sparrow,0,0,0,0,0,0,0,
Bartholomew's Cobble,Isabel Bronson,2025,5,15,7:35,Ashley Field,No,AF13,Savannah Sparrow,0,0,0,0,0,0,0,
Bartholomew's Cobble,Isabel Bronson,2025,5,15,7:55,Hurlburt's Hill,No,HH1,Savannah Sparrow,0,0,0,0,0,0,0,
Bartholomew's Cobble,Isabel Bronson,2025,5,15,8:03,Hurlburt's Hill,No,HH2,Savannah Sparrow,0,0,0,0,0,0,0,
Bartholomew's Cobble,Isabel Bronson,2025,5,15,8:10,Hurlburt's Hill,No,HH3,Savannah Sparrow,0,0,0,0,0,0,0,
Bartholomew's Cobble,Isabel Bronson,2025,5,15,7:02,Ashley Field,No,AF5,Grasshopper Sparrow,0,0,0,0,0,0,0,
Bartholomew's Cobble,Isabel Bronson,2025,5,15,7:09,Ashley Field,No,AF9,Grasshopper Sparrow,0,0,0,0,0,0,0,
Bartholomew's Cobble,Isabel Bronson,2025,5,15,7:17,Ashley Field,No,AF7,Grasshopper Sparrow,0,0,0,0,0,0,0,
Bartholomew's Cobble,Isabel Bronson,2025,5,15,7:27,Ashley Field,No,AF11,Grasshopper Sparrow,0,0,0,0,0,0,0,
Bartholomew's Cobble,Isabel Bronson,2025,5,15,7:35,Ashley Field,No,AF13,Grasshopper Sparrow,0,0,0,0,0,0,0,
Bartholomew's Cobble,Isabel Bronson,2025,5,15,7:55,Hurlburt's Hill,No,HH1,Grasshopper Sparrow,0,0,0,0,0,0,0,
Bartholomew's Cobble,Isabel Bronson,2025,5,15,8:03,Hurlburt's Hill,No,HH2,Grasshopper Sparrow,0,0,0,0,0,0,0,
Bartholomew's Cobble,Isabel Bronson,2025,5,15,8:10,Hurlburt's Hill,No,HH3,Grasshopper Sparrow,0,0,0,0,0,0,0,
Bartholomew's Cobble,Isabel Bronson,2025,5,15,7:02,Ashley Field,No,AF5,Eastern Meadowlark,0,0,0,0,0,0,0,
Bartholomew's Cobble,Isabel Bronson,2025,5,15,7:09,Ashley Field,No,AF9,Eastern Meadowlark,0,0,0,0,0,0,0,
Bartholomew's Cobble,Isabel Bronson,2025,5,15,7:17,Ashley Field,No,AF7,Eastern Meadowlark,0,0,0,0,0,0,0,
Bartholomew's Cobble,Isabel Bronson,2025,5,15,7:27,Ashley Field,No,AF11,Eastern Meadowlark,0,0,0,0,0,0,0,
Bartholomew's Cobble,Isabel Bronson,2025,5,15,7:35,Ashley Field,No,AF13,Eastern Meadowlark,0,0,0,0,0,0,0,
Bartholomew's Cobble,Isabel Bronson,2025,5,15,7:55,Hurlburt's Hill,No,HH1,Eastern Meadowlark,0,0,0,0,0,0,0,
Bartholomew's Cobble,Isabel Bronson,2025,5,15,8:03,Hurlburt's Hill,No,HH2,Eastern Meadowlark,0,0,0,0,0,0,0,
Bartholomew's Cobble,Isabel Bronson,2025,5,15,8:10,Hurlburt's Hill,No,HH3,Eastern Meadowlark,0,0,0,0,0,0,0,
Bartholomew's Cobble,Jim and Margaret Mary Cayea,2025,5,29,7:08,Ashley Field,No,AF5,Bobolink,4,0,4,0,0,0,4,
Bartholomew's Cobble,Jim and Margaret Mary Cayea,2025,5,29,7:16,Ashley Field,No,AF9,Bobolink,1,0,1,0,0,0,1,
Bartholomew's Cobble,Jim and Margaret Mary Cayea,2025,5,29,7:26,Ashley Field,No,AF7,Bobolink,1,0,1,0,0,0,1,
Bartholomew's Cobble,Jim and Margaret Mary Cayea,2025,5,29,7:35,Ashley Field,No,AF11,Bobolink,4,0,4,2,2,4,8,
Bartholomew's Cobble,Jim and Margaret Mary Cayea,2025,5,29,8:50,Ashley Field,No,AF13,Bobolink,1,0,1,2,0,2,3,
Bartholomew's Cobble,Jim and Margaret Mary Cayea,2025,5,29,8:03,Hurlburt's Hill,No,HH1,Bobolink,1,0,1,0,0,0,1,
Bartholomew's Cobble,Jim and Margaret Mary Cayea,2025,5,29,8:11,Hurlburt's Hill,No,HH2,Bobolink,2,0,2,2,1,3,5,
Bartholomew's Cobble,Jim and Margaret Mary Cayea,2025,5,29,8:30,Hurlburt's Hill,No,HH3,Bobolink,1,1,2,2,0,2,4,
Bartholomew's Cobble,Jim and Margaret Mary Cayea,2025,5,29,7:08,Ashley Field,No,AF5,Savannah Sparrow,0,0,0,0,0,0,0,
Bartholomew's Cobble,Jim and Margaret Mary Cayea,2025,5,29,7:16,Ashley Field,No,AF9,Savannah Sparrow,0,0,0,0,0,0,0,
Bartholomew's Cobble,Jim and Margaret Mary Cayea,2025,5,29,7:26,Ashley Field,No,AF7,Savannah Sparrow,0,0,0,0,0,0,0,
Bartholomew's Cobble,Jim and Margaret Mary Cayea,2025,5,29,7:35,Ashley Field,No,AF11,Savannah Sparrow,0,0,0,0,0,0,0,
Bartholomew's Cobble,Jim and Margaret Mary Cayea,2025,5,29,8:50,Ashley Field,No,AF13,Savannah Sparrow,0,0,0,0,0,0,0,
Bartholomew's Cobble,Jim and Margaret Mary Cayea,2025,5,29,8:03,Hurlburt's Hill,No,HH1,Savannah Sparrow,0,0,0,0,0,0,0,
Bartholomew's Cobble,Jim and Margaret Mary Cayea,2025,5,29,8:11,Hurlburt's Hill,No,HH2,Savannah Sparrow,0,0,0,0,0,0,0,
Bartholomew's Cobble,Jim and Margaret Mary Cayea,2025,5,29,8:30,Hurlburt's Hill,No,HH3,Savannah Sparrow,0,0,0,0,0,0,0,
Bartholomew's Cobble,Jim and Margaret Mary Cayea,2025,5,29,7:08,Ashley Field,No,AF5,Grasshopper Sparrow,0,0,0,0,0,0,0,
Bartholomew's Cobble,Jim and Margaret Mary Cayea,2025,5,29,7:16,Ashley Field,No,AF9,Grasshopper Sparrow,0,0,0,0,0,0,0,
Bartholomew's Cobble,Jim and Margaret Mary Cayea,2025,5,29,7:26,Ashley Field,No,AF7,Grasshopper Sparrow,0,0,0,0,0,0,0,
Bartholomew's Cobble,Jim and Margaret Mary Cayea,2025,5,29,7:35,Ashley Field,No,AF11,Grasshopper Sparrow,0,0,0,0,0,0,0,
Bartholomew's Cobble,Jim and Margaret Mary Cayea,2025,5,29,8:50,Ashley Field,No,AF13,Grasshopper Sparrow,0,0,0,0,0,0,0,
Bartholomew's Cobble,Jim and Margaret Mary Cayea,2025,5,29,8:03,Hurlburt's Hill,No,HH1,Grasshopper Sparrow,0,0,0,0,0,0,0,
Bartholomew's Cobble,Jim and Margaret Mary Cayea,2025,5,29,8:11,Hurlburt's Hill,No,HH2,Grasshopper Sparrow,0,0,0,0,0,0,0,
Bartholomew's Cobble,Jim and Margaret Mary Cayea,2025,5,29,8:30,Hurlburt's Hill,No,HH3,Grasshopper Sparrow,0,0,0,0,0,0,0,
Bartholomew's Cobble,Jim and Margaret Mary Cayea,2025,5,29,7:08,Ashley Field,No,AF5,Eastern Meadowlark,0,0,0,0,0,0,0,
Bartholomew's Cobble,Jim and Margaret Mary Cayea,2025,5,29,7:16,Ashley Field,No,AF9,Eastern Meadowlark,0,0,0,0,0,0,0,
Bartholomew's Cobble,Jim and Margaret Mary Cayea,2025,5,29,7:26,Ashley Field,No,AF7,Eastern Meadowlark,0,0,0,0,0,0,0,
Bartholomew's Cobble,Jim and Margaret Mary Cayea,2025,5,29,7:35,Ashley Field,No,AF11,Eastern Meadowlark,0,0,0,0,0,0,0,
Bartholomew's Cobble,Jim and Margaret Mary Cayea,2025,5,29,8:50,Ashley Field,No,AF13,Eastern Meadowlark,0,0,0,0,0,0,0,
Bartholomew's Cobble,Jim and Margaret Mary Cayea,2025,5,29,8:03,Hurlburt's Hill,No,HH1,Eastern Meadowlark,0,0,0,0,0,0,0,
Bartholomew's Cobble,Jim and Margaret Mary Cayea,2025,5,29,8:11,Hurlburt's Hill,No,HH2,Eastern Meadowlark,0,0,0,0,0,0,0,
Bartholomew's Cobble,Jim and Margaret Mary Cayea,2025,5,29,8:30,Hurlburt's Hill,No,HH3,Eastern Meadowlark,0,0,0,0,0,0,0,
Bartholomew's Cobble,Jim and Margaret Mary Cayea,2025,6,12,7:35,Ashley Field,No,AF5,Bobolink,2,2,4,0,0,0,4,
Bartholomew's Cobble,Jim and Margaret Mary Cayea,2025,6,12,7:44,Ashley Field,No,AF9,Bobolink,2,2,4,0,0,0,4,
Bartholomew's Cobble,Jim and Margaret Mary Cayea,2025,6,12,7:53,Ashley Field,No,AF7,Bobolink,4,1,5,0,0,0,5,
Bartholomew's Cobble,Jim and Margaret Mary Cayea,2025,6,12,8:04,Ashley Field,No,AF11,Bobolink,2,0,2,0,0,0,2,
Bartholomew's Cobble,Jim and Margaret Mary Cayea,2025,6,12,9:05,Ashley Field,No,AF13,Bobolink,1,0,1,0,0,0,1,
Bartholomew's Cobble,Jim and Margaret Mary Cayea,2025,6,12,8:25,Hurlburt's Hill,No,HH1,Bobolink,0,0,0,0,0,0,0,
Bartholomew's Cobble,Jim and Margaret Mary Cayea,2025,6,12,8:35,Hurlburt's Hill,No,HH2,Bobolink,2,0,2,0,0,0,2,
Bartholomew's Cobble,Jim and Margaret Mary Cayea,2025,6,12,8:45,Hurlburt's Hill,No,HH3,Bobolink,5,0,5,0,0,0,5,
Bartholomew's Cobble,Jim and Margaret Mary Cayea,2025,6,12,7:35,Ashley Field,No,AF5,Savannah Sparrow,0,0,0,0,0,0,0,
Bartholomew's Cobble,Jim and Margaret Mary Cayea,2025,6,12,7:44,Ashley Field,No,AF9,Savannah Sparrow,0,0,0,0,0,0,0,
Bartholomew's Cobble,Jim and Margaret Mary Cayea,2025,6,12,7:53,Ashley Field,No,AF7,Savannah Sparrow,0,0,0,0,0,0,0,
Bartholomew's Cobble,Jim and Margaret Mary Cayea,2025,6,12,8:04,Ashley Field,No,AF11,Savannah Sparrow,0,0,0,0,0,0,0,
Bartholomew's Cobble,Jim and Margaret Mary Cayea,2025,6,12,9:05,Ashley Field,No,AF13,Savannah Sparrow,0,0,0,0,0,0,0,
Bartholomew's Cobble,Jim and Margaret Mary Cayea,2025,6,12,8:25,Hurlburt's Hill,No,HH1,Savannah Sparrow,0,0,1,0,0,0,1,
Bartholomew's Cobble,Jim and Margaret Mary Cayea,2025,6,12,8:35,Hurlburt's Hill,No,HH2,Savannah Sparrow,0,0,0,0,0,0,0,
Bartholomew's Cobble,Jim and Margaret Mary Cayea,2025,6,12,8:45,Hurlburt's Hill,No,HH3,Savannah Sparrow,0,0,0,0,0,0,0,
Bartholomew's Cobble,Jim and Margaret Mary Cayea,2025,6,12,7:35,Ashley Field,No,AF5,Grasshopper Sparrow,0,0,0,0,0,0,0,
Bartholomew's Cobble,Jim and Margaret Mary Cayea,2025,6,12,7:44,Ashley Field,No,AF9,Grasshopper Sparrow,0,0,0,0,0,0,0,
Bartholomew's Cobble,Jim and Margaret Mary Cayea,2025,6,12,7:53,Ashley Field,No,AF7,Grasshopper Sparrow,0,0,0,0,0,0,0,
Bartholomew's Cobble,Jim and Margaret Mary Cayea,2025,6,12,8:04,Ashley Field,No,AF11,Grasshopper Sparrow,0,0,0,0,0,0,0,
Bartholomew's Cobble,Jim and Margaret Mary Cayea,2025,6,12,9:05,Ashley Field,No,AF13,Grasshopper Sparrow,0,0,0,0,0,0,0,
Bartholomew's Cobble,Jim and Margaret Mary Cayea,2025,6,12,8:25,Hurlburt's Hill,No,HH1,Grasshopper Sparrow,0,0,0,0,0,0,0,
Bartholomew's Cobble,Jim and Margaret Mary Cayea,2025,6,12,8:35,Hurlburt's Hill,No,HH2,Grasshopper Sparrow,0,0,0,0,0,0,0,
Bartholomew's Cobble,Jim and Margaret Mary Cayea,2025,6,12,8:45,Hurlburt's Hill,No,HH3,Grasshopper Sparrow,0,0,0,0,0,0,0,
Bartholomew's Cobble,Jim and Margaret Mary Cayea,2025,6,12,7:35,Ashley Field,No,AF5,Eastern Meadowlark,0,0,0,0,0,0,0,
Bartholomew's Cobble,Jim and Margaret Mary Cayea,2025,6,12,7:44,Ashley Field,No,AF9,Eastern Meadowlark,0,0,0,0,0,0,0,
Bartholomew's Cobble,Jim and Margaret Mary Cayea,2025,6,12,7:53,Ashley Field,No,AF7,Eastern Meadowlark,0,0,0,0,0,0,0,
Bartholomew's Cobble,Jim and Margaret Mary Cayea,2025,6,12,8:04,Ashley Field,No,AF11,Eastern Meadowlark,0,0,0,0,0,0,0,
Bartholomew's Cobble,Jim and Margaret Mary Cayea,2025,6,12,9:05,Ashley Field,No,AF13,Eastern Meadowlark,0,0,0,0,0,0,0,
Bartholomew's Cobble,Jim and Margaret Mary Cayea,2025,6,12,8:25,Hurlburt's Hill,No,HH1,Eastern Meadowlark,0,0,0,0,0,0,0,
Bartholomew's Cobble,Jim and Margaret Mary Cayea,2025,6,12,8:35,Hurlburt's Hill,No,HH2,Eastern Meadowlark,0,0,0,0,0,0,0,
Bartholomew's Cobble,Jim and Margaret Mary Cayea,2025,6,12,8:45,Hurlburt's Hill,No,HH3,Eastern Meadowlark,0,0,0,0,0,0,0,
Bartholomew's Cobble,Jim and Margaret Mary Cayea,2025,7,17,6:56,Ashley Field,Yes,AF5,Bobolink,0,0,0,0,0,0,0,
Bartholomew's Cobble,Jim and Margaret Mary Cayea,2025,7,17,7:08,Ashley Field,Yes,AF9,Bobolink,0,0,0,0,0,0,0,
Bartholomew's Cobble,Jim and Margaret Mary Cayea,2025,7,17,7:15,Ashley Field,Yes,AF7,Bobolink,0,1,1,0,0,0,1,
Bartholomew's Cobble,Jim and Margaret Mary Cayea,2025,7,17,NA,Ashley Field,Yes,AF11,Bobolink,0,0,0,0,0,0,0,
Bartholomew's Cobble,Jim and Margaret Mary Cayea,2025,7,17,NA,Ashley Field,Yes,AF13,Bobolink,0,0,0,0,0,0,0,
Bartholomew's Cobble,Jim and Margaret Mary Cayea,2025,7,17,7:35,Hurlburt's Hill,No,HH1,Bobolink,0,3,3,0,0,0,3,
Bartholomew's Cobble,Jim and Margaret Mary Cayea,2025,7,17,7:43,Hurlburt's Hill,No,HH2,Bobolink,1,4,5,0,0,0,5,
Bartholomew's Cobble,Jim and Margaret Mary Cayea,2025,7,17,7:50,Hurlburt's Hill,No,HH3,Bobolink,0,10,10,0,0,0,10,
Bartholomew's Cobble,Jim and Margaret Mary Cayea,2025,7,17,6:56,Ashley Field,Yes,AF5,Savannah Sparrow,0,0,0,0,0,0,0,
Bartholomew's Cobble,Jim and Margaret Mary Cayea,2025,7,17,7:08,Ashley Field,Yes,AF9,Savannah Sparrow,0,0,0,0,0,0,0,
Bartholomew's Cobble,Jim and Margaret Mary Cayea,2025,7,17,7:15,Ashley Field,Yes,AF7,Savannah Sparrow,0,0,0,0,0,0,0,
Bartholomew's Cobble,Jim and Margaret Mary Cayea,2025,7,17,NA,Ashley Field,Yes,AF11,Savannah Sparrow,0,0,0,0,0,0,0,
Bartholomew's Cobble,Jim and Margaret Mary Cayea,2025,7,17,NA,Ashley Field,Yes,AF13,Savannah Sparrow,0,0,0,0,0,0,0,
Bartholomew's Cobble,Jim and Margaret Mary Cayea,2025,7,17,7:35,Hurlburt's Hill,No,HH1,Savannah Sparrow,0,0,0,0,0,0,0,
Bartholomew's Cobble,Jim and Margaret Mary Cayea,2025,7,17,7:43,Hurlburt's Hill,No,HH2,Savannah Sparrow,0,0,0,0,0,0,0,
Bartholomew's Cobble,Jim and Margaret Mary Cayea,2025,7,17,7:50,Hurlburt's Hill,No,HH3,Savannah Sparrow,0,0,0,0,0,0,0,
Bartholomew's Cobble,Jim and Margaret Mary Cayea,2025,7,17,6:56,Ashley Field,Yes,AF5,Grasshopper Sparrow,0,0,0,0,0,0,0,
Bartholomew's Cobble,Jim and Margaret Mary Cayea,2025,7,17,7:08,Ashley Field,Yes,AF9,Grasshopper Sparrow,0,0,0,0,0,0,0,
Bartholomew's Cobble,Jim and Margaret Mary Cayea,2025,7,17,7:15,Ashley Field,Yes,AF7,Grasshopper Sparrow,0,0,0,0,0,0,0,
Bartholomew's Cobble,Jim and Margaret Mary Cayea,2025,7,17,NA,Ashley Field,Yes,AF11,Grasshopper Sparrow,0,0,0,0,0,0,0,
Bartholomew's Cobble,Jim and Margaret Mary Cayea,2025,7,17,NA,Ashley Field,Yes,AF13,Grasshopper Sparrow,0,0,0,0,0,0,0,
Bartholomew's Cobble,Jim and Margaret Mary Cayea,2025,7,17,7:35,Hurlburt's Hill,No,HH1,Grasshopper Sparrow,0,0,0,0,0,0,0,
Bartholomew's Cobble,Jim and Margaret Mary Cayea,2025,7,17,7:43,Hurlburt's Hill,No,HH2,Grasshopper Sparrow,0,0,0,0,0,0,0,
Bartholomew's Cobble,Jim and Margaret Mary Cayea,2025,7,17,7:50,Hurlburt's Hill,No,HH3,Grasshopper Sparrow,0,0,0,0,0,0,0,
Bartholomew's Cobble,Jim and Margaret Mary Cayea,2025,7,17,6:56,Ashley Field,Yes,AF5,Eastern Meadowlark,0,0,0,0,0,0,0,
Bartholomew's Cobble,Jim and Margaret Mary Cayea,2025,7,17,7:08,Ashley Field,Yes,AF9,Eastern Meadowlark,0,0,0,0,0,0,0,
Bartholomew's Cobble,Jim and Margaret Mary Cayea,2025,7,17,7:15,Ashley Field,Yes,AF7,Eastern Meadowlark,0,0,0,0,0,0,0,
Bartholomew's Cobble,Jim and Margaret Mary Cayea,2025,7,17,NA,Ashley Field,Yes,AF11,Eastern Meadowlark,0,0,0,0,0,0,0,
Bartholomew's Cobble,Jim and Margaret Mary Cayea,2025,7,17,NA,Ashley Field,Yes,AF13,Eastern Meadowlark,0,0,0,0,0,0,0,
Bartholomew's Cobble,Jim and Margaret Mary Cayea,2025,7,17,7:35,Hurlburt's Hill,No,HH1,Eastern Meadowlark,0,0,0,0,0,0,0,
Bartholomew's Cobble,Jim and Margaret Mary Cayea,2025,7,17,7:43,Hurlburt's Hill,No,HH2,Eastern Meadowlark,0,0,0,0,0,0,0,
Bartholomew's Cobble,Jim and Margaret Mary Cayea,2025,7,17,7:50,Hurlburt's Hill,No,HH3,Eastern Meadowlark,0,0,0,0,0,0,0,
Bryant Homestead,Mary McKitrick,2025,5,20,6:43,Main Field,No,A,Bobolink,1,0,1,0,1,1,2,
Bryant Homestead,Mary McKitrick,2025,5,20,6:54,Main Field,No,B,Bobolink,1,0,1,0,0,0,1,
Bryant Homestead,Mary McKitrick,2025,5,20,7:13,Main Field,No,C,Bobolink,0,0,0,0,1,1,1,
Bryant Homestead,Mary McKitrick,2025,5,20,6:43,Main Field,No,A,Savannah Sparrow,0,0,1,0,0,1,2,Bird heard not seen
Bryant Homestead,Mary McKitrick,2025,5,20,6:54,Main Field,No,B,Savannah Sparrow,0,0,0,0,0,0,0,
Bryant Homestead,Mary McKitrick,2025,5,20,7:13,Main Field,No,C,Savannah Sparrow,0,0,0,0,0,0,0,
Bryant Homestead,Mary McKitrick,2025,5,20,6:43,Main Field,No,A,Grasshopper Sparrow,0,0,0,0,0,0,0,
Bryant Homestead,Mary McKitrick,2025,5,20,6:54,Main Field,No,B,Grasshopper Sparrow,0,0,0,0,0,0,0,
Bryant Homestead,Mary McKitrick,2025,5,20,7:13,Main Field,No,C,Grasshopper Sparrow,0,0,0,0,0,0,0,
Bryant Homestead,Mary McKitrick,2025,5,20,6:43,Main Field,No,A,Eastern Meadowlark,0,0,0,0,0,0,0,
Bryant Homestead,Mary McKitrick,2025,5,20,6:54,Main Field,No,B,Eastern Meadowlark,0,0,0,0,0,0,0,
Bryant Homestead,Mary McKitrick,2025,5,20,7:13,Main Field,No,C,Eastern Meadowlark,0,0,0,0,0,0,0,
Bryant Homestead,David Jones,2025,5,11,11:00,Main Field,No,A,Bobolink,0,0,0,0,0,1,1,Bird heard not seen
Bryant Homestead,David Jones,2025,5,11,10:49,Main Field,No,B,Bobolink,0,0,0,3,0,3,3,
Bryant Homestead,David Jones,2025,5,11,10:37,Main Field,No,C,Bobolink,0,0,0,3,0,3,3,
Bryant Homestead,David Jones,2025,5,11,11:00,Main Field,No,A,Savannah Sparrow,0,0,0,0,0,1,1,Bird heard not seen
Bryant Homestead,David Jones,2025,5,11,10:49,Main Field,No,B,Savannah Sparrow,0,0,0,0,0,0,0,
Bryant Homestead,David Jones,2025,5,11,10:37,Main Field,No,C,Savannah Sparrow,0,0,0,0,0,0,0,
Bryant Homestead,David Jones,2025,5,11,11:00,Main Field,No,A,Grasshopper Sparrow,0,0,0,0,0,0,0,
Bryant Homestead,David Jones,2025,5,11,10:49,Main Field,No,B,Grasshopper Sparrow,0,0,0,0,0,0,0,
Bryant Homestead,David Jones,2025,5,11,10:37,Main Field,No,C,Grasshopper Sparrow,0,0,0,0,0,0,0,
Bryant Homestead,David Jones,2025,5,11,11:00,Main Field,No,A,Eastern Meadowlark,0,0,0,0,0,0,0,
Bryant Homestead,David Jones,2025,5,11,10:49,Main Field,No,B,Eastern Meadowlark,0,0,0,0,0,0,0,
Bryant Homestead,David Jones,2025,5,11,10:37,Main Field,No,C,Eastern Meadowlark,0,0,0,0,0,0,0,
Bryant Homestead,John Burns,2025,5,26,7:35,Main Field,No,A,Bobolink,2,0,2,3,0,3,5,
Bryant Homestead,John Burns,2025,5,26,7:50,Main Field,No,B,Bobolink,2,0,2,4,0,4,6,
Bryant Homestead,John Burns,2025,5,26,8:10,Main Field,No,C,Bobolink,0,0,0,7,0,7,7,
Bryant Homestead,John Burns,2025,5,26,7:35,Main Field,No,A,Savannah Sparrow,1,0,1,0,0,0,1,
Bryant Homestead,John Burns,2025,5,26,7:50,Main Field,No,B,Savannah Sparrow,0,0,0,0,0,0,0,
Bryant Homestead,John Burns,2025,5,26,8:10,Main Field,No,C,Savannah Sparrow,0,0,0,0,0,0,0,
Bryant Homestead,John Burns,2025,5,26,7:35,Main Field,No,A,Grasshopper Sparrow,0,0,0,0,0,0,0,
Bryant Homestead,John Burns,2025,5,26,7:50,Main Field,No,B,Grasshopper Sparrow,0,0,0,0,0,0,0,
Bryant Homestead,John Burns,2025,5,26,8:10,Main Field,No,C,Grasshopper Sparrow,0,0,0,0,0,0,0,
Bryant Homestead,John Burns,2025,5,26,7:35,Main Field,No,A,Eastern Meadowlark,0,0,0,0,0,0,0,
Bryant Homestead,John Burns,2025,5,26,7:50,Main Field,No,B,Eastern Meadowlark,0,0,0,0,0,0,0,
Bryant Homestead,John Burns,2025,5,26,8:10,Main Field,No,C,Eastern Meadowlark,0,0,0,0,0,0,0,
Bryant Homestead,John Burns,2025,6,3,7:20,Main Field,No,A,Bobolink,3,0,3,4,0,4,7,
Bryant Homestead,John Burns,2025,6,3,7:05,Main Field,No,B,Bobolink,2,0,2,3,0,3,6,
Bryant Homestead,John Burns,2025,6,3,6:50,Main Field,No,C,Bobolink,2,0,2,3,0,3,5,
Bryant Homestead,John Burns,2025,6,3,7:20,Main Field,No,A,Savannah Sparrow,0,0,0,0,0,0,0,
Bryant Homestead,John Burns,2025,6,3,7:05,Main Field,No,B,Savannah Sparrow,0,0,0,0,0,0,0,
Bryant Homestead,John Burns,2025,6,3,6:50,Main Field,No,C,Savannah Sparrow,0,0,0,0,0,0,0,
Bryant Homestead,John Burns,2025,6,3,7:20,Main Field,No,A,Grasshopper Sparrow,0,0,0,0,0,0,0,
Bryant Homestead,John Burns,2025,6,3,7:05,Main Field,No,B,Grasshopper Sparrow,0,0,0,0,0,0,0,
Bryant Homestead,John Burns,2025,6,3,6:50,Main Field,No,C,Grasshopper Sparrow,0,0,0,0,0,0,0,
Bryant Homestead,John Burns,2025,6,3,7:20,Main Field,No,A,Eastern Meadowlark,0,0,0,0,0,0,0,
Bryant Homestead,John Burns,2025,6,3,7:05,Main Field,No,B,Eastern Meadowlark,0,0,0,0,0,0,0,
Bryant Homestead,John Burns,2025,6,3,6:50,Main Field,No,C,Eastern Meadowlark,0,0,0,0,0,0,0,
Bryant Homestead,Mary McKitrich,2025,6,12,6:50,Main Field,No,A,Bobolink,0,0,0,1,1,2,2,
Bryant Homestead,Mary McKitrich,2025,6,12,7:14,Main Field,No,B,Bobolink,1,0,1,0,0,0,1,
Bryant Homestead,Mary McKitrich,2025,6,12,7:25,Main Field,No,C,Bobolink,0,0,0,0,0,0,0,
Bryant Homestead,Mary McKitrich,2025,6,12,6:50,Main Field,No,A,Savannah Sparrow,2,0,2,0,0,0,2,
Bryant Homestead,Mary McKitrich,2025,6,12,7:14,Main Field,No,B,Savannah Sparrow,0,1,1,0,0,0,1,
Bryant Homestead,Mary McKitrich,2025,6,12,7:25,Main Field,No,C,Savannah Sparrow,0,0,0,0,0,0,0,
Bryant Homestead,Mary McKitrich,2025,6,12,6:50,Main Field,No,A,Grasshopper Sparrow,0,0,0,0,0,0,0,
Bryant Homestead,Mary McKitrich,2025,6,12,7:14,Main Field,No,B,Grasshopper Sparrow,0,0,0,0,0,0,0,
Bryant Homestead,Mary McKitrich,2025,6,12,7:25,Main Field,No,C,Grasshopper Sparrow,0,0,0,0,0,0,0,
Bryant Homestead,Mary McKitrich,2025,6,12,6:50,Main Field,No,A,Eastern Meadowlark,0,0,0,0,0,0,0,
Bryant Homestead,Mary McKitrich,2025,6,12,7:14,Main Field,No,B,Eastern Meadowlark,0,0,0,0,0,0,0,
Bryant Homestead,Mary McKitrich,2025,6,12,7:25,Main Field,No,C,Eastern Meadowlark,0,0,0,0,0,0,0,
Bryant Homestead,David Jones,2025,5,25,8:09,Main Field,No,A,Bobolink,0,0,0,2,1,3,3,
Bryant Homestead,David Jones,2025,5,25,8:29,Main Field,No,B,Bobolink,0,0,0,2,0,2,2,
Bryant Homestead,David Jones,2025,5,25,8:48,Main Field,No,C,Bobolink,0,0,0,2,1,3,3,
Bryant Homestead,David Jones,2025,5,25,8:09,Main Field,No,A,Savannah Sparrow,0,0,0,0,0,0,0,
Bryant Homestead,David Jones,2025,5,25,8:29,Main Field,No,B,Savannah Sparrow,0,0,0,0,0,0,0,
Bryant Homestead,David Jones,2025,5,25,8:48,Main Field,No,C,Savannah Sparrow,0,0,0,0,0,0,0,
Bryant Homestead,David Jones,2025,5,25,8:09,Main Field,No,A,Grasshopper Sparrow,0,0,0,0,0,0,0,
Bryant Homestead,David Jones,2025,5,25,8:29,Main Field,No,B,Grasshopper Sparrow,0,0,0,0,0,0,0,
Bryant Homestead,David Jones,2025,5,25,8:48,Main Field,No,C,Grasshopper Sparrow,0,0,0,0,0,0,0,
Bryant Homestead,David Jones,2025,5,25,8:09,Main Field,No,A,Eastern Meadowlark,0,0,0,0,0,0,0,
Bryant Homestead,David Jones,2025,5,25,8:29,Main Field,No,B,Eastern Meadowlark,0,0,0,0,0,0,0,
Bryant Homestead,David Jones,2025,5,25,8:48,Main Field,No,C,Eastern Meadowlark,0,0,0,0,0,0,0,
Bryant Homestead,David Jones,2025,5,27,8:02,Main Field,No,A,Bobolink,1,0,1,1,0,1,2,
Bryant Homestead,David Jones,2025,5,27,8:12,Main Field,No,B,Bobolink,0,0,0,2,1,3,3,
Bryant Homestead,David Jones,2025,5,27,8:23,Main Field,No,C,Bobolink,0,0,0,2,0,2,2,
Bryant Homestead,David Jones,2025,5,27,8:02,Main Field,No,A,Savannah Sparrow,0,0,0,0,0,1,1,
Bryant Homestead,David Jones,2025,5,27,8:12,Main Field,No,B,Savannah Sparrow,0,0,0,0,0,0,0,
Bryant Homestead,David Jones,2025,5,27,8:23,Main Field,No,C,Savannah Sparrow,0,0,0,0,0,0,0,
Bryant Homestead,David Jones,2025,5,27,8:02,Main Field,No,A,Grasshopper Sparrow,0,0,0,0,0,0,0,
Bryant Homestead,David Jones,2025,5,27,8:12,Main Field,No,B,Grasshopper Sparrow,0,0,0,0,0,0,0,
Bryant Homestead,David Jones,2025,5,27,8:23,Main Field,No,C,Grasshopper Sparrow,0,0,0,0,0,0,0,
Bryant Homestead,David Jones,2025,5,27,8:02,Main Field,No,A,Eastern Meadowlark,0,0,0,0,0,0,0,
Bryant Homestead,David Jones,2025,5,27,8:12,Main Field,No,B,Eastern Meadowlark,0,0,0,0,0,0,0,
Bryant Homestead,David Jones,2025,5,27,8:23,Main Field,No,C,Eastern Meadowlark,0,0,0,0,0,0,0,
Bryant Homestead,David Jones,2025,6,3,7:52,Main Field,No,A,Bobolink,1,0,1,3,1,4,5,
Bryant Homestead,David Jones,2025,6,3,8:01,Main Field,No,B,Bobolink,2,0,2,3,1,4,6,
Bryant Homestead,David Jones,2025,6,3,8:10,Main Field,No,C,Bobolink,0,0,0,2,0,2,2,
Bryant Homestead,David Jones,2025,6,3,7:52,Main Field,No,A,Savannah Sparrow,0,0,0,0,0,0,0,
Bryant Homestead,David Jones,2025,6,3,8:01,Main Field,No,B,Savannah Sparrow,0,0,0,0,0,0,0,
Bryant Homestead,David Jones,2025,6,3,8:10,Main Field,No,C,Savannah Sparrow,0,0,0,0,0,0,0,
Bryant Homestead,David Jones,2025,6,3,7:52,Main Field,No,A,Grasshopper Sparrow,0,0,0,0,0,0,0,
Bryant Homestead,David Jones,2025,6,3,8:01,Main Field,No,B,Grasshopper Sparrow,0,0,0,0,0,0,0,
Bryant Homestead,David Jones,2025,6,3,8:10,Main Field,No,C,Grasshopper Sparrow,0,0,0,0,0,0,0,
Bryant Homestead,David Jones,2025,6,3,7:52,Main Field,No,A,Eastern Meadowlark,0,0,0,0,0,0,0,
Bryant Homestead,David Jones,2025,6,3,8:01,Main Field,No,B,Eastern Meadowlark,0,0,0,0,0,0,0,
Bryant Homestead,David Jones,2025,6,3,8:10,Main Field,No,C,Eastern Meadowlark,0,0,0,0,0,0,0,
Bryant Homestead,John Burns,2025,6,19,7:20,Main Field,No,A,Bobolink,0,0,0,2,0,2,2,
Bryant Homestead,John Burns,2025,6,19,7:09,Main Field,No,B,Bobolink,0,0,0,1,0,1,1,
Bryant Homestead,John Burns,2025,6,19,7:00,Main Field,No,C,Bobolink,0,0,0,1,0,1,1,
Bryant Homestead,John Burns,2025,6,19,7:20,Main Field,No,A,Savannah Sparrow,1,0,1,0,0,0,1,
Bryant Homestead,John Burns,2025,6,19,7:09,Main Field,No,B,Savannah Sparrow,1,0,1,0,0,0,1,
Bryant Homestead,John Burns,2025,6,19,7:00,Main Field,No,C,Savannah Sparrow,0,0,0,0,0,0,0,
Bryant Homestead,John Burns,2025,6,19,7:20,Main Field,No,A,Grasshopper Sparrow,0,0,0,0,0,0,0,
Bryant Homestead,John Burns,2025,6,19,7:09,Main Field,No,B,Grasshopper Sparrow,0,0,0,0,0,0,0,
Bryant Homestead,John Burns,2025,6,19,7:00,Main Field,No,C,Grasshopper Sparrow,0,0,0,0,0,0,0,
Bryant Homestead,John Burns,2025,6,19,7:20,Main Field,No,A,Eastern Meadowlark,0,0,0,0,0,0,0,
Bryant Homestead,John Burns,2025,6,19,7:09,Main Field,No,B,Eastern Meadowlark,0,0,0,0,0,0,0,
Bryant Homestead,John Burns,2025,6,19,7:00,Main Field,No,C,Eastern Meadowlark,0,0,0,0,0,0,0,
Bryant Homestead,John Burns,2025,6,25,7:17,Main Field,No,A,Bobolink,6,1,7,1,0,1,8,
Bryant Homestead,John Burns,2025,6,25,7:07,Main Field,No,B,Bobolink,3,0,3,4,0,4,7,
Bryant Homestead,John Burns,2025,6,25,6:58,Main Field,No,C,Bobolink,4,4,8,3,0,3,11,
Bryant Homestead,John Burns,2025,6,25,7:17,Main Field,No,A,Savannah Sparrow,0,1,1,0,0,0,1,
Bryant Homestead,John Burns,2025,6,25,7:07,Main Field,No,B,Savannah Sparrow,0,0,0,0,0,0,0,
Bryant Homestead,John Burns,2025,6,25,6:58,Main Field,No,C,Savannah Sparrow,0,1,1,0,0,0,1,
Bryant Homestead,John Burns,2025,6,25,7:17,Main Field,No,A,Grasshopper Sparrow,0,0,0,0,0,0,0,
Bryant Homestead,John Burns,2025,6,25,7:07,Main Field,No,B,Grasshopper Sparrow,0,0,0,0,0,0,0,
Bryant Homestead,John Burns,2025,6,25,6:58,Main Field,No,C,Grasshopper Sparrow,0,0,0,0,0,0,0,
Bryant Homestead,John Burns,2025,6,25,7:17,Main Field,No,A,Eastern Meadowlark,0,0,0,0,0,0,0,
Bryant Homestead,John Burns,2025,6,25,7:07,Main Field,No,B,Eastern Meadowlark,0,0,0,0,0,0,0,
Bryant Homestead,John Burns,2025,6,25,6:58,Main Field,No,C,Eastern Meadowlark,0,0,0,0,0,0,0,
Bryant Homestead,John Burns,2025,7,2,7:42,Main Field,No,A,Bobolink,2,0,2,0,2,2,4,
Bryant Homestead,John Burns,2025,7,2,7:33,Main Field,No,B,Bobolink,2,1,3,3,5,8,11,
Bryant Homestead,John Burns,2025,7,2,7:23,Main Field,No,C,Bobolink,8,4,12,1,1,2,14,
Bryant Homestead,John Burns,2025,7,2,7:42,Main Field,No,A,Savannah Sparrow,0,1,2,0,0,0,2,Bird heard not seen
Bryant Homestead,John Burns,2025,7,2,7:33,Main Field,No,B,Savannah Sparrow,0,0,0,0,0,0,0,
Bryant Homestead,John Burns,2025,7,2,7:23,Main Field,No,C,Savannah Sparrow,1,0,1,0,0,0,1,
Bryant Homestead,John Burns,2025,7,2,7:42,Main Field,No,A,Grasshopper Sparrow,0,0,0,0,0,0,0,
Bryant Homestead,John Burns,2025,7,2,7:33,Main Field,No,B,Grasshopper Sparrow,0,0,0,0,0,0,0,
Bryant Homestead,John Burns,2025,7,2,7:23,Main Field,No,C,Grasshopper Sparrow,0,0,0,0,0,0,0,
Bryant Homestead,John Burns,2025,7,2,7:42,Main Field,No,A,Eastern Meadowlark,0,0,0,0,0,0,0,
Bryant Homestead,John Burns,2025,7,2,7:33,Main Field,No,B,Eastern Meadowlark,0,0,0,0,0,0,0,
Bryant Homestead,John Burns,2025,7,2,7:23,Main Field,No,C,Eastern Meadowlark,0,0,0,0,0,0,0,
Bryant Homestead,John Burns,2025,7,16,7:34,Main Field,No,A,Bobolink,0,0,0,0,0,0,0,
Bryant Homestead,John Burns,2025,7,16,7:24,Main Field,No,B,Bobolink,0,0,0,2,1,3,3,
Bryant Homestead,John Burns,2025,7,16,7:15,Main Field,No,C,Bobolink,0,0,0,2,0,2,2,
Bryant Homestead,John Burns,2025,7,16,7:34,Main Field,No,A,Savannah Sparrow,1,0,1,0,0,0,1,
Bryant Homestead,John Burns,2025,7,16,7:24,Main Field,No,B,Savannah Sparrow,0,0,0,0,0,0,0,
Bryant Homestead,John Burns,2025,7,16,7:15,Main Field,No,C,Savannah Sparrow,0,0,0,0,0,0,0,
Bryant Homestead,John Burns,2025,7,16,7:34,Main Field,No,A,Grasshopper Sparrow,0,0,0,0,0,0,0,
Bryant Homestead,John Burns,2025,7,16,7:24,Main Field,No,B,Grasshopper Sparrow,0,0,0,0,0,0,0,
Bryant Homestead,John Burns,2025,7,16,7:15,Main Field,No,C,Grasshopper Sparrow,0,0,0,0,0,0,0,
Bryant Homestead,John Burns,2025,7,16,7:34,Main Field,No,A,Eastern Meadowlark,0,0,0,0,0,0,0,
Bryant Homestead,John Burns,2025,7,16,7:24,Main Field,No,B,Eastern Meadowlark,0,0,0,0,0,0,0,
Bryant Homestead,John Burns,2025,7,16,7:15,Main Field,No,C,Eastern Meadowlark,0,0,0,0,0,0,0,
Bryant Homestead,Mary McKitrick,2025,7,20,7:30,Main Field,No,A,Bobolink,1,0,1,0,0,0,1,
Bryant Homestead,Mary McKitrick,2025,7,20,7:53,Main Field,No,B,Bobolink,0,5,5,0,0,0,5,
Bryant Homestead,Mary McKitrick,2025,7,20,8:03,Main Field,No,C,Bobolink,0,8,8,0,0,0,8,
Bryant Homestead,Mary McKitrick,2025,7,20,7:30,Main Field,No,A,Savannah Sparrow,0,0,0,0,0,0,0,
Bryant Homestead,Mary McKitrick,2025,7,20,7:53,Main Field,No,B,Savannah Sparrow,0,0,1,0,0,0,1,
Bryant Homestead,Mary McKitrick,2025,7,20,8:03,Main Field,No,C,Savannah Sparrow,0,0,0,0,0,0,0,
Bryant Homestead,Mary McKitrick,2025,7,20,7:30,Main Field,No,A,Grasshopper Sparrow,0,0,0,0,0,0,0,
Bryant Homestead,Mary McKitrick,2025,7,20,7:53,Main Field,No,B,Grasshopper Sparrow,0,0,0,0,0,0,0,
Bryant Homestead,Mary McKitrick,2025,7,20,8:03,Main Field,No,C,Grasshopper Sparrow,0,0,0,0,0,0,0,
Bryant Homestead,Mary McKitrick,2025,7,20,7:30,Main Field,No,A,Eastern Meadowlark,0,0,0,0,0,0,0,
Bryant Homestead,Mary McKitrick,2025,7,20,7:53,Main Field,No,B,Eastern Meadowlark,0,0,0,0,0,0,0,
Bryant Homestead,Mary McKitrick,2025,7,20,8:03,Main Field,No,C,Eastern Meadowlark,0,0,0,0,0,0,0,
Bryant Homestead,David Jones,2025,7,3,7:52,Main Field,No,A,Bobolink,0,0,0,2,1,3,3,
Bryant Homestead,David Jones,2025,7,3,8:03,Main Field,No,B,Bobolink,0,0,0,2,2,4,4,
Bryant Homestead,David Jones,2025,7,3,8:10,Main Field,No,C,Bobolink,0,0,0,2,2,4,4,
Bryant Homestead,David Jones,2025,7,3,7:52,Main Field,No,A,Savannah Sparrow,0,0,0,0,0,2,2,
Bryant Homestead,David Jones,2025,7,3,8:03,Main Field,No,B,Savannah Sparrow,0,0,0,0,0,1,1,Bird heard not seen
Bryant Homestead,David Jones,2025,7,3,8:10,Main Field,No,C,Savannah Sparrow,0,0,0,0,0,0,0,
Bryant Homestead,David Jones,2025,7,3,7:52,Main Field,No,A,Grasshopper Sparrow,0,0,0,0,0,0,0,
Bryant Homestead,David Jones,2025,7,3,8:03,Main Field,No,B,Grasshopper Sparrow,0,0,0,0,0,0,0,
Bryant Homestead,David Jones,2025,7,3,8:10,Main Field,No,C,Grasshopper Sparrow,0,0,0,0,0,0,0,
Bryant Homestead,David Jones,2025,7,3,7:52,Main Field,No,A,Eastern Meadowlark,0,0,0,0,0,0,0,
Bryant Homestead,David Jones,2025,7,3,8:03,Main Field,No,B,Eastern Meadowlark,0,0,0,0,0,0,0,
Bryant Homestead,David Jones,2025,7,3,8:10,Main Field,No,C,Eastern Meadowlark,0,0,0,0,0,0,0,
Castle Hill,Ton Lannon,2025,5,3,6:12,Brown Cottage Field,No,A,Bobolink,0,0,0,0,0,0,0,
Castle Hill,Ton Lannon,2025,5,3,6:24,Brown Cottage Field,No,B,Bobolink,0,0,0,0,0,1,1,Bird heard not seen
Castle Hill,Ton Lannon,2025,5,3,6:12,Brown Cottage Field,No,A,Savannah Sparrow,0,0,0,0,0,1,1,Bird heard not seen
Castle Hill,Ton Lannon,2025,5,3,6:24,Brown Cottage Field,No,B,Savannah Sparrow,0,0,0,0,0,1,1,Bird heard not seen
Castle Hill,Ton Lannon,2025,5,3,6:12,Brown Cottage Field,No,A,Grasshopper Sparrow,0,0,0,0,0,0,0,
Castle Hill,Ton Lannon,2025,5,3,6:24,Brown Cottage Field,No,B,Grasshopper Sparrow,0,0,0,0,0,0,0,
Castle Hill,Ton Lannon,2025,5,3,6:12,Brown Cottage Field,No,A,Eastern Meadowlark,0,0,0,0,0,1,1,Bird heard not seen
Castle Hill,Ton Lannon,2025,5,3,6:24,Brown Cottage Field,No,B,Eastern Meadowlark,0,0,0,0,0,0,0,
Castle Hill,Ton Lannon,2025,5,8,9:01,Brown Cottage Field,No,A,Bobolink,0,0,0,0,0,0,0,
Castle Hill,Ton Lannon,2025,5,8,9:11,Brown Cottage Field,No,B,Bobolink,0,0,0,0,0,0,0,
Castle Hill,Ton Lannon,2025,5,8,9:01,Brown Cottage Field,No,A,Savannah Sparrow,0,0,0,0,0,0,0,
Castle Hill,Ton Lannon,2025,5,8,9:11,Brown Cottage Field,No,B,Savannah Sparrow,0,0,0,0,0,0,0,
Castle Hill,Ton Lannon,2025,5,8,9:01,Brown Cottage Field,No,A,Grasshopper Sparrow,0,0,0,0,0,0,0,
Castle Hill,Ton Lannon,2025,5,8,9:11,Brown Cottage Field,No,B,Grasshopper Sparrow,0,0,0,0,0,0,0,
Castle Hill,Ton Lannon,2025,5,8,9:01,Brown Cottage Field,No,A,Eastern Meadowlark,0,0,0,0,0,0,0,
Castle Hill,Ton Lannon,2025,5,8,9:11,Brown Cottage Field,No,B,Eastern Meadowlark,0,0,0,0,0,0,0,
Castle Hill,Ton Lannon,2025,5,11,5:58,Brown Cottage Field,No,A,Bobolink,0,0,0,0,0,0,0,
Castle Hill,Ton Lannon,2025,5,11,6:08,Brown Cottage Field,No,B,Bobolink,0,0,0,0,0,0,0,
Castle Hill,Ton Lannon,2025,5,11,5:58,Brown Cottage Field,No,A,Savannah Sparrow,1,0,1,0,0,0,1,
Castle Hill,Ton Lannon,2025,5,11,6:08,Brown Cottage Field,No,B,Savannah Sparrow,0,0,0,0,0,0,0,
Castle Hill,Ton Lannon,2025,5,11,5:58,Brown Cottage Field,No,A,Grasshopper Sparrow,0,0,0,0,0,0,0,
Castle Hill,Ton Lannon,2025,5,11,6:08,Brown Cottage Field,No,B,Grasshopper Sparrow,0,0,0,0,0,0,0,
Castle Hill,Ton Lannon,2025,5,11,5:58,Brown Cottage Field,No,A,Eastern Meadowlark,0,0,0,0,0,0,0,
Castle Hill,Ton Lannon,2025,5,11,6:08,Brown Cottage Field,No,B,Eastern Meadowlark,0,0,0,0,0,0,0,
Castle Hill,Jane Woodman,2025,5,13,NA,Brown Cottage Field,No,A,Bobolink,0,0,0,0,0,1,1,Bird heard not seen
Castle Hill,Jane Woodman,2025,5,13,NA,Brown Cottage Field,No,B,Bobolink,0,0,0,0,0,0,0,
Castle Hill,Jane Woodman,2025,5,13,NA,Brown Cottage Field,No,A,Savannah Sparrow,0,0,0,0,0,0,0,
Castle Hill,Jane Woodman,2025,5,13,NA,Brown Cottage Field,No,B,Savannah Sparrow,0,0,0,0,0,0,0,
Castle Hill,Jane Woodman,2025,5,13,NA,Brown Cottage Field,No,A,Grasshopper Sparrow,0,0,0,0,0,0,0,
Castle Hill,Jane Woodman,2025,5,13,NA,Brown Cottage Field,No,B,Grasshopper Sparrow,0,0,0,0,0,0,0,
Castle Hill,Jane Woodman,2025,5,13,NA,Brown Cottage Field,No,A,Eastern Meadowlark,0,0,0,0,0,0,0,
Castle Hill,Jane Woodman,2025,5,13,NA,Brown Cottage Field,No,B,Eastern Meadowlark,0,0,0,0,0,0,0,
Castle Hill,Tom Lannon,2025,5,25,5:55,Brown Cottage Field,No,A,Bobolink,0,0,0,1,0,1,1,
Castle Hill,Tom Lannon,2025,5,25,6:03,Brown Cottage Field,No,B,Bobolink,1,0,1,0,0,0,1,
Castle Hill,Tom Lannon,2025,5,25,5:55,Brown Cottage Field,No,A,Savannah Sparrow,0,0,0,0,0,0,0,
Castle Hill,Tom Lannon,2025,5,25,6:03,Brown Cottage Field,No,B,Savannah Sparrow,0,0,0,0,0,0,0,
Castle Hill,Tom Lannon,2025,5,25,5:55,Brown Cottage Field,No,A,Grasshopper Sparrow,0,0,0,0,0,0,0,
Castle Hill,Tom Lannon,2025,5,25,6:03,Brown Cottage Field,No,B,Grasshopper Sparrow,0,0,0,0,0,0,0,
Castle Hill,Tom Lannon,2025,5,25,5:55,Brown Cottage Field,No,A,Eastern Meadowlark,0,0,0,0,0,0,0,
Castle Hill,Tom Lannon,2025,5,25,6:03,Brown Cottage Field,No,B,Eastern Meadowlark,0,0,0,0,0,0,0,
Castle Hill,Georgie Linscott,2025,5,26,9:36,Brown Cottage Field,No,A,Bobolink,0,0,0,0,0,0,0,
Castle Hill,Georgie Linscott,2025,5,26,9:45,Brown Cottage Field,No,B,Bobolink,1,0,1,0,0,0,1,
Castle Hill,Georgie Linscott,2025,5,26,9:36,Brown Cottage Field,No,A,Savannah Sparrow,0,0,2,0,0,1,3,
Castle Hill,Georgie Linscott,2025,5,26,9:45,Brown Cottage Field,No,B,Savannah Sparrow,0,0,5,0,0,1,6,
Castle Hill,Georgie Linscott,2025,5,26,9:36,Brown Cottage Field,No,A,Grasshopper Sparrow,0,0,3,0,0,2,5,
Castle Hill,Georgie Linscott,2025,5,26,9:45,Brown Cottage Field,No,B,Grasshopper Sparrow,0,0,0,0,0,0,0,
Castle Hill,Georgie Linscott,2025,5,26,9:36,Brown Cottage Field,No,A,Eastern Meadowlark,0,0,0,0,0,0,0,
Castle Hill,Georgie Linscott,2025,5,26,9:45,Brown Cottage Field,No,B,Eastern Meadowlark,0,0,0,0,0,0,0,
Castle Hill,Jane Woodman,2025,5,13,NA,Brown Cottage Field,No,A,Bobolink,0,0,0,0,0,1,1,Bird heard not seen
Castle Hill,Jane Woodman,2025,5,13,NA,Brown Cottage Field,No,B,Bobolink,0,0,0,0,0,0,0,
Castle Hill,Jane Woodman,2025,5,13,NA,Brown Cottage Field,No,A,Savannah Sparrow,0,0,0,0,0,0,0,
Castle Hill,Jane Woodman,2025,5,13,NA,Brown Cottage Field,No,B,Savannah Sparrow,0,0,0,0,0,0,0,
Castle Hill,Jane Woodman,2025,5,13,NA,Brown Cottage Field,No,A,Grasshopper Sparrow,0,0,0,0,0,0,0,
Castle Hill,Jane Woodman,2025,5,13,NA,Brown Cottage Field,No,B,Grasshopper Sparrow,0,0,0,0,0,0,0,
Castle Hill,Jane Woodman,2025,5,13,NA,Brown Cottage Field,No,A,Eastern Meadowlark,0,0,0,0,0,0,0,
Castle Hill,Jane Woodman,2025,5,13,NA,Brown Cottage Field,No,B,Eastern Meadowlark,0,0,0,0,0,0,0,
Castle Hill,Tom Lannon,2025,6,1,6:50,Brown Cottage Field,No,A,Bobolink,2,0,2,0,0,0,2,
Castle Hill,Tom Lannon,2025,6,1,7:02,Brown Cottage Field,No,B,Bobolink,1,0,1,0,0,0,1,
Castle Hill,Tom Lannon,2025,6,1,6:50,Brown Cottage Field,No,A,Savannah Sparrow,0,0,0,0,0,0,0,
Castle Hill,Tom Lannon,2025,6,1,7:02,Brown Cottage Field,No,B,Savannah Sparrow,0,0,0,0,0,0,0,
Castle Hill,Tom Lannon,2025,6,1,6:50,Brown Cottage Field,No,A,Grasshopper Sparrow,0,0,0,0,0,0,0,
Castle Hill,Tom Lannon,2025,6,1,7:02,Brown Cottage Field,No,B,Grasshopper Sparrow,0,0,0,0,0,0,0,
Castle Hill,Tom Lannon,2025,6,1,6:50,Brown Cottage Field,No,A,Eastern Meadowlark,0,0,0,0,0,0,0,
Castle Hill,Tom Lannon,2025,6,1,7:02,Brown Cottage Field,No,B,Eastern Meadowlark,0,0,0,0,0,0,0,
Castle Hill,Tom Lannon,2025,6,8,6:25,Brown Cottage Field,No,A,Bobolink,0,0,0,0,0,0,0,
Castle Hill,Tom Lannon,2025,6,8,6:35,Brown Cottage Field,No,B,Bobolink,1,1,2,0,0,0,2,
Castle Hill,Tom Lannon,2025,6,8,6:25,Brown Cottage Field,No,A,Savannah Sparrow,0,0,0,0,0,0,0,
Castle Hill,Tom Lannon,2025,6,8,6:35,Brown Cottage Field,No,B,Savannah Sparrow,0,0,0,0,0,0,0,
Castle Hill,Tom Lannon,2025,6,8,6:25,Brown Cottage Field,No,A,Grasshopper Sparrow,0,0,0,0,0,0,0,
Castle Hill,Tom Lannon,2025,6,8,6:35,Brown Cottage Field,No,B,Grasshopper Sparrow,0,0,0,0,0,0,0,
Castle Hill,Tom Lannon,2025,6,8,6:25,Brown Cottage Field,No,A,Eastern Meadowlark,0,0,0,0,0,0,0,
Castle Hill,Tom Lannon,2025,6,8,6:35,Brown Cottage Field,No,B,Eastern Meadowlark,0,0,0,0,0,0,0,
Castle Hill,Tom Lannon,2025,6,15,8:04,Brown Cottage Field,No,A,Bobolink,1,1,2,0,0,0,2,
Castle Hill,Tom Lannon,2025,6,15,8:11,Brown Cottage Field,No,B,Bobolink,1,1,2,0,0,0,2,
Castle Hill,Tom Lannon,2025,6,15,8:04,Brown Cottage Field,No,A,Savannah Sparrow,0,0,0,0,0,0,0,
Castle Hill,Tom Lannon,2025,6,15,8:11,Brown Cottage Field,No,B,Savannah Sparrow,0,0,0,0,0,0,0,
Castle Hill,Tom Lannon,2025,6,15,8:04,Brown Cottage Field,No,A,Grasshopper Sparrow,0,0,0,0,0,0,0,
Castle Hill,Tom Lannon,2025,6,15,8:11,Brown Cottage Field,No,B,Grasshopper Sparrow,0,0,0,0,0,0,0,
Castle Hill,Tom Lannon,2025,6,15,8:04,Brown Cottage Field,No,A,Eastern Meadowlark,0,0,0,0,0,0,0,
Castle Hill,Tom Lannon,2025,6,15,8:11,Brown Cottage Field,No,B,Eastern Meadowlark,0,0,0,0,0,0,0,
Castle Hill,Tom Lannon,2025,6,24,6:39,Brown Cottage Field,No,A,Bobolink,1,0,1,0,0,0,1,
Castle Hill,Tom Lannon,2025,6,24,6:50,Brown Cottage Field,No,B,Bobolink,0,0,0,0,0,0,0,
Castle Hill,Tom Lannon,2025,6,24,6:39,Brown Cottage Field,No,A,Savannah Sparrow,0,0,0,0,0,0,0,
Castle Hill,Tom Lannon,2025,6,24,6:50,Brown Cottage Field,No,B,Savannah Sparrow,0,0,0,0,0,0,0,
Castle Hill,Tom Lannon,2025,6,24,6:39,Brown Cottage Field,No,A,Grasshopper Sparrow,0,0,0,0,0,0,0,
Castle Hill,Tom Lannon,2025,6,24,6:50,Brown Cottage Field,No,B,Grasshopper Sparrow,0,0,0,0,0,0,0,
Castle Hill,Tom Lannon,2025,6,24,6:39,Brown Cottage Field,No,A,Eastern Meadowlark,0,0,0,0,0,0,0,
Castle Hill,Tom Lannon,2025,6,24,6:50,Brown Cottage Field,No,B,Eastern Meadowlark,0,0,0,0,0,0,0,
Castle Hill,Tom Lannon,2025,7,4,7:15,Brown Cottage Field,No,A,Bobolink,1,0,1,0,0,0,1,
Castle Hill,Tom Lannon,2025,7,4,7:25,Brown Cottage Field,No,B,Bobolink,0,0,0,0,0,0,0,
Castle Hill,Tom Lannon,2025,7,4,7:15,Brown Cottage Field,No,A,Savannah Sparrow,0,0,0,0,0,0,0,
Castle Hill,Tom Lannon,2025,7,4,7:25,Brown Cottage Field,No,B,Savannah Sparrow,0,0,0,0,0,0,0,
Castle Hill,Tom Lannon,2025,7,4,7:15,Brown Cottage Field,No,A,Grasshopper Sparrow,0,0,0,0,0,0,0,
Castle Hill,Tom Lannon,2025,7,4,7:25,Brown Cottage Field,No,B,Grasshopper Sparrow,0,0,0,0,0,0,0,
Castle Hill,Tom Lannon,2025,7,4,7:15,Brown Cottage Field,No,A,Eastern Meadowlark,0,0,0,0,0,0,0,
Castle Hill,Tom Lannon,2025,7,4,7:25,Brown Cottage Field,No,B,Eastern Meadowlark,0,0,0,0,0,0,0,
Charles River Peninsula,Jenn and Jackson Bender,2025,5,11,9:45,Main Field,No,A,Bobolink,0,0,0,0,0,0,0,
Charles River Peninsula,Jenn and Jackson Bender,2025,5,11,10:00,Main Field,No,B,Bobolink,0,0,0,0,0,0,0,
Charles River Peninsula,Jenn and Jackson Bender,2025,5,11,10:10,Main Field,No,C,Bobolink,0,0,0,0,0,0,0,
Charles River Peninsula,Jenn and Jackson Bender,2025,5,11,9:45,Main Field,No,A,Savannah Sparrow,0,0,0,0,0,0,0,
Charles River Peninsula,Jenn and Jackson Bender,2025,5,11,10:00,Main Field,No,B,Savannah Sparrow,0,0,0,0,0,0,0,
Charles River Peninsula,Jenn and Jackson Bender,2025,5,11,10:10,Main Field,No,C,Savannah Sparrow,0,0,0,0,0,0,0,
Charles River Peninsula,Jenn and Jackson Bender,2025,5,11,9:45,Main Field,No,A,Grasshopper Sparrow,0,0,0,0,0,0,0,
Charles River Peninsula,Jenn and Jackson Bender,2025,5,11,10:00,Main Field,No,B,Grasshopper Sparrow,0,0,0,0,0,0,0,
Charles River Peninsula,Jenn and Jackson Bender,2025,5,11,10:10,Main Field,No,C,Grasshopper Sparrow,0,0,0,0,0,0,0,
Charles River Peninsula,Jenn and Jackson Bender,2025,5,11,9:45,Main Field,No,A,Eastern Meadowlark,0,0,0,0,0,0,0,
Charles River Peninsula,Jenn and Jackson Bender,2025,5,11,10:00,Main Field,No,B,Eastern Meadowlark,0,0,3,0,0,1,4,
Charles River Peninsula,Jenn and Jackson Bender,2025,5,11,10:10,Main Field,No,C,Eastern Meadowlark,0,0,0,0,0,0,0,
Charles River Peninsula,Cliff Cook,2025,5,14,NA,Main Field,No,A,Bobolink,0,0,0,0,0,0,0,
Charles River Peninsula,Cliff Cook,2025,5,14,NA,Main Field,No,B,Bobolink,1,0,1,0,0,0,1,
Charles River Peninsula,Cliff Cook,2025,5,14,NA,Main Field,No,C,Bobolink,0,0,0,1,0,1,1,
Charles River Peninsula,Cliff Cook,2025,5,14,NA,Main Field,No,A,Savannah Sparrow,0,0,0,0,0,0,0,
Charles River Peninsula,Cliff Cook,2025,5,14,NA,Main Field,No,B,Savannah Sparrow,0,0,0,0,0,0,0,
Charles River Peninsula,Cliff Cook,2025,5,14,NA,Main Field,No,C,Savannah Sparrow,0,0,0,0,0,0,0,
Charles River Peninsula,Cliff Cook,2025,5,14,NA,Main Field,No,A,Grasshopper Sparrow,0,0,0,0,0,0,0,
Charles River Peninsula,Cliff Cook,2025,5,14,NA,Main Field,No,B,Grasshopper Sparrow,0,0,0,0,0,0,0,
Charles River Peninsula,Cliff Cook,2025,5,14,NA,Main Field,No,C,Grasshopper Sparrow,0,0,0,0,0,0,0,
Charles River Peninsula,Cliff Cook,2025,5,14,NA,Main Field,No,A,Eastern Meadowlark,0,0,0,0,0,0,0,
Charles River Peninsula,Cliff Cook,2025,5,14,NA,Main Field,No,B,Eastern Meadowlark,0,0,0,0,0,0,0,
Charles River Peninsula,Cliff Cook,2025,5,14,NA,Main Field,No,C,Eastern Meadowlark,0,0,0,0,0,0,0,
Charles River Peninsula,Jenn and Jackson Bender,2025,6,1,7:55,Main Field,No,A,Bobolink,0,0,0,0,0,0,0,
Charles River Peninsula,Jenn and Jackson Bender,2025,6,1,8:05,Main Field,No,B,Bobolink,0,0,0,0,0,0,0,
Charles River Peninsula,Jenn and Jackson Bender,2025,6,1,8:15,Main Field,No,C,Bobolink,0,0,0,0,0,0,0,
Charles River Peninsula,Jenn and Jackson Bender,2025,6,1,7:55,Main Field,No,A,Savannah Sparrow,0,0,0,0,0,0,0,
Charles River Peninsula,Jenn and Jackson Bender,2025,6,1,8:05,Main Field,No,B,Savannah Sparrow,1,0,1,0,0,0,1,
Charles River Peninsula,Jenn and Jackson Bender,2025,6,1,8:15,Main Field,No,C,Savannah Sparrow,0,0,0,0,0,0,0,
Charles River Peninsula,Jenn and Jackson Bender,2025,6,1,7:55,Main Field,No,A,Grasshopper Sparrow,0,0,0,0,0,0,0,
Charles River Peninsula,Jenn and Jackson Bender,2025,6,1,8:05,Main Field,No,B,Grasshopper Sparrow,0,0,0,0,0,0,0,
Charles River Peninsula,Jenn and Jackson Bender,2025,6,1,8:15,Main Field,No,C,Grasshopper Sparrow,1,0,1,0,0,0,1,
Charles River Peninsula,Jenn and Jackson Bender,2025,6,1,7:55,Main Field,No,A,Eastern Meadowlark,0,0,0,0,0,0,0,
Charles River Peninsula,Jenn and Jackson Bender,2025,6,1,8:05,Main Field,No,B,Eastern Meadowlark,0,0,0,0,0,0,0,
Charles River Peninsula,Jenn and Jackson Bender,2025,6,1,8:15,Main Field,No,C,Eastern Meadowlark,0,0,0,0,0,0,0,
Charles River Peninsula,Jenn and Jackson Bender,2025,6,11,8:40,Main Field,No,A,Bobolink,0,0,0,0,0,0,0,
Charles River Peninsula,Jenn and Jackson Bender,2025,6,11,8:55,Main Field,No,B,Bobolink,0,0,0,0,0,0,0,
Charles River Peninsula,Jenn and Jackson Bender,2025,6,11,9:05,Main Field,No,C,Bobolink,0,0,0,0,0,0,0,
Charles River Peninsula,Jenn and Jackson Bender,2025,6,11,8:40,Main Field,No,A,Savannah Sparrow,0,0,1,0,0,0,1,
Charles River Peninsula,Jenn and Jackson Bender,2025,6,11,8:55,Main Field,No,B,Savannah Sparrow,0,0,0,0,0,0,0,
Charles River Peninsula,Jenn and Jackson Bender,2025,6,11,9:05,Main Field,No,C,Savannah Sparrow,0,0,0,0,0,0,0,
Charles River Peninsula,Jenn and Jackson Bender,2025,6,11,8:40,Main Field,No,A,Grasshopper Sparrow,0,0,0,0,0,0,0,
Charles River Peninsula,Jenn and Jackson Bender,2025,6,11,8:55,Main Field,No,B,Grasshopper Sparrow,0,0,0,0,0,0,0,
Charles River Peninsula,Jenn and Jackson Bender,2025,6,11,9:05,Main Field,No,C,Grasshopper Sparrow,0,0,0,0,0,0,0,
Charles River Peninsula,Jenn and Jackson Bender,2025,6,11,8:40,Main Field,No,A,Eastern Meadowlark,0,0,0,0,0,0,0,
Charles River Peninsula,Jenn and Jackson Bender,2025,6,11,8:55,Main Field,No,B,Eastern Meadowlark,0,0,0,0,0,0,0,
Charles River Peninsula,Jenn and Jackson Bender,2025,6,11,9:05,Main Field,No,C,Eastern Meadowlark,0,0,0,0,0,0,0,
Charles River Peninsula,Dan Newman,2025,6,18,9:00,Main Field,No,A,Bobolink,0,0,0,0,0,0,0,
Charles River Peninsula,Dan Newman,2025,6,18,9:15,Main Field,No,B,Bobolink,0,0,0,0,0,0,0,
Charles River Peninsula,Dan Newman,2025,6,18,9:30,Main Field,No,C,Bobolink,0,0,0,0,0,0,0,
Charles River Peninsula,Dan Newman,2025,6,18,9:00,Main Field,No,A,Savannah Sparrow,0,0,0,0,0,0,0,
Charles River Peninsula,Dan Newman,2025,6,18,9:15,Main Field,No,B,Savannah Sparrow,0,0,0,0,0,0,0,
Charles River Peninsula,Dan Newman,2025,6,18,9:30,Main Field,No,C,Savannah Sparrow,0,0,0,0,0,0,0,
Charles River Peninsula,Dan Newman,2025,6,18,9:00,Main Field,No,A,Grasshopper Sparrow,0,0,0,0,0,0,0,
Charles River Peninsula,Dan Newman,2025,6,18,9:15,Main Field,No,B,Grasshopper Sparrow,0,0,0,0,0,0,0,
Charles River Peninsula,Dan Newman,2025,6,18,9:30,Main Field,No,C,Grasshopper Sparrow,0,0,0,0,0,0,0,
Charles River Peninsula,Dan Newman,2025,6,18,9:00,Main Field,No,A,Eastern Meadowlark,0,0,0,0,0,0,0,
Charles River Peninsula,Dan Newman,2025,6,18,9:15,Main Field,No,B,Eastern Meadowlark,0,0,0,0,0,0,0,
Charles River Peninsula,Dan Newman,2025,6,18,9:30,Main Field,No,C,Eastern Meadowlark,0,0,0,0,0,0,0,
Charles River Peninsula,Jenn and Jackson Bender,2025,6,23,8:15,Main Field,No,A,Bobolink,0,0,0,0,0,0,0,
Charles River Peninsula,Jenn and Jackson Bender,2025,6,23,8:30,Main Field,No,B,Bobolink,0,0,0,0,0,0,0,
Charles River Peninsula,Jenn and Jackson Bender,2025,6,23,8:40,Main Field,No,C,Bobolink,0,0,0,0,0,0,0,
Charles River Peninsula,Jenn and Jackson Bender,2025,6,23,8:15,Main Field,No,A,Savannah Sparrow,0,0,0,0,0,0,0,
Charles River Peninsula,Jenn and Jackson Bender,2025,6,23,8:30,Main Field,No,B,Savannah Sparrow,0,0,0,0,0,0,0,
Charles River Peninsula,Jenn and Jackson Bender,2025,6,23,8:40,Main Field,No,C,Savannah Sparrow,0,0,0,0,0,0,0,
Charles River Peninsula,Jenn and Jackson Bender,2025,6,23,8:15,Main Field,No,A,Grasshopper Sparrow,0,0,0,0,0,0,0,
Charles River Peninsula,Jenn and Jackson Bender,2025,6,23,8:30,Main Field,No,B,Grasshopper Sparrow,0,0,0,0,0,0,0,
Charles River Peninsula,Jenn and Jackson Bender,2025,6,23,8:40,Main Field,No,C,Grasshopper Sparrow,0,0,0,0,0,0,0,
Charles River Peninsula,Jenn and Jackson Bender,2025,6,23,8:15,Main Field,No,A,Eastern Meadowlark,0,0,0,0,0,0,0,
Charles River Peninsula,Jenn and Jackson Bender,2025,6,23,8:30,Main Field,No,B,Eastern Meadowlark,0,0,0,0,0,0,0,
Charles River Peninsula,Jenn and Jackson Bender,2025,6,23,8:40,Main Field,No,C,Eastern Meadowlark,0,0,0,0,0,0,0,
Charles River Peninsula,Cliff Cook,2025,6,6,9:23,Main Field,No,A,Bobolink,0,0,0,0,0,0,0,
Charles River Peninsula,Cliff Cook,2025,6,6,8:37,Main Field,No,B,Bobolink,0,0,0,0,0,0,0,
Charles River Peninsula,Cliff Cook,2025,6,6,8:53,Main Field,No,C,Bobolink,0,0,0,0,0,0,0,
Charles River Peninsula,Cliff Cook,2025,6,6,9:23,Main Field,No,A,Savannah Sparrow,0,0,0,0,0,0,0,
Charles River Peninsula,Cliff Cook,2025,6,6,8:37,Main Field,No,B,Savannah Sparrow,0,0,0,0,0,0,0,
Charles River Peninsula,Cliff Cook,2025,6,6,8:53,Main Field,No,C,Savannah Sparrow,0,0,0,0,0,0,0,
Charles River Peninsula,Cliff Cook,2025,6,6,9:23,Main Field,No,A,Grasshopper Sparrow,0,0,0,0,0,0,0,
Charles River Peninsula,Cliff Cook,2025,6,6,8:37,Main Field,No,B,Grasshopper Sparrow,0,0,0,0,0,0,0,
Charles River Peninsula,Cliff Cook,2025,6,6,8:53,Main Field,No,C,Grasshopper Sparrow,0,0,0,0,0,0,0,
Charles River Peninsula,Cliff Cook,2025,6,6,9:23,Main Field,No,A,Eastern Meadowlark,0,0,0,0,0,0,0,
Charles River Peninsula,Cliff Cook,2025,6,6,8:37,Main Field,No,B,Eastern Meadowlark,0,0,0,0,0,0,0,
Charles River Peninsula,Cliff Cook,2025,6,6,8:53,Main Field,No,C,Eastern Meadowlark,0,0,0,0,0,0,,
Charles River Peninsula,Cliff Cook,2025,6,26,10:58,Main Field,No,A,Bobolink,0,0,0,0,0,0,0,
Charles River Peninsula,Cliff Cook,2025,6,26,10:43,Main Field,No,B,Bobolink,0,0,0,0,0,0,0,
Charles River Peninsula,Cliff Cook,2025,6,26,10:30,Main Field,No,C,Bobolink,0,0,0,0,0,0,0,
Charles River Peninsula,Cliff Cook,2025,6,26,10:58,Main Field,No,A,Savannah Sparrow,0,0,0,0,0,0,0,
Charles River Peninsula,Cliff Cook,2025,6,26,10:43,Main Field,No,B,Savannah Sparrow,0,0,0,0,0,0,0,
Charles River Peninsula,Cliff Cook,2025,6,26,10:30,Main Field,No,C,Savannah Sparrow,0,0,0,0,0,0,0,
Charles River Peninsula,Cliff Cook,2025,6,26,10:58,Main Field,No,A,Grasshopper Sparrow,0,0,0,0,0,0,0,
Charles River Peninsula,Cliff Cook,2025,6,26,10:43,Main Field,No,B,Grasshopper Sparrow,0,0,0,0,0,0,0,
Charles River Peninsula,Cliff Cook,2025,6,26,10:30,Main Field,No,C,Grasshopper Sparrow,0,0,0,0,0,0,0,
Charles River Peninsula,Cliff Cook,2025,6,26,10:58,Main Field,No,A,Eastern Meadowlark,0,0,0,0,0,0,0,
Charles River Peninsula,Cliff Cook,2025,6,26,10:43,Main Field,No,B,Eastern Meadowlark,0,0,0,0,0,0,0,
Charles River Peninsula,Cliff Cook,2025,6,26,10:30,Main Field,No,C,Eastern Meadowlark,0,0,0,0,0,0,,
Chestnut Hill Farm,Charlie Crosby,2025,5,12,NA,Main Field,No,A,Bobolink,0,0,2,0,0,2,4,Bird heard not seen
Chestnut Hill Farm,Charlie Crosby,2025,5,12,NA,Main Field,No,B,Bobolink,0,0,0,0,0,1,1,Bird heard not seen
Chestnut Hill Farm,Charlie Crosby,2025,5,12,NA,Main Field,No,C,Bobolink,0,0,0,0,0,1,1,Bird heard not seen
Chestnut Hill Farm,Charlie Crosby,2025,5,12,NA,Main Field,No,D,Bobolink,0,0,0,0,0,0,0,
Chestnut Hill Farm,Charlie Crosby,2025,5,12,NA,Main Field,No,E,Bobolink,0,0,1,0,0,0,1,Bird heard not seen
Chestnut Hill Farm,Charlie Crosby,2025,5,12,NA,Main Field,No,F,Bobolink,1,0,1,1,0,1,2,
Chestnut Hill Farm,Charlie Crosby,2025,5,12,NA,Main Field,No,A,Savannah Sparrow,0,0,0,0,0,0,0,
Chestnut Hill Farm,Charlie Crosby,2025,5,12,NA,Main Field,No,B,Savannah Sparrow,0,0,1,0,0,0,1,Bird heard not seen
Chestnut Hill Farm,Charlie Crosby,2025,5,12,NA,Main Field,No,C,Savannah Sparrow,0,0,0,0,0,0,0,
Chestnut Hill Farm,Charlie Crosby,2025,5,12,NA,Main Field,No,D,Savannah Sparrow,0,0,0,0,0,0,0,
Chestnut Hill Farm,Charlie Crosby,2025,5,12,NA,Main Field,No,E,Savannah Sparrow,0,0,0,0,0,0,0,
Chestnut Hill Farm,Charlie Crosby,2025,5,12,NA,Main Field,No,F,Savannah Sparrow,0,0,1,0,0,0,1,Bird heard not seen
Chestnut Hill Farm,Charlie Crosby,2025,5,12,NA,Main Field,No,A,Grasshopper Sparrow,0,0,0,0,0,0,0,
Chestnut Hill Farm,Charlie Crosby,2025,5,12,NA,Main Field,No,B,Grasshopper Sparrow,0,0,0,0,0,0,0,
Chestnut Hill Farm,Charlie Crosby,2025,5,12,NA,Main Field,No,C,Grasshopper Sparrow,0,0,0,0,0,0,0,
Chestnut Hill Farm,Charlie Crosby,2025,5,12,NA,Main Field,No,D,Grasshopper Sparrow,0,0,0,0,0,0,0,
Chestnut Hill Farm,Charlie Crosby,2025,5,12,NA,Main Field,No,E,Grasshopper Sparrow,0,0,0,0,0,0,0,
Chestnut Hill Farm,Charlie Crosby,2025,5,12,NA,Main Field,No,F,Grasshopper Sparrow,0,0,0,0,0,0,0,
Chestnut Hill Farm,Charlie Crosby,2025,5,12,NA,Main Field,No,A,Eastern Meadowlark,0,0,0,0,0,0,0,
Chestnut Hill Farm,Charlie Crosby,2025,5,12,NA,Main Field,No,B,Eastern Meadowlark,0,0,0,0,0,0,0,
Chestnut Hill Farm,Charlie Crosby,2025,5,12,NA,Main Field,No,C,Eastern Meadowlark,0,0,0,0,0,0,0,
Chestnut Hill Farm,Charlie Crosby,2025,5,12,NA,Main Field,No,D,Eastern Meadowlark,0,0,0,0,0,0,0,
Chestnut Hill Farm,Charlie Crosby,2025,5,12,NA,Main Field,No,E,Eastern Meadowlark,0,0,0,0,0,0,0,
Chestnut Hill Farm,Charlie Crosby,2025,5,12,NA,Main Field,No,F,Eastern Meadowlark,0,0,0,0,0,0,0,
Chestnut Hill Farm,Ed Bogle,2025,5,28,5:44,Main Field,No,A,Bobolink,1,0,1,0,0,0,1,
Chestnut Hill Farm,Ed Bogle,2025,5,28,5:52,Main Field,No,B,Bobolink,2,0,2,1,0,1,3,
Chestnut Hill Farm,Ed Bogle,2025,5,28,6:03,Main Field,No,C,Bobolink,0,0,0,1,0,1,1,
Chestnut Hill Farm,Ed Bogle,2025,5,28,6:10,Main Field,No,D,Bobolink,0,0,0,2,0,2,2,
Chestnut Hill Farm,Ed Bogle,2025,5,28,6:21,Main Field,No,E,Bobolink,2,0,2,0,0,0,2,
Chestnut Hill Farm,Ed Bogle,2025,5,28,6:38,Main Field,No,F,Bobolink,1,0,1,0,0,0,1,
Chestnut Hill Farm,Ed Bogle,2025,5,28,5:44,Main Field,No,A,Savannah Sparrow,0,0,0,0,0,0,0,
Chestnut Hill Farm,Ed Bogle,2025,5,28,5:52,Main Field,No,B,Savannah Sparrow,0,0,0,0,0,0,0,
Chestnut Hill Farm,Ed Bogle,2025,5,28,6:03,Main Field,No,C,Savannah Sparrow,0,0,0,0,0,0,0,
Chestnut Hill Farm,Ed Bogle,2025,5,28,6:10,Main Field,No,D,Savannah Sparrow,0,0,0,0,0,0,0,
Chestnut Hill Farm,Ed Bogle,2025,5,28,6:21,Main Field,No,E,Savannah Sparrow,0,0,0,0,0,0,0,
Chestnut Hill Farm,Ed Bogle,2025,5,28,6:38,Main Field,No,F,Savannah Sparrow,0,0,0,0,0,0,0,
Chestnut Hill Farm,Ed Bogle,2025,5,28,5:44,Main Field,No,A,Grasshopper Sparrow,0,0,0,0,0,0,0,
Chestnut Hill Farm,Ed Bogle,2025,5,28,5:52,Main Field,No,B,Grasshopper Sparrow,0,0,0,0,0,0,0,
Chestnut Hill Farm,Ed Bogle,2025,5,28,6:03,Main Field,No,C,Grasshopper Sparrow,0,0,0,0,0,0,0,
Chestnut Hill Farm,Ed Bogle,2025,5,28,6:10,Main Field,No,D,Grasshopper Sparrow,0,0,0,0,0,0,0,
Chestnut Hill Farm,Ed Bogle,2025,5,28,6:21,Main Field,No,E,Grasshopper Sparrow,0,0,0,0,0,0,0,
Chestnut Hill Farm,Ed Bogle,2025,5,28,6:38,Main Field,No,F,Grasshopper Sparrow,0,0,0,0,0,0,0,
Chestnut Hill Farm,Ed Bogle,2025,5,28,5:44,Main Field,No,A,Eastern Meadowlark,0,0,0,0,0,0,0,
Chestnut Hill Farm,Ed Bogle,2025,5,28,5:52,Main Field,No,B,Eastern Meadowlark,0,0,0,0,0,0,0,
Chestnut Hill Farm,Ed Bogle,2025,5,28,6:03,Main Field,No,C,Eastern Meadowlark,0,0,0,0,0,0,0,
Chestnut Hill Farm,Ed Bogle,2025,5,28,6:10,Main Field,No,D,Eastern Meadowlark,0,0,0,0,0,0,0,
Chestnut Hill Farm,Ed Bogle,2025,5,28,6:21,Main Field,No,E,Eastern Meadowlark,0,0,0,0,0,0,0,
Chestnut Hill Farm,Ed Bogle,2025,5,28,6:38,Main Field,No,F,Eastern Meadowlark,0,0,0,0,0,0,0,
Chestnut Hill Farm,Ed Bogle,2025,6,8,6:40,Main Field,No,A,Bobolink,0,0,0,2,0,2,2,
Chestnut Hill Farm,Ed Bogle,2025,6,8,6:48,Main Field,No,B,Bobolink,0,0,0,2,0,2,2,
Chestnut Hill Farm,Ed Bogle,2025,6,8,6:59,Main Field,No,C,Bobolink,6,0,6,1,0,1,7,
Chestnut Hill Farm,Ed Bogle,2025,6,8,7:12,Main Field,No,D,Bobolink,0,0,0,3,0,3,3,
Chestnut Hill Farm,Ed Bogle,2025,6,8,7:23,Main Field,No,E,Bobolink,0,0,0,0,0,0,0,
Chestnut Hill Farm,Ed Bogle,2025,6,8,7:45,Main Field,No,F,Bobolink,0,0,0,0,0,0,0,
Chestnut Hill Farm,Ed Bogle,2025,6,8,6:40,Main Field,No,A,Savannah Sparrow,0,0,0,0,0,0,0,
Chestnut Hill Farm,Ed Bogle,2025,6,8,6:48,Main Field,No,B,Savannah Sparrow,0,0,0,0,0,0,0,
Chestnut Hill Farm,Ed Bogle,2025,6,8,6:59,Main Field,No,C,Savannah Sparrow,0,0,0,0,0,0,0,
Chestnut Hill Farm,Ed Bogle,2025,6,8,7:12,Main Field,No,D,Savannah Sparrow,0,0,0,0,0,0,0,
Chestnut Hill Farm,Ed Bogle,2025,6,8,7:23,Main Field,No,E,Savannah Sparrow,0,0,0,0,0,0,0,
Chestnut Hill Farm,Ed Bogle,2025,6,8,7:45,Main Field,No,F,Savannah Sparrow,0,0,0,0,0,0,0,
Chestnut Hill Farm,Ed Bogle,2025,6,8,6:40,Main Field,No,A,Grasshopper Sparrow,0,0,0,0,0,0,0,
Chestnut Hill Farm,Ed Bogle,2025,6,8,6:48,Main Field,No,B,Grasshopper Sparrow,0,0,0,0,0,0,0,
Chestnut Hill Farm,Ed Bogle,2025,6,8,6:59,Main Field,No,C,Grasshopper Sparrow,0,0,0,0,0,0,0,
Chestnut Hill Farm,Ed Bogle,2025,6,8,7:12,Main Field,No,D,Grasshopper Sparrow,0,0,0,0,0,0,0,
Chestnut Hill Farm,Ed Bogle,2025,6,8,7:23,Main Field,No,E,Grasshopper Sparrow,0,0,0,0,0,0,0,
Chestnut Hill Farm,Ed Bogle,2025,6,8,7:45,Main Field,No,F,Grasshopper Sparrow,0,0,0,0,0,0,0,
Chestnut Hill Farm,Ed Bogle,2025,6,8,6:40,Main Field,No,A,Eastern Meadowlark,0,0,0,0,0,0,0,
Chestnut Hill Farm,Ed Bogle,2025,6,8,6:48,Main Field,No,B,Eastern Meadowlark,0,0,0,0,0,0,0,
Chestnut Hill Farm,Ed Bogle,2025,6,8,6:59,Main Field,No,C,Eastern Meadowlark,0,0,0,0,0,0,0,
Chestnut Hill Farm,Ed Bogle,2025,6,8,7:12,Main Field,No,D,Eastern Meadowlark,0,0,0,0,0,0,0,
Chestnut Hill Farm,Ed Bogle,2025,6,8,7:23,Main Field,No,E,Eastern Meadowlark,0,0,0,0,0,0,0,
Chestnut Hill Farm,Ed Bogle,2025,6,8,7:45,Main Field,No,F,Eastern Meadowlark,0,0,0,0,0,0,0,
Chestnut Hill Farm,Charlie Crosby,2025,6,2,8:22,Main Field,No,A,Bobolink,0,0,0,0,0,0,0,
Chestnut Hill Farm,Charlie Crosby,2025,6,2,8:32,Main Field,No,B,Bobolink,0,0,1,0,0,0,1,Bird heard not seen
Chestnut Hill Farm,Charlie Crosby,2025,6,2,8:47,Main Field,No,C,Bobolink,1,1,2,0,0,1,3,Bird heard not seen
Chestnut Hill Farm,Charlie Crosby,2025,6,2,9:07,Main Field,No,D,Bobolink,0,0,0,0,0,0,0,
Chestnut Hill Farm,Charlie Crosby,2025,6,2,9:16,Main Field,No,E,Bobolink,0,0,0,0,0,1,1,Bird heard not seen
Chestnut Hill Farm,Charlie Crosby,2025,6,2,9:27,Main Field,No,F,Bobolink,0,0,0,0,0,2,2,Bird heard not seen
Chestnut Hill Farm,Charlie Crosby,2025,6,2,8:22,Main Field,No,A,Savannah Sparrow,0,0,0,0,0,0,0,
Chestnut Hill Farm,Charlie Crosby,2025,6,2,8:32,Main Field,No,B,Savannah Sparrow,0,0,0,0,0,0,0,
Chestnut Hill Farm,Charlie Crosby,2025,6,2,8:47,Main Field,No,C,Savannah Sparrow,0,0,0,0,0,0,0,
Chestnut Hill Farm,Charlie Crosby,2025,6,2,9:07,Main Field,No,D,Savannah Sparrow,0,0,0,0,0,0,0,
Chestnut Hill Farm,Charlie Crosby,2025,6,2,9:16,Main Field,No,E,Savannah Sparrow,0,0,0,0,0,0,0,
Chestnut Hill Farm,Charlie Crosby,2025,6,2,9:27,Main Field,No,F,Savannah Sparrow,0,0,0,0,0,0,0,
Chestnut Hill Farm,Charlie Crosby,2025,6,2,8:22,Main Field,No,A,Grasshopper Sparrow,0,0,0,0,0,0,0,
Chestnut Hill Farm,Charlie Crosby,2025,6,2,8:32,Main Field,No,B,Grasshopper Sparrow,0,0,0,0,0,0,0,
Chestnut Hill Farm,Charlie Crosby,2025,6,2,8:47,Main Field,No,C,Grasshopper Sparrow,0,0,0,0,0,0,0,
Chestnut Hill Farm,Charlie Crosby,2025,6,2,9:07,Main Field,No,D,Grasshopper Sparrow,0,0,0,0,0,0,0,
Chestnut Hill Farm,Charlie Crosby,2025,6,2,9:16,Main Field,No,E,Grasshopper Sparrow,0,0,0,0,0,0,0,
Chestnut Hill Farm,Charlie Crosby,2025,6,2,9:27,Main Field,No,F,Grasshopper Sparrow,0,0,0,0,0,0,0,
Chestnut Hill Farm,Charlie Crosby,2025,6,2,8:22,Main Field,No,A,Eastern Meadowlark,0,0,0,0,0,0,0,
Chestnut Hill Farm,Charlie Crosby,2025,6,2,8:32,Main Field,No,B,Eastern Meadowlark,0,0,0,0,0,0,0,
Chestnut Hill Farm,Charlie Crosby,2025,6,2,8:47,Main Field,No,C,Eastern Meadowlark,0,0,0,0,0,0,0,
Chestnut Hill Farm,Charlie Crosby,2025,6,2,9:07,Main Field,No,D,Eastern Meadowlark,0,0,0,0,0,0,0,
Chestnut Hill Farm,Charlie Crosby,2025,6,2,9:16,Main Field,No,E,Eastern Meadowlark,0,0,0,0,0,0,0,
Chestnut Hill Farm,Charlie Crosby,2025,6,2,9:27,Main Field,No,F,Eastern Meadowlark,0,0,0,0,0,0,0,
Chestnut Hill Farm,Charlie Crosby,2025,6,9,8:28,Main Field,No,A,Bobolink,0,0,0,0,0,1,1,Bird heard not seen
Chestnut Hill Farm,Charlie Crosby,2025,6,9,8:36,Main Field,No,B,Bobolink,1,0,1,0,0,0,1,
Chestnut Hill Farm,Charlie Crosby,2025,6,9,8:48,Main Field,No,C,Bobolink,0,0,0,0,0,1,1,Bird heard not seen
Chestnut Hill Farm,Charlie Crosby,2025,6,9,8:56,Main Field,No,D,Bobolink,0,0,0,0,0,0,0,
Chestnut Hill Farm,Charlie Crosby,2025,6,9,9:14,Main Field,No,E,Bobolink,0,0,0,0,0,1,1,Bird heard not seen
Chestnut Hill Farm,Charlie Crosby,2025,6,9,9:29,Main Field,No,F,Bobolink,0,0,0,0,0,1,1,Bird heard not seen
Chestnut Hill Farm,Charlie Crosby,2025,6,9,8:28,Main Field,No,A,Savannah Sparrow,0,0,0,0,0,0,0,
Chestnut Hill Farm,Charlie Crosby,2025,6,9,8:36,Main Field,No,B,Savannah Sparrow,0,0,0,0,0,0,0,
Chestnut Hill Farm,Charlie Crosby,2025,6,9,8:48,Main Field,No,C,Savannah Sparrow,0,0,0,0,0,0,0,
Chestnut Hill Farm,Charlie Crosby,2025,6,9,8:56,Main Field,No,D,Savannah Sparrow,0,0,0,0,0,0,0,
Chestnut Hill Farm,Charlie Crosby,2025,6,9,9:14,Main Field,No,E,Savannah Sparrow,0,0,0,0,0,0,0,
Chestnut Hill Farm,Charlie Crosby,2025,6,9,9:29,Main Field,No,F,Savannah Sparrow,0,0,0,0,0,0,0,
Chestnut Hill Farm,Charlie Crosby,2025,6,9,8:28,Main Field,No,A,Grasshopper Sparrow,0,0,0,0,0,0,0,
Chestnut Hill Farm,Charlie Crosby,2025,6,9,8:36,Main Field,No,B,Grasshopper Sparrow,0,0,0,0,0,0,0,
Chestnut Hill Farm,Charlie Crosby,2025,6,9,8:48,Main Field,No,C,Grasshopper Sparrow,0,0,0,0,0,0,0,
Chestnut Hill Farm,Charlie Crosby,2025,6,9,8:56,Main Field,No,D,Grasshopper Sparrow,0,0,0,0,0,0,0,
Chestnut Hill Farm,Charlie Crosby,2025,6,9,9:14,Main Field,No,E,Grasshopper Sparrow,0,0,0,0,0,0,0,
Chestnut Hill Farm,Charlie Crosby,2025,6,9,9:29,Main Field,No,F,Grasshopper Sparrow,0,0,0,0,0,0,0,
Chestnut Hill Farm,Charlie Crosby,2025,6,9,8:28,Main Field,No,A,Eastern Meadowlark,0,0,0,0,0,0,0,
Chestnut Hill Farm,Charlie Crosby,2025,6,9,8:36,Main Field,No,B,Eastern Meadowlark,0,0,0,0,0,0,0,
Chestnut Hill Farm,Charlie Crosby,2025,6,9,8:48,Main Field,No,C,Eastern Meadowlark,0,0,0,0,0,0,0,
Chestnut Hill Farm,Charlie Crosby,2025,6,9,8:56,Main Field,No,D,Eastern Meadowlark,0,0,0,0,0,0,0,
Chestnut Hill Farm,Charlie Crosby,2025,6,9,9:14,Main Field,No,E,Eastern Meadowlark,0,0,0,0,0,0,0,
Chestnut Hill Farm,Charlie Crosby,2025,6,9,9:29,Main Field,No,F,Eastern Meadowlark,0,0,0,0,0,0,0,
Chestnut Hill Farm,Ed Bogle,2025,7,11,6:04,Main Field,No,A,Bobolink,3,0,3,0,0,0,3,
Chestnut Hill Farm,Ed Bogle,2025,7,11,6:11,Main Field,No,B,Bobolink,0,0,0,0,0,0,0,
Chestnut Hill Farm,Ed Bogle,2025,7,11,6:17,Main Field,No,C,Bobolink,0,0,0,0,0,0,0,
Chestnut Hill Farm,Ed Bogle,2025,7,11,6:24,Main Field,No,D,Bobolink,0,0,0,0,0,0,0,
Chestnut Hill Farm,Ed Bogle,2025,7,11,6:48,Main Field,No,E,Bobolink,0,0,0,0,0,0,0,
Chestnut Hill Farm,Ed Bogle,2025,7,11,7:00,Main Field,No,F,Bobolink,0,0,0,0,0,0,0,
Chestnut Hill Farm,Ed Bogle,2025,7,11,6:04,Main Field,No,A,Savannah Sparrow,0,0,0,0,0,0,0,
Chestnut Hill Farm,Ed Bogle,2025,7,11,6:11,Main Field,No,B,Savannah Sparrow,0,0,0,0,0,0,0,
Chestnut Hill Farm,Ed Bogle,2025,7,11,6:17,Main Field,No,C,Savannah Sparrow,0,0,0,0,0,0,0,
Chestnut Hill Farm,Ed Bogle,2025,7,11,6:24,Main Field,No,D,Savannah Sparrow,0,0,0,0,0,0,0,
Chestnut Hill Farm,Ed Bogle,2025,7,11,6:48,Main Field,No,E,Savannah Sparrow,0,0,0,0,0,0,0,
Chestnut Hill Farm,Ed Bogle,2025,7,11,7:00,Main Field,No,F,Savannah Sparrow,0,0,0,0,0,0,0,
Chestnut Hill Farm,Ed Bogle,2025,7,11,6:04,Main Field,No,A,Grasshopper Sparrow,0,0,0,0,0,0,0,
Chestnut Hill Farm,Ed Bogle,2025,7,11,6:11,Main Field,No,B,Grasshopper Sparrow,0,0,0,0,0,0,0,
Chestnut Hill Farm,Ed Bogle,2025,7,11,6:17,Main Field,No,C,Grasshopper Sparrow,0,0,0,0,0,0,0,
Chestnut Hill Farm,Ed Bogle,2025,7,11,6:24,Main Field,No,D,Grasshopper Sparrow,0,0,0,0,0,0,0,
Chestnut Hill Farm,Ed Bogle,2025,7,11,6:48,Main Field,No,E,Grasshopper Sparrow,0,0,0,0,0,0,0,
Chestnut Hill Farm,Ed Bogle,2025,7,11,7:00,Main Field,No,F,Grasshopper Sparrow,0,0,0,0,0,0,0,
Chestnut Hill Farm,Ed Bogle,2025,7,11,6:04,Main Field,No,A,Eastern Meadowlark,0,0,0,0,0,0,0,
Chestnut Hill Farm,Ed Bogle,2025,7,11,6:11,Main Field,No,B,Eastern Meadowlark,0,0,0,0,0,0,0,
Chestnut Hill Farm,Ed Bogle,2025,7,11,6:17,Main Field,No,C,Eastern Meadowlark,0,0,0,0,0,0,0,
Chestnut Hill Farm,Ed Bogle,2025,7,11,6:24,Main Field,No,D,Eastern Meadowlark,0,0,0,0,0,0,0,
Chestnut Hill Farm,Ed Bogle,2025,7,11,6:48,Main Field,No,E,Eastern Meadowlark,0,0,0,0,0,0,0,
Chestnut Hill Farm,Ed Bogle,2025,7,11,7:00,Main Field,No,F,Eastern Meadowlark,0,0,0,0,0,0,0,
Crane Wildlife Refuge,Zac Peterson,2025,6,21,NA,Long Island,NA,NA,Bobolink,7,4,11,0,0,0,11,
Crane Wildlife Refuge,Zac Peterson,2025,6,21,NA,Long Island,NA,NA,Savannah Sparrow,0,0,0,0,0,0,0,
Crane Wildlife Refuge,Zac Peterson,2025,6,21,NA,Long Island,NA,NA,Grasshopper Sparrow,0,0,0,0,0,0,0,
Crane Wildlife Refuge,Zac Peterson,2025,6,21,NA,Long Island,NA,NA,Eastern Meadowlark,0,0,0,0,0,0,0,
Dexter Drumlin,Heidi Horton,2025,5,2,9:42,Main Field,No,A,Bobolink,0,0,0,0,0,0,0,
Dexter Drumlin,Heidi Horton,2025,5,2,9:50,Main Field,No,B,Bobolink,0,0,0,0,0,0,0,
Dexter Drumlin,Heidi Horton,2025,5,2,9:59,Main Field,No,C,Bobolink,0,0,0,0,0,0,0,
Dexter Drumlin,Heidi Horton,2025,5,2,10:10,Main Field,No,D,Bobolink,0,0,0,0,0,0,0,
Dexter Drumlin,Heidi Horton,2025,5,2,10:27,Main Field,No,E,Bobolink,0,0,0,0,0,0,0,
Dexter Drumlin,Heidi Horton,2025,5,2,9:42,Main Field,No,A,Savannah Sparrow,0,0,0,0,0,0,0,
Dexter Drumlin,Heidi Horton,2025,5,2,9:50,Main Field,No,B,Savannah Sparrow,0,0,0,0,0,0,0,
Dexter Drumlin,Heidi Horton,2025,5,2,9:59,Main Field,No,C,Savannah Sparrow,0,0,0,0,0,0,0,
Dexter Drumlin,Heidi Horton,2025,5,2,10:10,Main Field,No,D,Savannah Sparrow,0,0,0,0,0,0,0,
Dexter Drumlin,Heidi Horton,2025,5,2,10:27,Main Field,No,E,Savannah Sparrow,0,0,0,0,0,0,0,
Dexter Drumlin,Heidi Horton,2025,5,2,9:42,Main Field,No,A,Grasshopper Sparrow,0,0,0,0,0,0,0,
Dexter Drumlin,Heidi Horton,2025,5,2,9:50,Main Field,No,B,Grasshopper Sparrow,0,0,0,0,0,0,0,
Dexter Drumlin,Heidi Horton,2025,5,2,9:59,Main Field,No,C,Grasshopper Sparrow,0,0,0,0,0,0,0,
Dexter Drumlin,Heidi Horton,2025,5,2,10:10,Main Field,No,D,Grasshopper Sparrow,0,0,0,0,0,0,0,
Dexter Drumlin,Heidi Horton,2025,5,2,10:27,Main Field,No,E,Grasshopper Sparrow,0,0,0,0,0,0,0,
Dexter Drumlin,Heidi Horton,2025,5,2,9:42,Main Field,No,A,Eastern Meadowlark,0,0,0,0,0,0,0,
Dexter Drumlin,Heidi Horton,2025,5,2,9:50,Main Field,No,B,Eastern Meadowlark,0,0,0,0,0,0,0,
Dexter Drumlin,Heidi Horton,2025,5,2,9:59,Main Field,No,C,Eastern Meadowlark,0,0,0,0,0,0,0,
Dexter Drumlin,Heidi Horton,2025,5,2,10:10,Main Field,No,D,Eastern Meadowlark,0,0,0,0,0,0,0,
Dexter Drumlin,Heidi Horton,2025,5,2,10:27,Main Field,No,E,Eastern Meadowlark,0,0,0,0,0,0,0,
Dexter Drumlin,Eric Mueller,2025,5,7,8:15,Main Field,No,A,Bobolink,0,0,0,0,0,0,0,
Dexter Drumlin,Eric Mueller,2025,5,7,8:26,Main Field,No,B,Bobolink,0,0,0,0,0,0,0,
Dexter Drumlin,Eric Mueller,2025,5,7,8:38,Main Field,No,C,Bobolink,0,0,0,0,0,2,2,2 Birds heard but not seen
Dexter Drumlin,Eric Mueller,2025,5,7,8:50,Main Field,No,D,Bobolink,0,0,0,0,0,0,0,
Dexter Drumlin,Eric Mueller,2025,5,7,9:12,Main Field,No,E,Bobolink,0,0,0,1,0,1,1,
Dexter Drumlin,Eric Mueller,2025,5,7,8:15,Main Field,No,A,Savannah Sparrow,0,0,0,0,0,0,0,
Dexter Drumlin,Eric Mueller,2025,5,7,8:26,Main Field,No,B,Savannah Sparrow,0,0,2,0,0,0,2,
Dexter Drumlin,Eric Mueller,2025,5,7,8:38,Main Field,No,C,Savannah Sparrow,0,0,1,0,0,1,2,
Dexter Drumlin,Eric Mueller,2025,5,7,8:50,Main Field,No,D,Savannah Sparrow,0,0,0,0,0,0,0,
Dexter Drumlin,Eric Mueller,2025,5,7,9:12,Main Field,No,E,Savannah Sparrow,0,0,0,0,0,0,0,
Dexter Drumlin,Eric Mueller,2025,5,7,8:15,Main Field,No,A,Grasshopper Sparrow,0,0,0,0,0,0,0,
Dexter Drumlin,Eric Mueller,2025,5,7,8:26,Main Field,No,B,Grasshopper Sparrow,0,0,0,0,0,0,0,
Dexter Drumlin,Eric Mueller,2025,5,7,8:38,Main Field,No,C,Grasshopper Sparrow,0,0,0,0,0,0,0,
Dexter Drumlin,Eric Mueller,2025,5,7,8:50,Main Field,No,D,Grasshopper Sparrow,0,0,0,0,0,0,0,
Dexter Drumlin,Eric Mueller,2025,5,7,9:12,Main Field,No,E,Grasshopper Sparrow,0,0,0,0,0,0,0,
Dexter Drumlin,Eric Mueller,2025,5,7,8:15,Main Field,No,A,Eastern Meadowlark,0,0,0,0,0,0,0,
Dexter Drumlin,Eric Mueller,2025,5,7,8:26,Main Field,No,B,Eastern Meadowlark,0,0,0,0,0,0,0,
Dexter Drumlin,Eric Mueller,2025,5,7,8:38,Main Field,No,C,Eastern Meadowlark,0,0,0,0,0,0,0,
Dexter Drumlin,Eric Mueller,2025,5,7,8:50,Main Field,No,D,Eastern Meadowlark,0,0,0,0,0,0,0,
Dexter Drumlin,Eric Mueller,2025,5,7,9:12,Main Field,No,E,Eastern Meadowlark,0,0,0,0,0,0,0,
Dexter Drumlin,Heidi Horton,2025,5,8,8:46,Main Field,No,A,Bobolink,0,0,0,0,0,0,0,
Dexter Drumlin,Heidi Horton,2025,5,8,8:54,Main Field,No,B,Bobolink,0,0,0,0,0,0,0,
Dexter Drumlin,Heidi Horton,2025,5,8,9:04,Main Field,No,C,Bobolink,0,0,0,0,0,0,0,
Dexter Drumlin,Heidi Horton,2025,5,8,9:15,Main Field,No,D,Bobolink,0,0,0,0,0,0,0,
Dexter Drumlin,Heidi Horton,2025,5,8,9:31,Main Field,No,E,Bobolink,0,0,0,1,0,1,1,
Dexter Drumlin,Heidi Horton,2025,5,8,8:46,Main Field,No,A,Savannah Sparrow,0,0,0,0,0,1,1,Bird heard not seen
Dexter Drumlin,Heidi Horton,2025,5,8,8:54,Main Field,No,B,Savannah Sparrow,0,0,1,0,0,0,1,
Dexter Drumlin,Heidi Horton,2025,5,8,9:04,Main Field,No,C,Savannah Sparrow,0,0,0,0,0,0,0,
Dexter Drumlin,Heidi Horton,2025,5,8,9:15,Main Field,No,D,Savannah Sparrow,0,0,0,0,0,0,0,
Dexter Drumlin,Heidi Horton,2025,5,8,9:31,Main Field,No,E,Savannah Sparrow,0,0,0,0,0,0,0,
Dexter Drumlin,Heidi Horton,2025,5,8,8:46,Main Field,No,A,Grasshopper Sparrow,0,0,0,0,0,0,0,
Dexter Drumlin,Heidi Horton,2025,5,8,8:54,Main Field,No,B,Grasshopper Sparrow,0,0,0,0,0,0,0,
Dexter Drumlin,Heidi Horton,2025,5,8,9:04,Main Field,No,C,Grasshopper Sparrow,0,0,0,0,0,0,0,
Dexter Drumlin,Heidi Horton,2025,5,8,9:15,Main Field,No,D,Grasshopper Sparrow,0,0,0,0,0,0,0,
Dexter Drumlin,Heidi Horton,2025,5,8,9:31,Main Field,No,E,Grasshopper Sparrow,0,0,0,0,0,0,0,
Dexter Drumlin,Heidi Horton,2025,5,8,8:46,Main Field,No,A,Eastern Meadowlark,0,0,0,0,0,0,0,
Dexter Drumlin,Heidi Horton,2025,5,8,8:54,Main Field,No,B,Eastern Meadowlark,0,0,0,0,0,0,0,
Dexter Drumlin,Heidi Horton,2025,5,8,9:04,Main Field,No,C,Eastern Meadowlark,0,0,0,0,0,0,0,
Dexter Drumlin,Heidi Horton,2025,5,8,9:15,Main Field,No,D,Eastern Meadowlark,0,0,0,0,0,0,0,
Dexter Drumlin,Heidi Horton,2025,5,8,9:31,Main Field,No,E,Eastern Meadowlark,0,0,0,0,0,0,0,
Dexter Drumlin,Scott Handler and Marion Larson,2025,5,12,6:27,Main Field,No,A,Bobolink,1,0,1,1,0,1,2,
Dexter Drumlin,Scott Handler and Marion Larson,2025,5,12,6:59,Main Field,No,B,Bobolink,0,0,0,2,0,2,2,Bird heard not seen
Dexter Drumlin,Scott Handler and Marion Larson,2025,5,12,6:49,Main Field,No,C,Bobolink,1,0,1,0,0,0,1,
Dexter Drumlin,Scott Handler and Marion Larson,2025,5,12,6:38,Main Field,No,D,Bobolink,1,0,1,0,0,0,1,
Dexter Drumlin,Scott Handler and Marion Larson,2025,5,12,7:22,Main Field,No,E,Bobolink,4,0,4,2,1,3,7,
Dexter Drumlin,Scott Handler and Marion Larson,2025,5,12,6:27,Main Field,No,A,Savannah Sparrow,0,0,0,0,0,0,2,Bird heard not seen
Dexter Drumlin,Scott Handler and Marion Larson,2025,5,12,6:59,Main Field,No,B,Savannah Sparrow,1,0,3,0,0,0,3,Bird heard not seen
Dexter Drumlin,Scott Handler and Marion Larson,2025,5,12,6:49,Main Field,No,C,Savannah Sparrow,0,0,0,0,0,0,0,
Dexter Drumlin,Scott Handler and Marion Larson,2025,5,12,6:38,Main Field,No,D,Savannah Sparrow,0,0,0,0,0,0,0,
Dexter Drumlin,Scott Handler and Marion Larson,2025,5,12,7:22,Main Field,No,E,Savannah Sparrow,0,0,2,0,0,0,2,Bird heard not seen
Dexter Drumlin,Scott Handler and Marion Larson,2025,5,12,6:27,Main Field,No,A,Grasshopper Sparrow,0,0,0,0,0,0,0,
Dexter Drumlin,Scott Handler and Marion Larson,2025,5,12,6:59,Main Field,No,B,Grasshopper Sparrow,0,0,0,0,0,0,0,
Dexter Drumlin,Scott Handler and Marion Larson,2025,5,12,6:49,Main Field,No,C,Grasshopper Sparrow,0,0,0,0,0,0,0,
Dexter Drumlin,Scott Handler and Marion Larson,2025,5,12,6:38,Main Field,No,D,Grasshopper Sparrow,0,0,0,0,0,0,0,
Dexter Drumlin,Scott Handler and Marion Larson,2025,5,12,7:22,Main Field,No,E,Grasshopper Sparrow,0,0,0,0,0,0,0,
Dexter Drumlin,Scott Handler and Marion Larson,2025,5,12,6:27,Main Field,No,A,Eastern Meadowlark,0,0,0,0,0,0,0,
Dexter Drumlin,Scott Handler and Marion Larson,2025,5,12,6:59,Main Field,No,B,Eastern Meadowlark,0,0,0,0,0,0,0,
Dexter Drumlin,Scott Handler and Marion Larson,2025,5,12,6:49,Main Field,No,C,Eastern Meadowlark,0,0,0,0,0,0,0,
Dexter Drumlin,Scott Handler and Marion Larson,2025,5,12,6:38,Main Field,No,D,Eastern Meadowlark,0,0,0,0,0,0,0,
Dexter Drumlin,Scott Handler and Marion Larson,2025,5,12,7:22,Main Field,No,E,Eastern Meadowlark,0,0,0,0,0,0,0,
Dexter Drumlin,Heidi Horton,2025,5,16,8:41,Main Field,No,A,Bobolink,1,0,1,1,0,1,2,
Dexter Drumlin,Heidi Horton,2025,5,16,8:55,Main Field,No,B,Bobolink,0,0,0,2,0,2,2,
Dexter Drumlin,Heidi Horton,2025,5,16,9:08,Main Field,No,C,Bobolink,0,0,0,0,0,0,0,
Dexter Drumlin,Heidi Horton,2025,5,16,9:19,Main Field,No,D,Bobolink,0,0,0,0,0,0,0,
Dexter Drumlin,Heidi Horton,2025,5,16,9:42,Main Field,No,E,Bobolink,0,0,0,2,1,3,3,
Dexter Drumlin,Heidi Horton,2025,5,16,8:41,Main Field,No,A,Savannah Sparrow,0,0,0,0,0,2,2,
Dexter Drumlin,Heidi Horton,2025,5,16,8:55,Main Field,No,B,Savannah Sparrow,0,0,0,0,0,1,1,
Dexter Drumlin,Heidi Horton,2025,5,16,9:08,Main Field,No,C,Savannah Sparrow,0,0,0,0,0,0,0,
Dexter Drumlin,Heidi Horton,2025,5,16,9:19,Main Field,No,D,Savannah Sparrow,0,0,0,0,0,0,0,
Dexter Drumlin,Heidi Horton,2025,5,16,9:42,Main Field,No,E,Savannah Sparrow,0,0,0,0,0,0,0,
Dexter Drumlin,Heidi Horton,2025,5,16,8:41,Main Field,No,A,Grasshopper Sparrow,0,0,0,0,0,0,0,
Dexter Drumlin,Heidi Horton,2025,5,16,8:55,Main Field,No,B,Grasshopper Sparrow,0,0,0,0,0,0,0,
Dexter Drumlin,Heidi Horton,2025,5,16,9:08,Main Field,No,C,Grasshopper Sparrow,0,0,0,0,0,0,0,
Dexter Drumlin,Heidi Horton,2025,5,16,9:19,Main Field,No,D,Grasshopper Sparrow,0,0,0,0,0,0,0,
Dexter Drumlin,Heidi Horton,2025,5,16,9:42,Main Field,No,E,Grasshopper Sparrow,0,0,0,0,0,0,0,
Dexter Drumlin,Heidi Horton,2025,5,16,8:41,Main Field,No,A,Eastern Meadowlark,0,0,0,0,0,0,0,
Dexter Drumlin,Heidi Horton,2025,5,16,8:55,Main Field,No,B,Eastern Meadowlark,0,0,0,0,0,0,0,
Dexter Drumlin,Heidi Horton,2025,5,16,9:08,Main Field,No,C,Eastern Meadowlark,0,0,0,0,0,0,0,
Dexter Drumlin,Heidi Horton,2025,5,16,9:19,Main Field,No,D,Eastern Meadowlark,0,0,0,0,0,0,0,
Dexter Drumlin,Heidi Horton,2025,5,16,9:42,Main Field,No,E,Eastern Meadowlark,0,0,0,0,0,0,0,
Dexter Drumlin,Scott Handler and Marion Larson,2025,5,19,6:18,Main Field,No,A,Bobolink,0,0,0,0,0,0,0,
Dexter Drumlin,Scott Handler and Marion Larson,2025,5,19,6:46,Main Field,No,B,Bobolink,5,0,5,0,0,0,5,
Dexter Drumlin,Scott Handler and Marion Larson,2025,5,19,6:37,Main Field,No,C,Bobolink,1,1,2,0,0,0,2,
Dexter Drumlin,Scott Handler and Marion Larson,2025,5,19,6:28,Main Field,No,D,Bobolink,0,0,0,0,0,0,0,
Dexter Drumlin,Scott Handler and Marion Larson,2025,5,19,7:00,Main Field,No,E,Bobolink,0,0,0,2,0,2,0,
Dexter Drumlin,Scott Handler and Marion Larson,2025,5,19,6:18,Main Field,No,A,Savannah Sparrow,0,0,0,0,0,1,1,Bird heard not seen
Dexter Drumlin,Scott Handler and Marion Larson,2025,5,19,6:46,Main Field,No,B,Savannah Sparrow,0,0,0,0,0,0,0,
Dexter Drumlin,Scott Handler and Marion Larson,2025,5,19,6:37,Main Field,No,C,Savannah Sparrow,0,0,0,0,0,0,0,
Dexter Drumlin,Scott Handler and Marion Larson,2025,5,19,6:28,Main Field,No,D,Savannah Sparrow,0,0,0,0,0,1,1,Bird heard not seen
Dexter Drumlin,Scott Handler and Marion Larson,2025,5,19,7:00,Main Field,No,E,Savannah Sparrow,0,0,1,0,0,0,1,Bird heard not seen
Dexter Drumlin,Scott Handler and Marion Larson,2025,5,19,6:18,Main Field,No,A,Grasshopper Sparrow,0,0,0,0,0,0,0,
Dexter Drumlin,Scott Handler and Marion Larson,2025,5,19,6:46,Main Field,No,B,Grasshopper Sparrow,0,0,0,0,0,0,0,
Dexter Drumlin,Scott Handler and Marion Larson,2025,5,19,6:37,Main Field,No,C,Grasshopper Sparrow,0,0,0,0,0,0,0,
Dexter Drumlin,Scott Handler and Marion Larson,2025,5,19,6:28,Main Field,No,D,Grasshopper Sparrow,0,0,0,0,0,0,0,
Dexter Drumlin,Scott Handler and Marion Larson,2025,5,19,7:00,Main Field,No,E,Grasshopper Sparrow,0,0,0,0,0,0,0,
Dexter Drumlin,Scott Handler and Marion Larson,2025,5,19,6:18,Main Field,No,A,Eastern Meadowlark,0,0,0,0,0,0,0,
Dexter Drumlin,Scott Handler and Marion Larson,2025,5,19,6:46,Main Field,No,B,Eastern Meadowlark,0,0,0,0,0,0,0,
Dexter Drumlin,Scott Handler and Marion Larson,2025,5,19,6:37,Main Field,No,C,Eastern Meadowlark,0,0,0,0,0,0,0,
Dexter Drumlin,Scott Handler and Marion Larson,2025,5,19,6:28,Main Field,No,D,Eastern Meadowlark,0,0,0,0,0,0,0,
Dexter Drumlin,Scott Handler and Marion Larson,2025,5,19,7:00,Main Field,No,E,Eastern Meadowlark,0,0,0,0,0,0,0,
Dexter Drumlin,Eric Mueller,2025,5,21,7:17,Main Field,No,A,Bobolink,1,0,1,0,0,0,1,
Dexter Drumlin,Eric Mueller,2025,5,21,7:25,Main Field,No,B,Bobolink,1,0,1,0,0,0,1,
Dexter Drumlin,Eric Mueller,2025,5,21,7:36,Main Field,No,C,Bobolink,0,0,2,0,0,1,3,Bird heard not seen
Dexter Drumlin,Eric Mueller,2025,5,21,7:48,Main Field,No,D,Bobolink,0,0,0,0,0,0,0,
Dexter Drumlin,Eric Mueller,2025,5,21,8:09,Main Field,No,E,Bobolink,0,0,0,0,0,0,0,
Dexter Drumlin,Eric Mueller,2025,5,21,7:17,Main Field,No,A,Savannah Sparrow,0,0,1,0,0,0,1,
Dexter Drumlin,Eric Mueller,2025,5,21,7:25,Main Field,No,B,Savannah Sparrow,0,0,3,0,0,1,4,
Dexter Drumlin,Eric Mueller,2025,5,21,7:36,Main Field,No,C,Savannah Sparrow,0,0,0,0,0,0,0,
Dexter Drumlin,Eric Mueller,2025,5,21,7:48,Main Field,No,D,Savannah Sparrow,0,0,1,0,0,0,1,
Dexter Drumlin,Eric Mueller,2025,5,21,8:09,Main Field,No,E,Savannah Sparrow,0,0,1,0,0,0,1,
Dexter Drumlin,Eric Mueller,2025,5,21,7:17,Main Field,No,A,Grasshopper Sparrow,0,0,0,0,0,0,0,
Dexter Drumlin,Eric Mueller,2025,5,21,7:25,Main Field,No,B,Grasshopper Sparrow,0,0,0,0,0,0,0,
Dexter Drumlin,Eric Mueller,2025,5,21,7:36,Main Field,No,C,Grasshopper Sparrow,0,0,0,0,0,0,0,
Dexter Drumlin,Eric Mueller,2025,5,21,7:48,Main Field,No,D,Grasshopper Sparrow,0,0,0,0,0,0,0,
Dexter Drumlin,Eric Mueller,2025,5,21,8:09,Main Field,No,E,Grasshopper Sparrow,0,0,0,0,0,0,0,
Dexter Drumlin,Eric Mueller,2025,5,21,7:17,Main Field,No,A,Eastern Meadowlark,0,0,0,0,0,0,0,
Dexter Drumlin,Eric Mueller,2025,5,21,7:25,Main Field,No,B,Eastern Meadowlark,0,0,0,0,0,0,0,
Dexter Drumlin,Eric Mueller,2025,5,21,7:36,Main Field,No,C,Eastern Meadowlark,0,0,0,0,0,0,0,
Dexter Drumlin,Eric Mueller,2025,5,21,7:48,Main Field,No,D,Eastern Meadowlark,0,0,0,0,0,0,0,
Dexter Drumlin,Eric Mueller,2025,5,21,8:09,Main Field,No,E,Eastern Meadowlark,0,0,0,0,0,0,0,
Dexter Drumlin,Heidi Horton,2025,5,24,9:01,Main Field,No,A,Bobolink,1,0,1,2,0,2,3,
Dexter Drumlin,Heidi Horton,2025,5,24,9:15,Main Field,No,B,Bobolink,2,0,2,0,0,0,2,
Dexter Drumlin,Heidi Horton,2025,5,24,9:25,Main Field,No,C,Bobolink,0,0,0,0,0,1,1,Flyovers
Dexter Drumlin,Heidi Horton,2025,5,24,9:35,Main Field,No,D,Bobolink,0,0,0,1,0,1,1,
Dexter Drumlin,Heidi Horton,2025,5,24,9:52,Main Field,No,E,Bobolink,2,0,2,0,0,0,2,
Dexter Drumlin,Heidi Horton,2025,5,24,9:01,Main Field,No,A,Savannah Sparrow,0,0,0,0,0,0,0,
Dexter Drumlin,Heidi Horton,2025,5,24,9:15,Main Field,No,B,Savannah Sparrow,1,0,1,1,0,1,2,
Dexter Drumlin,Heidi Horton,2025,5,24,9:25,Main Field,No,C,Savannah Sparrow,0,0,0,0,0,0,0,
Dexter Drumlin,Heidi Horton,2025,5,24,9:35,Main Field,No,D,Savannah Sparrow,0,0,1,0,0,0,1,Bird heard not seen
Dexter Drumlin,Heidi Horton,2025,5,24,9:52,Main Field,No,E,Savannah Sparrow,0,0,1,0,0,0,1,Bird heard not seen
Dexter Drumlin,Heidi Horton,2025,5,24,9:01,Main Field,No,A,Grasshopper Sparrow,0,0,0,0,0,0,0,
Dexter Drumlin,Heidi Horton,2025,5,24,9:15,Main Field,No,B,Grasshopper Sparrow,0,0,1,0,0,0,1,
Dexter Drumlin,Heidi Horton,2025,5,24,9:25,Main Field,No,C,Grasshopper Sparrow,0,0,0,0,0,0,0,
Dexter Drumlin,Heidi Horton,2025,5,24,9:35,Main Field,No,D,Grasshopper Sparrow,0,0,0,0,0,0,0,
Dexter Drumlin,Heidi Horton,2025,5,24,9:52,Main Field,No,E,Grasshopper Sparrow,0,0,0,0,0,0,0,
Dexter Drumlin,Heidi Horton,2025,5,24,9:01,Main Field,No,A,Eastern Meadowlark,0,0,0,0,0,0,0,
Dexter Drumlin,Heidi Horton,2025,5,24,9:15,Main Field,No,B,Eastern Meadowlark,0,0,0,0,0,0,0,
Dexter Drumlin,Heidi Horton,2025,5,24,9:25,Main Field,No,C,Eastern Meadowlark,0,0,0,0,0,0,0,
Dexter Drumlin,Heidi Horton,2025,5,24,9:35,Main Field,No,D,Eastern Meadowlark,0,0,0,0,0,0,0,
Dexter Drumlin,Heidi Horton,2025,5,24,9:52,Main Field,No,E,Eastern Meadowlark,0,0,0,0,0,0,0,
Dexter Drumlin,Scott Handler and Marion Larson,2025,5,26,6:23,Main Field,No,A,Bobolink,0,0,0,0,0,0,0,
Dexter Drumlin,Scott Handler and Marion Larson,2025,5,26,6:53,Main Field,No,B,Bobolink,4,1,5,0,0,0,5,
Dexter Drumlin,Scott Handler and Marion Larson,2025,5,26,6:43,Main Field,No,C,Bobolink,1,0,1,0,0,0,1,
Dexter Drumlin,Scott Handler and Marion Larson,2025,5,26,6:33,Main Field,No,D,Bobolink,0,0,0,0,0,0,0,
Dexter Drumlin,Scott Handler and Marion Larson,2025,5,26,7:07,Main Field,No,E,Bobolink,2,0,2,0,0,0,2,
Dexter Drumlin,Scott Handler and Marion Larson,2025,5,26,6:23,Main Field,No,A,Savannah Sparrow,0,0,0,0,0,0,0,
Dexter Drumlin,Scott Handler and Marion Larson,2025,5,26,6:53,Main Field,No,B,Savannah Sparrow,0,0,2,0,0,2,4,Bird heard not seen
Dexter Drumlin,Scott Handler and Marion Larson,2025,5,26,6:43,Main Field,No,C,Savannah Sparrow,0,0,0,0,0,0,0,
Dexter Drumlin,Scott Handler and Marion Larson,2025,5,26,6:33,Main Field,No,D,Savannah Sparrow,0,0,0,0,0,2,2,Bird heard not seen
Dexter Drumlin,Scott Handler and Marion Larson,2025,5,26,7:07,Main Field,No,E,Savannah Sparrow,0,0,0,0,0,0,0,
Dexter Drumlin,Scott Handler and Marion Larson,2025,5,26,6:23,Main Field,No,A,Grasshopper Sparrow,0,0,0,0,0,0,0,
Dexter Drumlin,Scott Handler and Marion Larson,2025,5,26,6:53,Main Field,No,B,Grasshopper Sparrow,0,0,0,0,0,0,0,
Dexter Drumlin,Scott Handler and Marion Larson,2025,5,26,6:43,Main Field,No,C,Grasshopper Sparrow,0,0,0,0,0,0,0,
Dexter Drumlin,Scott Handler and Marion Larson,2025,5,26,6:33,Main Field,No,D,Grasshopper Sparrow,0,0,0,0,0,0,0,
Dexter Drumlin,Scott Handler and Marion Larson,2025,5,26,7:07,Main Field,No,E,Grasshopper Sparrow,0,0,0,0,0,0,0,
Dexter Drumlin,Scott Handler and Marion Larson,2025,5,26,6:23,Main Field,No,A,Eastern Meadowlark,0,0,0,0,0,0,0,
Dexter Drumlin,Scott Handler and Marion Larson,2025,5,26,6:53,Main Field,No,B,Eastern Meadowlark,0,0,0,0,0,0,0,
Dexter Drumlin,Scott Handler and Marion Larson,2025,5,26,6:43,Main Field,No,C,Eastern Meadowlark,0,0,0,0,0,0,0,
Dexter Drumlin,Scott Handler and Marion Larson,2025,5,26,6:33,Main Field,No,D,Eastern Meadowlark,0,0,0,0,0,0,0,
Dexter Drumlin,Scott Handler and Marion Larson,2025,5,26,7:07,Main Field,No,E,Eastern Meadowlark,0,0,0,0,0,0,0,
Dexter Drumlin,Eric Mueller,2025,5,28,7:26,Main Field,No,A,Bobolink,0,0,0,1,0,1,1,
Dexter Drumlin,Eric Mueller,2025,5,28,7:37,Main Field,No,B,Bobolink,2,1,3,1,0,1,4,
Dexter Drumlin,Eric Mueller,2025,5,28,7:47,Main Field,No,C,Bobolink,0,0,0,1,0,1,1,
Dexter Drumlin,Eric Mueller,2025,5,28,7:59,Main Field,No,D,Bobolink,0,0,0,0,0,0,0,
Dexter Drumlin,Eric Mueller,2025,5,28,8:17,Main Field,No,E,Bobolink,0,0,0,1,0,1,1,
Dexter Drumlin,Eric Mueller,2025,5,28,7:26,Main Field,No,A,Savannah Sparrow,0,0,0,0,0,0,0,
Dexter Drumlin,Eric Mueller,2025,5,28,7:37,Main Field,No,B,Savannah Sparrow,0,0,2,0,0,1,3,
Dexter Drumlin,Eric Mueller,2025,5,28,7:47,Main Field,No,C,Savannah Sparrow,0,0,0,0,0,0,0,
Dexter Drumlin,Eric Mueller,2025,5,28,7:59,Main Field,No,D,Savannah Sparrow,0,0,0,0,0,1,1,
Dexter Drumlin,Eric Mueller,2025,5,28,8:17,Main Field,No,E,Savannah Sparrow,0,0,0,0,0,0,0,
Dexter Drumlin,Eric Mueller,2025,5,28,7:26,Main Field,No,A,Grasshopper Sparrow,0,0,0,0,0,0,0,
Dexter Drumlin,Eric Mueller,2025,5,28,7:37,Main Field,No,B,Grasshopper Sparrow,0,0,0,0,0,0,0,
Dexter Drumlin,Eric Mueller,2025,5,28,7:47,Main Field,No,C,Grasshopper Sparrow,0,0,0,0,0,0,0,
Dexter Drumlin,Eric Mueller,2025,5,28,7:59,Main Field,No,D,Grasshopper Sparrow,0,0,0,0,0,0,0,
Dexter Drumlin,Eric Mueller,2025,5,28,8:17,Main Field,No,E,Grasshopper Sparrow,0,0,0,0,0,0,0,
Dexter Drumlin,Eric Mueller,2025,5,28,7:26,Main Field,No,A,Eastern Meadowlark,0,0,0,0,0,0,0,
Dexter Drumlin,Eric Mueller,2025,5,28,7:37,Main Field,No,B,Eastern Meadowlark,0,0,0,0,0,0,0,
Dexter Drumlin,Eric Mueller,2025,5,28,7:47,Main Field,No,C,Eastern Meadowlark,0,0,0,0,0,0,0,
Dexter Drumlin,Eric Mueller,2025,5,28,7:59,Main Field,No,D,Eastern Meadowlark,0,0,0,0,0,0,0,
Dexter Drumlin,Eric Mueller,2025,5,28,8:17,Main Field,No,E,Eastern Meadowlark,0,0,0,0,0,0,0,
Dexter Drumlin,Eric Mueller,2025,6,4,NA,Main Field,No,A,Bobolink,0,0,0,1,0,1,1,
Dexter Drumlin,Eric Mueller,2025,6,4,NA,Main Field,No,B,Bobolink,1,0,1,0,0,0,1,
Dexter Drumlin,Eric Mueller,2025,6,4,NA,Main Field,No,C,Bobolink,0,0,0,0,0,0,0,
Dexter Drumlin,Eric Mueller,2025,6,4,NA,Main Field,No,D,Bobolink,0,0,0,1,0,1,1,
Dexter Drumlin,Eric Mueller,2025,6,4,NA,Main Field,No,E,Bobolink,0,0,0,0,0,0,0,
Dexter Drumlin,Eric Mueller,2025,6,4,NA,Main Field,No,A,Savannah Sparrow,0,0,0,0,0,0,0,
Dexter Drumlin,Eric Mueller,2025,6,4,NA,Main Field,No,B,Savannah Sparrow,0,0,2,0,0,0,2,
Dexter Drumlin,Eric Mueller,2025,6,4,NA,Main Field,No,C,Savannah Sparrow,0,0,0,0,0,0,0,
Dexter Drumlin,Eric Mueller,2025,6,4,NA,Main Field,No,D,Savannah Sparrow,0,0,0,0,0,0,0,
Dexter Drumlin,Eric Mueller,2025,6,4,NA,Main Field,No,E,Savannah Sparrow,0,0,1,0,0,0,1,
Dexter Drumlin,Eric Mueller,2025,6,4,NA,Main Field,No,A,Grasshopper Sparrow,0,0,0,0,0,0,0,
Dexter Drumlin,Eric Mueller,2025,6,4,NA,Main Field,No,B,Grasshopper Sparrow,0,0,0,0,0,0,0,
Dexter Drumlin,Eric Mueller,2025,6,4,NA,Main Field,No,C,Grasshopper Sparrow,0,0,0,0,0,0,0,
Dexter Drumlin,Eric Mueller,2025,6,4,NA,Main Field,No,D,Grasshopper Sparrow,0,0,0,0,0,0,0,
Dexter Drumlin,Eric Mueller,2025,6,4,NA,Main Field,No,E,Grasshopper Sparrow,0,0,0,0,0,0,0,
Dexter Drumlin,Eric Mueller,2025,6,4,NA,Main Field,No,A,Eastern Meadowlark,0,0,0,0,0,0,0,
Dexter Drumlin,Eric Mueller,2025,6,4,NA,Main Field,No,B,Eastern Meadowlark,0,0,0,0,0,0,0,
Dexter Drumlin,Eric Mueller,2025,6,4,NA,Main Field,No,C,Eastern Meadowlark,0,0,0,0,0,0,0,
Dexter Drumlin,Eric Mueller,2025,6,4,NA,Main Field,No,D,Eastern Meadowlark,0,0,0,0,0,0,0,
Dexter Drumlin,Eric Mueller,2025,6,4,NA,Main Field,No,E,Eastern Meadowlark,0,0,0,0,0,0,0,
Dexter Drumlin,Scott Handler and Marion Larson,2025,6,2,7:00,Main Field,No,A,Bobolink,0,0,0,0,0,0,0,
Dexter Drumlin,Scott Handler and Marion Larson,2025,6,2,7:29,Main Field,No,B,Bobolink,2,0,2,3,0,3,5,
Dexter Drumlin,Scott Handler and Marion Larson,2025,6,2,7:20,Main Field,No,C,Bobolink,0,0,0,0,0,0,0,
Dexter Drumlin,Scott Handler and Marion Larson,2025,6,2,7:11,Main Field,No,D,Bobolink,0,0,0,1,0,1,1,
Dexter Drumlin,Scott Handler and Marion Larson,2025,6,2,7:40,Main Field,No,E,Bobolink,0,0,0,3,0,3,3,
Dexter Drumlin,Scott Handler and Marion Larson,2025,6,2,7:00,Main Field,No,A,Savannah Sparrow,0,0,0,0,0,1,1,Bird heard not seen
Dexter Drumlin,Scott Handler and Marion Larson,2025,6,2,7:29,Main Field,No,B,Savannah Sparrow,0,0,0,0,0,1,1,Bird heard not seen
Dexter Drumlin,Scott Handler and Marion Larson,2025,6,2,7:20,Main Field,No,C,Savannah Sparrow,0,0,0,0,0,0,0,
Dexter Drumlin,Scott Handler and Marion Larson,2025,6,2,7:11,Main Field,No,D,Savannah Sparrow,0,0,0,0,0,1,1,Bird heard not seen
Dexter Drumlin,Scott Handler and Marion Larson,2025,6,2,7:40,Main Field,No,E,Savannah Sparrow,0,0,0,0,0,0,0,
Dexter Drumlin,Scott Handler and Marion Larson,2025,6,2,7:00,Main Field,No,A,Grasshopper Sparrow,0,0,0,0,0,0,0,
Dexter Drumlin,Scott Handler and Marion Larson,2025,6,2,7:29,Main Field,No,B,Grasshopper Sparrow,0,0,0,0,0,0,0,
Dexter Drumlin,Scott Handler and Marion Larson,2025,6,2,7:20,Main Field,No,C,Grasshopper Sparrow,0,0,0,0,0,0,0,
Dexter Drumlin,Scott Handler and Marion Larson,2025,6,2,7:11,Main Field,No,D,Grasshopper Sparrow,0,0,0,0,0,0,0,
Dexter Drumlin,Scott Handler and Marion Larson,2025,6,2,7:40,Main Field,No,E,Grasshopper Sparrow,0,0,0,0,0,0,0,
Dexter Drumlin,Scott Handler and Marion Larson,2025,6,2,7:00,Main Field,No,A,Eastern Meadowlark,0,0,0,0,0,0,0,
Dexter Drumlin,Scott Handler and Marion Larson,2025,6,2,7:29,Main Field,No,B,Eastern Meadowlark,0,0,0,0,0,0,0,
Dexter Drumlin,Scott Handler and Marion Larson,2025,6,2,7:20,Main Field,No,C,Eastern Meadowlark,0,0,0,0,0,0,0,
Dexter Drumlin,Scott Handler and Marion Larson,2025,6,2,7:11,Main Field,No,D,Eastern Meadowlark,0,0,0,0,0,0,0,
Dexter Drumlin,Scott Handler and Marion Larson,2025,6,2,7:40,Main Field,No,E,Eastern Meadowlark,0,0,0,0,0,0,0,
Dexter Drumlin,Scott Handler and Marion Larson,2025,6,9,6:59,Main Field,No,A,Bobolink,0,0,0,0,0,0,0,
Dexter Drumlin,Scott Handler and Marion Larson,2025,6,9,7:26,Main Field,No,B,Bobolink,4,1,5,0,0,0,5,
Dexter Drumlin,Scott Handler and Marion Larson,2025,6,9,7:17,Main Field,No,C,Bobolink,0,0,0,0,0,0,0,
Dexter Drumlin,Scott Handler and Marion Larson,2025,6,9,7:08,Main Field,No,D,Bobolink,0,0,0,0,0,0,0,
Dexter Drumlin,Scott Handler and Marion Larson,2025,6,9,7:29,Main Field,No,E,Bobolink,0,0,0,3,0,3,3,
Dexter Drumlin,Scott Handler and Marion Larson,2025,6,9,6:59,Main Field,No,A,Savannah Sparrow,1,0,1,0,0,0,1,
Dexter Drumlin,Scott Handler and Marion Larson,2025,6,9,7:26,Main Field,No,B,Savannah Sparrow,3,0,3,0,0,0,3,
Dexter Drumlin,Scott Handler and Marion Larson,2025,6,9,7:17,Main Field,No,C,Savannah Sparrow,0,0,0,0,0,1,1,Bird heard not seen
Dexter Drumlin,Scott Handler and Marion Larson,2025,6,9,7:08,Main Field,No,D,Savannah Sparrow,0,0,0,0,0,0,0,
Dexter Drumlin,Scott Handler and Marion Larson,2025,6,9,7:29,Main Field,No,E,Savannah Sparrow,1,0,1,0,0,0,1,
Dexter Drumlin,Scott Handler and Marion Larson,2025,6,9,6:59,Main Field,No,A,Grasshopper Sparrow,0,0,0,0,0,0,0,
Dexter Drumlin,Scott Handler and Marion Larson,2025,6,9,7:26,Main Field,No,B,Grasshopper Sparrow,0,0,0,0,0,0,0,
Dexter Drumlin,Scott Handler and Marion Larson,2025,6,9,7:17,Main Field,No,C,Grasshopper Sparrow,0,0,0,0,0,0,0,
Dexter Drumlin,Scott Handler and Marion Larson,2025,6,9,7:08,Main Field,No,D,Grasshopper Sparrow,0,0,0,0,0,0,0,
Dexter Drumlin,Scott Handler and Marion Larson,2025,6,9,7:29,Main Field,No,E,Grasshopper Sparrow,0,0,0,0,0,0,0,
Dexter Drumlin,Scott Handler and Marion Larson,2025,6,9,6:59,Main Field,No,A,Eastern Meadowlark,0,0,0,0,0,0,0,
Dexter Drumlin,Scott Handler and Marion Larson,2025,6,9,7:26,Main Field,No,B,Eastern Meadowlark,0,0,0,0,0,0,0,
Dexter Drumlin,Scott Handler and Marion Larson,2025,6,9,7:17,Main Field,No,C,Eastern Meadowlark,0,0,0,0,0,0,0,
Dexter Drumlin,Scott Handler and Marion Larson,2025,6,9,7:08,Main Field,No,D,Eastern Meadowlark,0,0,0,0,0,0,0,
Dexter Drumlin,Scott Handler and Marion Larson,2025,6,9,7:29,Main Field,No,E,Eastern Meadowlark,0,0,0,0,0,0,0,
Dexter Drumlin,Heidi Horton,2025,6,8,8:02,Main Field,No,A,Bobolink,0,0,0,0,1,1,1,
Dexter Drumlin,Heidi Horton,2025,6,8,8:12,Main Field,No,B,Bobolink,0,0,0,2,0,2,2,
Dexter Drumlin,Heidi Horton,2025,6,8,8:25,Main Field,No,C,Bobolink,0,0,0,0,0,0,0,
Dexter Drumlin,Heidi Horton,2025,6,8,8:36,Main Field,No,D,Bobolink,0,0,0,0,0,0,0,
Dexter Drumlin,Heidi Horton,2025,6,8,8:50,Main Field,No,E,Bobolink,0,0,0,1,0,1,1,
Dexter Drumlin,Heidi Horton,2025,6,8,8:02,Main Field,No,A,Savannah Sparrow,0,0,0,0,0,0,0,
Dexter Drumlin,Heidi Horton,2025,6,8,8:12,Main Field,No,B,Savannah Sparrow,0,0,2,0,0,0,2,
Dexter Drumlin,Heidi Horton,2025,6,8,8:25,Main Field,No,C,Savannah Sparrow,0,0,0,0,0,0,0,
Dexter Drumlin,Heidi Horton,2025,6,8,8:36,Main Field,No,D,Savannah Sparrow,0,0,0,0,0,0,0,
Dexter Drumlin,Heidi Horton,2025,6,8,8:50,Main Field,No,E,Savannah Sparrow,0,0,0,0,0,0,0,
Dexter Drumlin,Heidi Horton,2025,6,8,8:02,Main Field,No,A,Grasshopper Sparrow,0,0,0,0,0,0,0,
Dexter Drumlin,Heidi Horton,2025,6,8,8:12,Main Field,No,B,Grasshopper Sparrow,0,0,0,0,0,0,0,
Dexter Drumlin,Heidi Horton,2025,6,8,8:25,Main Field,No,C,Grasshopper Sparrow,0,0,0,0,0,0,0,
Dexter Drumlin,Heidi Horton,2025,6,8,8:36,Main Field,No,D,Grasshopper Sparrow,0,0,0,0,0,0,0,
Dexter Drumlin,Heidi Horton,2025,6,8,8:50,Main Field,No,E,Grasshopper Sparrow,0,0,0,0,0,0,0,
Dexter Drumlin,Heidi Horton,2025,6,8,8:02,Main Field,No,A,Eastern Meadowlark,0,0,0,0,0,0,0,
Dexter Drumlin,Heidi Horton,2025,6,8,8:12,Main Field,No,B,Eastern Meadowlark,0,0,0,0,0,0,0,
Dexter Drumlin,Heidi Horton,2025,6,8,8:25,Main Field,No,C,Eastern Meadowlark,0,0,0,0,0,0,0,
Dexter Drumlin,Heidi Horton,2025,6,8,8:36,Main Field,No,D,Eastern Meadowlark,0,0,0,0,0,0,0,
Dexter Drumlin,Heidi Horton,2025,6,8,8:50,Main Field,No,E,Eastern Meadowlark,0,0,0,0,0,0,0,
Dexter Drumlin,Eric Mueller,2025,6,11,NA,Main Field,No,A,Bobolink,0,0,0,0,0,0,0,
Dexter Drumlin,Eric Mueller,2025,6,11,NA,Main Field,No,B,Bobolink,0,0,0,1,0,1,1,
Dexter Drumlin,Eric Mueller,2025,6,11,NA,Main Field,No,C,Bobolink,0,0,0,0,0,0,0,
Dexter Drumlin,Eric Mueller,2025,6,11,NA,Main Field,No,D,Bobolink,0,0,0,0,0,0,0,
Dexter Drumlin,Eric Mueller,2025,6,11,NA,Main Field,No,E,Bobolink,0,0,0,1,0,1,1,
Dexter Drumlin,Eric Mueller,2025,6,11,NA,Main Field,No,A,Savannah Sparrow,0,0,0,0,0,0,0,
Dexter Drumlin,Eric Mueller,2025,6,11,NA,Main Field,No,B,Savannah Sparrow,0,0,3,0,0,1,4,Bird heard not seen
Dexter Drumlin,Eric Mueller,2025,6,11,NA,Main Field,No,C,Savannah Sparrow,0,0,0,0,0,0,0,
Dexter Drumlin,Eric Mueller,2025,6,11,NA,Main Field,No,D,Savannah Sparrow,0,0,0,0,0,0,0,
Dexter Drumlin,Eric Mueller,2025,6,11,NA,Main Field,No,E,Savannah Sparrow,0,0,0,0,0,0,0,
Dexter Drumlin,Eric Mueller,2025,6,11,NA,Main Field,No,A,Grasshopper Sparrow,0,0,0,0,0,0,0,
Dexter Drumlin,Eric Mueller,2025,6,11,NA,Main Field,No,B,Grasshopper Sparrow,0,0,0,0,0,0,0,
Dexter Drumlin,Eric Mueller,2025,6,11,NA,Main Field,No,C,Grasshopper Sparrow,0,0,0,0,0,0,0,
Dexter Drumlin,Eric Mueller,2025,6,11,NA,Main Field,No,D,Grasshopper Sparrow,0,0,0,0,0,0,0,
Dexter Drumlin,Eric Mueller,2025,6,11,NA,Main Field,No,E,Grasshopper Sparrow,0,0,0,0,0,0,0,
Dexter Drumlin,Eric Mueller,2025,6,11,NA,Main Field,No,A,Eastern Meadowlark,0,0,0,0,0,0,0,
Dexter Drumlin,Eric Mueller,2025,6,11,NA,Main Field,No,B,Eastern Meadowlark,0,0,0,0,0,0,0,
Dexter Drumlin,Eric Mueller,2025,6,11,NA,Main Field,No,C,Eastern Meadowlark,0,0,0,0,0,0,0,
Dexter Drumlin,Eric Mueller,2025,6,11,NA,Main Field,No,D,Eastern Meadowlark,0,0,0,0,0,0,0,
Dexter Drumlin,Eric Mueller,2025,6,11,NA,Main Field,No,E,Eastern Meadowlark,0,0,0,0,0,0,0,
Dexter Drumlin,Scott Handler and Marion Larson,2025,6,16,6:37,Main Field,No,A,Bobolink,0,0,0,0,0,0,0,
Dexter Drumlin,Scott Handler and Marion Larson,2025,6,16,7:06,Main Field,No,B,Bobolink,2,0,2,0,0,0,2,
Dexter Drumlin,Scott Handler and Marion Larson,2025,6,16,6:55,Main Field,No,C,Bobolink,1,0,1,0,0,0,1,
Dexter Drumlin,Scott Handler and Marion Larson,2025,6,16,5:46,Main Field,No,D,Bobolink,0,0,0,0,0,0,0,
Dexter Drumlin,Scott Handler and Marion Larson,2025,6,16,7:18,Main Field,No,E,Bobolink,0,0,0,2,0,2,2,
Dexter Drumlin,Scott Handler and Marion Larson,2025,6,16,6:37,Main Field,No,A,Savannah Sparrow,0,0,0,0,0,2,2,
Dexter Drumlin,Scott Handler and Marion Larson,2025,6,16,7:06,Main Field,No,B,Savannah Sparrow,0,0,4,0,0,1,5,
Dexter Drumlin,Scott Handler and Marion Larson,2025,6,16,6:55,Main Field,No,C,Savannah Sparrow,0,0,0,0,0,1,1,
Dexter Drumlin,Scott Handler and Marion Larson,2025,6,16,5:46,Main Field,No,D,Savannah Sparrow,0,0,0,0,0,1,1,
Dexter Drumlin,Scott Handler and Marion Larson,2025,6,16,7:18,Main Field,No,E,Savannah Sparrow,0,0,0,0,0,0,0,
Dexter Drumlin,Scott Handler and Marion Larson,2025,6,16,6:37,Main Field,No,A,Grasshopper Sparrow,0,0,0,0,0,0,0,
Dexter Drumlin,Scott Handler and Marion Larson,2025,6,16,7:06,Main Field,No,B,Grasshopper Sparrow,0,0,0,0,0,0,0,
Dexter Drumlin,Scott Handler and Marion Larson,2025,6,16,6:55,Main Field,No,C,Grasshopper Sparrow,0,0,0,0,0,0,0,
Dexter Drumlin,Scott Handler and Marion Larson,2025,6,16,5:46,Main Field,No,D,Grasshopper Sparrow,0,0,0,0,0,0,0,
Dexter Drumlin,Scott Handler and Marion Larson,2025,6,16,7:18,Main Field,No,E,Grasshopper Sparrow,0,0,0,0,0,0,0,
Dexter Drumlin,Scott Handler and Marion Larson,2025,6,16,6:37,Main Field,No,A,Eastern Meadowlark,0,0,0,0,0,0,0,
Dexter Drumlin,Scott Handler and Marion Larson,2025,6,16,7:06,Main Field,No,B,Eastern Meadowlark,0,0,0,0,0,0,0,
Dexter Drumlin,Scott Handler and Marion Larson,2025,6,16,6:55,Main Field,No,C,Eastern Meadowlark,0,0,0,0,0,0,0,
Dexter Drumlin,Scott Handler and Marion Larson,2025,6,16,5:46,Main Field,No,D,Eastern Meadowlark,0,0,0,0,0,0,0,
Dexter Drumlin,Scott Handler and Marion Larson,2025,6,16,7:18,Main Field,No,E,Eastern Meadowlark,0,0,0,0,0,0,0,
Dexter Drumlin,Heidi Horton,2025,6,13,8:22,Main Field,No,A,Bobolink,0,0,0,0,0,1,1,Bird heard not seen
Dexter Drumlin,Heidi Horton,2025,6,13,8:33,Main Field,No,B,Bobolink,0,0,0,0,0,0,0,
Dexter Drumlin,Heidi Horton,2025,6,13,8:44,Main Field,No,C,Bobolink,0,0,0,0,0,0,0,
Dexter Drumlin,Heidi Horton,2025,6,13,8:55,Main Field,No,D,Bobolink,0,0,0,0,0,0,0,
Dexter Drumlin,Heidi Horton,2025,6,13,9:12,Main Field,No,E,Bobolink,0,0,0,1,0,1,1,
Dexter Drumlin,Heidi Horton,2025,6,13,8:22,Main Field,No,A,Savannah Sparrow,1,0,3,0,0,0,3,Bird heard not seen
Dexter Drumlin,Heidi Horton,2025,6,13,8:33,Main Field,No,B,Savannah Sparrow,2,1,3,0,0,0,3,
Dexter Drumlin,Heidi Horton,2025,6,13,8:44,Main Field,No,C,Savannah Sparrow,1,1,2,0,0,0,2,
Dexter Drumlin,Heidi Horton,2025,6,13,8:55,Main Field,No,D,Savannah Sparrow,0,0,0,0,0,0,0,
Dexter Drumlin,Heidi Horton,2025,6,13,9:12,Main Field,No,E,Savannah Sparrow,0,0,1,0,0,0,1,Bird heard not seen
Dexter Drumlin,Heidi Horton,2025,6,13,8:22,Main Field,No,A,Grasshopper Sparrow,0,0,0,0,0,0,0,
Dexter Drumlin,Heidi Horton,2025,6,13,8:33,Main Field,No,B,Grasshopper Sparrow,0,0,0,0,0,0,0,
Dexter Drumlin,Heidi Horton,2025,6,13,8:44,Main Field,No,C,Grasshopper Sparrow,0,0,0,0,0,0,0,
Dexter Drumlin,Heidi Horton,2025,6,13,8:55,Main Field,No,D,Grasshopper Sparrow,0,0,0,0,0,0,0,
Dexter Drumlin,Heidi Horton,2025,6,13,9:12,Main Field,No,E,Grasshopper Sparrow,0,0,0,0,0,0,0,
Dexter Drumlin,Heidi Horton,2025,6,13,8:22,Main Field,No,A,Eastern Meadowlark,0,0,0,0,0,0,0,
Dexter Drumlin,Heidi Horton,2025,6,13,8:33,Main Field,No,B,Eastern Meadowlark,0,0,0,0,0,0,0,
Dexter Drumlin,Heidi Horton,2025,6,13,8:44,Main Field,No,C,Eastern Meadowlark,0,0,0,0,0,0,0,
Dexter Drumlin,Heidi Horton,2025,6,13,8:55,Main Field,No,D,Eastern Meadowlark,0,0,0,0,0,0,0,
Dexter Drumlin,Heidi Horton,2025,6,13,9:12,Main Field,No,E,Eastern Meadowlark,0,0,0,0,0,0,0,
Dexter Drumlin,Eric Mueller,2025,6,18,6:47,Main Field,No,A,Bobolink,1,0,1,0,0,0,1,
Dexter Drumlin,Eric Mueller,2025,6,18,6:54,Main Field,No,B,Bobolink,1,0,1,0,0,0,1,
Dexter Drumlin,Eric Mueller,2025,6,18,7:04,Main Field,No,C,Bobolink,0,0,0,0,0,0,0,
Dexter Drumlin,Eric Mueller,2025,6,18,7:14,Main Field,No,D,Bobolink,0,0,0,0,0,0,0,
Dexter Drumlin,Eric Mueller,2025,6,18,7:31,Main Field,No,E,Bobolink,0,0,0,1,0,1,1,
Dexter Drumlin,Eric Mueller,2025,6,18,6:47,Main Field,No,A,Savannah Sparrow,1,0,2,0,0,0,2,Bird heard not seen
Dexter Drumlin,Eric Mueller,2025,6,18,6:54,Main Field,No,B,Savannah Sparrow,0,0,5,0,0,0,5,
Dexter Drumlin,Eric Mueller,2025,6,18,7:04,Main Field,No,C,Savannah Sparrow,0,0,0,1,0,1,1,
Dexter Drumlin,Eric Mueller,2025,6,18,7:14,Main Field,No,D,Savannah Sparrow,0,0,0,0,0,0,0,
Dexter Drumlin,Eric Mueller,2025,6,18,7:31,Main Field,No,E,Savannah Sparrow,0,0,0,1,0,1,1,
Dexter Drumlin,Eric Mueller,2025,6,18,6:47,Main Field,No,A,Grasshopper Sparrow,0,0,0,0,0,0,0,
Dexter Drumlin,Eric Mueller,2025,6,18,6:54,Main Field,No,B,Grasshopper Sparrow,0,0,0,0,0,0,0,
Dexter Drumlin,Eric Mueller,2025,6,18,7:04,Main Field,No,C,Grasshopper Sparrow,0,0,0,0,0,0,0,
Dexter Drumlin,Eric Mueller,2025,6,18,7:14,Main Field,No,D,Grasshopper Sparrow,0,0,0,0,0,0,0,
Dexter Drumlin,Eric Mueller,2025,6,18,7:31,Main Field,No,E,Grasshopper Sparrow,0,0,0,0,0,0,0,
Dexter Drumlin,Eric Mueller,2025,6,18,6:47,Main Field,No,A,Eastern Meadowlark,0,0,0,0,0,0,0,
Dexter Drumlin,Eric Mueller,2025,6,18,6:54,Main Field,No,B,Eastern Meadowlark,0,0,0,0,0,0,0,
Dexter Drumlin,Eric Mueller,2025,6,18,7:04,Main Field,No,C,Eastern Meadowlark,0,0,0,0,0,0,0,
Dexter Drumlin,Eric Mueller,2025,6,18,7:14,Main Field,No,D,Eastern Meadowlark,0,0,0,0,0,0,0,
Dexter Drumlin,Eric Mueller,2025,6,18,7:31,Main Field,No,E,Eastern Meadowlark,0,0,0,0,0,0,0,
Dexter Drumlin,Heidi Horton,2025,6,20,8:32,Main Field,No,A,Bobolink,0,1,1,0,0,1,2,Bird heard not seen
Dexter Drumlin,Heidi Horton,2025,6,20,8:43,Main Field,No,B,Bobolink,1,0,1,0,0,0,1,
Dexter Drumlin,Heidi Horton,2025,6,20,8:52,Main Field,No,C,Bobolink,0,0,0,0,0,0,0,
Dexter Drumlin,Heidi Horton,2025,6,20,9:03,Main Field,No,D,Bobolink,0,0,0,0,0,0,0,
Dexter Drumlin,Heidi Horton,2025,6,20,9:19,Main Field,No,E,Bobolink,0,0,0,0,0,0,0,
Dexter Drumlin,Heidi Horton,2025,6,20,8:32,Main Field,No,A,Savannah Sparrow,0,0,1,0,0,0,1,Bird heard not seen
Dexter Drumlin,Heidi Horton,2025,6,20,8:43,Main Field,No,B,Savannah Sparrow,0,0,4,0,0,0,4,
Dexter Drumlin,Heidi Horton,2025,6,20,8:52,Main Field,No,C,Savannah Sparrow,0,0,0,0,0,0,0,
Dexter Drumlin,Heidi Horton,2025,6,20,9:03,Main Field,No,D,Savannah Sparrow,0,0,0,0,0,0,0,
Dexter Drumlin,Heidi Horton,2025,6,20,9:19,Main Field,No,E,Savannah Sparrow,0,0,0,0,0,0,0,
Dexter Drumlin,Heidi Horton,2025,6,20,8:32,Main Field,No,A,Grasshopper Sparrow,0,0,0,0,0,0,0,
Dexter Drumlin,Heidi Horton,2025,6,20,8:43,Main Field,No,B,Grasshopper Sparrow,0,0,0,0,0,0,0,
Dexter Drumlin,Heidi Horton,2025,6,20,8:52,Main Field,No,C,Grasshopper Sparrow,0,0,0,0,0,0,0,
Dexter Drumlin,Heidi Horton,2025,6,20,9:03,Main Field,No,D,Grasshopper Sparrow,0,0,0,0,0,0,0,
Dexter Drumlin,Heidi Horton,2025,6,20,9:19,Main Field,No,E,Grasshopper Sparrow,0,0,0,0,0,0,0,
Dexter Drumlin,Heidi Horton,2025,6,20,8:32,Main Field,No,A,Eastern Meadowlark,0,0,0,0,0,0,0,
Dexter Drumlin,Heidi Horton,2025,6,20,8:43,Main Field,No,B,Eastern Meadowlark,0,0,0,0,0,0,0,
Dexter Drumlin,Heidi Horton,2025,6,20,8:52,Main Field,No,C,Eastern Meadowlark,0,0,0,0,0,0,0,
Dexter Drumlin,Heidi Horton,2025,6,20,9:03,Main Field,No,D,Eastern Meadowlark,0,0,0,0,0,0,0,
Dexter Drumlin,Heidi Horton,2025,6,20,9:19,Main Field,No,E,Eastern Meadowlark,0,0,0,0,0,0,0,
Dexter Drumlin,Scott Handler and Marion Larson,2025,6,22,9:42,Main Field,No,A,Bobolink,1,0,1,1,0,1,2,
Dexter Drumlin,Scott Handler and Marion Larson,2025,6,22,10:14,Main Field,No,B,Bobolink,1,0,1,0,0,0,1,
Dexter Drumlin,Scott Handler and Marion Larson,2025,6,22,10:04,Main Field,No,C,Bobolink,0,1,1,0,0,0,1,
Dexter Drumlin,Scott Handler and Marion Larson,2025,6,22,9:51,Main Field,No,D,Bobolink,0,0,0,0,0,0,0,
Dexter Drumlin,Scott Handler and Marion Larson,2025,6,22,10:27,Main Field,No,E,Bobolink,0,0,0,0,0,0,0,
Dexter Drumlin,Scott Handler and Marion Larson,2025,6,22,9:42,Main Field,No,A,Savannah Sparrow,0,0,0,0,0,1,1,
Dexter Drumlin,Scott Handler and Marion Larson,2025,6,22,10:14,Main Field,No,B,Savannah Sparrow,0,0,2,0,0,2,4,
Dexter Drumlin,Scott Handler and Marion Larson,2025,6,22,10:04,Main Field,No,C,Savannah Sparrow,0,0,0,0,0,3,3,
Dexter Drumlin,Scott Handler and Marion Larson,2025,6,22,9:51,Main Field,No,D,Savannah Sparrow,0,0,0,0,0,1,1,
Dexter Drumlin,Scott Handler and Marion Larson,2025,6,22,10:27,Main Field,No,E,Savannah Sparrow,0,0,0,0,0,0,0,
Dexter Drumlin,Scott Handler and Marion Larson,2025,6,22,9:42,Main Field,No,A,Grasshopper Sparrow,0,0,0,0,0,0,0,
Dexter Drumlin,Scott Handler and Marion Larson,2025,6,22,10:14,Main Field,No,B,Grasshopper Sparrow,0,0,0,0,0,0,0,
Dexter Drumlin,Scott Handler and Marion Larson,2025,6,22,10:04,Main Field,No,C,Grasshopper Sparrow,0,0,0,0,0,0,0,
Dexter Drumlin,Scott Handler and Marion Larson,2025,6,22,9:51,Main Field,No,D,Grasshopper Sparrow,0,0,0,0,0,0,0,
Dexter Drumlin,Scott Handler and Marion Larson,2025,6,22,10:27,Main Field,No,E,Grasshopper Sparrow,0,0,0,0,0,0,0,
Dexter Drumlin,Scott Handler and Marion Larson,2025,6,22,9:42,Main Field,No,A,Eastern Meadowlark,0,0,0,0,0,0,0,
Dexter Drumlin,Scott Handler and Marion Larson,2025,6,22,10:14,Main Field,No,B,Eastern Meadowlark,0,0,0,0,0,0,0,
Dexter Drumlin,Scott Handler and Marion Larson,2025,6,22,10:04,Main Field,No,C,Eastern Meadowlark,0,0,0,0,0,0,0,
Dexter Drumlin,Scott Handler and Marion Larson,2025,6,22,9:51,Main Field,No,D,Eastern Meadowlark,0,0,0,0,0,0,0,
Dexter Drumlin,Scott Handler and Marion Larson,2025,6,22,10:27,Main Field,No,E,Eastern Meadowlark,0,0,0,0,0,0,0,
Dexter Drumlin,Eric Mueller,2025,6,25,7:22,Main Field,No,A,Bobolink,1,1,2,0,0,0,2,
Dexter Drumlin,Eric Mueller,2025,6,25,7:30,Main Field,No,B,Bobolink,2,1,3,0,0,0,3,
Dexter Drumlin,Eric Mueller,2025,6,25,7:42,Main Field,No,C,Bobolink,0,0,0,0,0,0,0,
Dexter Drumlin,Eric Mueller,2025,6,25,7:52,Main Field,No,D,Bobolink,0,0,0,0,0,0,0,
Dexter Drumlin,Eric Mueller,2025,6,25,8:07,Main Field,No,E,Bobolink,0,0,0,0,0,0,0,
Dexter Drumlin,Eric Mueller,2025,6,25,7:22,Main Field,No,A,Savannah Sparrow,0,0,0,0,0,1,1,Bird heard not seen
Dexter Drumlin,Eric Mueller,2025,6,25,7:30,Main Field,No,B,Savannah Sparrow,0,0,3,0,0,1,4,Bird heard not seen
Dexter Drumlin,Eric Mueller,2025,6,25,7:42,Main Field,No,C,Savannah Sparrow,0,0,0,0,0,1,1,Bird heard not seen
Dexter Drumlin,Eric Mueller,2025,6,25,7:52,Main Field,No,D,Savannah Sparrow,0,0,0,0,0,0,0,
Dexter Drumlin,Eric Mueller,2025,6,25,8:07,Main Field,No,E,Savannah Sparrow,0,0,0,0,0,0,0,
Dexter Drumlin,Eric Mueller,2025,6,25,7:22,Main Field,No,A,Grasshopper Sparrow,0,0,0,0,0,0,0,
Dexter Drumlin,Eric Mueller,2025,6,25,7:30,Main Field,No,B,Grasshopper Sparrow,0,0,0,0,0,0,0,
Dexter Drumlin,Eric Mueller,2025,6,25,7:42,Main Field,No,C,Grasshopper Sparrow,0,0,0,0,0,0,0,
Dexter Drumlin,Eric Mueller,2025,6,25,7:52,Main Field,No,D,Grasshopper Sparrow,0,0,0,0,0,0,0,
Dexter Drumlin,Eric Mueller,2025,6,25,8:07,Main Field,No,E,Grasshopper Sparrow,0,0,0,0,0,0,0,
Dexter Drumlin,Eric Mueller,2025,6,25,7:22,Main Field,No,A,Eastern Meadowlark,0,0,0,0,0,0,0,
Dexter Drumlin,Eric Mueller,2025,6,25,7:30,Main Field,No,B,Eastern Meadowlark,0,0,0,0,0,0,0,
Dexter Drumlin,Eric Mueller,2025,6,25,7:42,Main Field,No,C,Eastern Meadowlark,0,0,0,0,0,0,0,
Dexter Drumlin,Eric Mueller,2025,6,25,7:52,Main Field,No,D,Eastern Meadowlark,0,0,0,0,0,0,0,
Dexter Drumlin,Eric Mueller,2025,6,25,8:07,Main Field,No,E,Eastern Meadowlark,0,0,0,0,0,0,0,
Dexter Drumlin,Eric Mueller,2025,7,2,NA,Main Field,No,A,Bobolink,0,0,0,0,0,0,0,
Dexter Drumlin,Eric Mueller,2025,7,2,NA,Main Field,No,B,Bobolink,2,0,2,0,0,0,2,
Dexter Drumlin,Eric Mueller,2025,7,2,NA,Main Field,No,C,Bobolink,0,0,0,5,3,8,8,
Dexter Drumlin,Eric Mueller,2025,7,2,NA,Main Field,No,D,Bobolink,0,0,0,0,0,0,0,
Dexter Drumlin,Eric Mueller,2025,7,2,NA,Main Field,No,E,Bobolink,0,0,0,0,0,0,0,
Dexter Drumlin,Eric Mueller,2025,7,2,NA,Main Field,No,A,Savannah Sparrow,2,0,2,0,0,0,2,
Dexter Drumlin,Eric Mueller,2025,7,2,NA,Main Field,No,B,Savannah Sparrow,4,0,4,0,0,0,4,
Dexter Drumlin,Eric Mueller,2025,7,2,NA,Main Field,No,C,Savannah Sparrow,0,0,0,1,0,1,1,
Dexter Drumlin,Eric Mueller,2025,7,2,NA,Main Field,No,D,Savannah Sparrow,0,0,0,0,0,0,0,
Dexter Drumlin,Eric Mueller,2025,7,2,NA,Main Field,No,E,Savannah Sparrow,0,0,0,0,0,0,0,
Dexter Drumlin,Eric Mueller,2025,7,2,NA,Main Field,No,A,Grasshopper Sparrow,0,0,0,0,0,0,0,
Dexter Drumlin,Eric Mueller,2025,7,2,NA,Main Field,No,B,Grasshopper Sparrow,0,0,0,0,0,0,0,
Dexter Drumlin,Eric Mueller,2025,7,2,NA,Main Field,No,C,Grasshopper Sparrow,0,0,0,0,0,0,0,
Dexter Drumlin,Eric Mueller,2025,7,2,NA,Main Field,No,D,Grasshopper Sparrow,0,0,0,0,0,0,0,
Dexter Drumlin,Eric Mueller,2025,7,2,NA,Main Field,No,E,Grasshopper Sparrow,0,0,0,0,0,0,0,
Dexter Drumlin,Eric Mueller,2025,7,2,NA,Main Field,No,A,Eastern Meadowlark,0,0,0,0,0,0,0,
Dexter Drumlin,Eric Mueller,2025,7,2,NA,Main Field,No,B,Eastern Meadowlark,0,0,0,0,0,0,0,
Dexter Drumlin,Eric Mueller,2025,7,2,NA,Main Field,No,C,Eastern Meadowlark,0,0,0,0,0,0,0,
Dexter Drumlin,Eric Mueller,2025,7,2,NA,Main Field,No,D,Eastern Meadowlark,0,0,0,0,0,0,0,
Dexter Drumlin,Eric Mueller,2025,7,2,NA,Main Field,No,E,Eastern Meadowlark,0,0,0,0,0,0,0,
Dexter Drumlin,Heidi Horton,2025,7,4,8:04,Main Field,No,A,Bobolink,0,0,0,0,0,0,0,
Dexter Drumlin,Heidi Horton,2025,7,4,8:14,Main Field,No,B,Bobolink,0,0,0,0,0,0,0,
Dexter Drumlin,Heidi Horton,2025,7,4,8:24,Main Field,No,C,Bobolink,0,0,0,0,0,0,0,
Dexter Drumlin,Heidi Horton,2025,7,4,8:35,Main Field,No,D,Bobolink,0,0,0,0,0,0,0,
Dexter Drumlin,Heidi Horton,2025,7,4,9:04,Main Field,No,E,Bobolink,0,1,1,0,0,0,1,
Dexter Drumlin,Heidi Horton,2025,7,4,8:04,Main Field,No,A,Savannah Sparrow,0,0,1,0,0,0,1,Bird heard not seen
Dexter Drumlin,Heidi Horton,2025,7,4,8:14,Main Field,No,B,Savannah Sparrow,0,0,2,0,0,1,3,Bird heard not seen
Dexter Drumlin,Heidi Horton,2025,7,4,8:24,Main Field,No,C,Savannah Sparrow,0,0,0,0,0,0,0,
Dexter Drumlin,Heidi Horton,2025,7,4,8:35,Main Field,No,D,Savannah Sparrow,0,0,0,0,0,0,0,
Dexter Drumlin,Heidi Horton,2025,7,4,9:04,Main Field,No,E,Savannah Sparrow,0,0,0,0,0,0,0,
Dexter Drumlin,Heidi Horton,2025,7,4,8:04,Main Field,No,A,Grasshopper Sparrow,0,0,0,0,0,0,0,
Dexter Drumlin,Heidi Horton,2025,7,4,8:14,Main Field,No,B,Grasshopper Sparrow,0,0,0,0,0,0,0,
Dexter Drumlin,Heidi Horton,2025,7,4,8:24,Main Field,No,C,Grasshopper Sparrow,0,0,0,0,0,0,0,
Dexter Drumlin,Heidi Horton,2025,7,4,8:35,Main Field,No,D,Grasshopper Sparrow,0,0,0,0,0,0,0,
Dexter Drumlin,Heidi Horton,2025,7,4,9:04,Main Field,No,E,Grasshopper Sparrow,0,0,0,0,0,0,0,
Dexter Drumlin,Heidi Horton,2025,7,4,8:04,Main Field,No,A,Eastern Meadowlark,0,0,0,0,0,0,0,
Dexter Drumlin,Heidi Horton,2025,7,4,8:14,Main Field,No,B,Eastern Meadowlark,0,0,0,0,0,0,0,
Dexter Drumlin,Heidi Horton,2025,7,4,8:24,Main Field,No,C,Eastern Meadowlark,0,0,0,0,0,0,0,
Dexter Drumlin,Heidi Horton,2025,7,4,8:35,Main Field,No,D,Eastern Meadowlark,0,0,0,0,0,0,0,
Dexter Drumlin,Heidi Horton,2025,7,4,9:04,Main Field,No,E,Eastern Meadowlark,0,0,0,0,0,0,0,
Dexter Drumlin,Heidi Horton,2025,7,11,8:54,Main Field,No,A,Bobolink,0,0,0,0,0,0,0,
Dexter Drumlin,Heidi Horton,2025,7,11,8:03,Main Field,No,B,Bobolink,0,0,0,0,0,0,0,
Dexter Drumlin,Heidi Horton,2025,7,11,8:13,Main Field,No,C,Bobolink,0,0,0,0,0,0,0,
Dexter Drumlin,Heidi Horton,2025,7,11,8:23,Main Field,No,D,Bobolink,0,0,0,0,0,0,0,
Dexter Drumlin,Heidi Horton,2025,7,11,8:42,Main Field,No,E,Bobolink,0,0,0,0,0,0,0,
Dexter Drumlin,Heidi Horton,2025,7,11,8:54,Main Field,No,A,Savannah Sparrow,0,0,2,0,0,0,2,Bird heard not seen
Dexter Drumlin,Heidi Horton,2025,7,11,8:03,Main Field,No,B,Savannah Sparrow,0,1,2,0,0,0,2,Bird heard not seen
Dexter Drumlin,Heidi Horton,2025,7,11,8:13,Main Field,No,C,Savannah Sparrow,0,0,0,0,0,0,0,
Dexter Drumlin,Heidi Horton,2025,7,11,8:23,Main Field,No,D,Savannah Sparrow,0,0,0,0,0,0,0,
Dexter Drumlin,Heidi Horton,2025,7,11,8:42,Main Field,No,E,Savannah Sparrow,0,0,0,0,0,0,0,
Dexter Drumlin,Heidi Horton,2025,7,11,8:54,Main Field,No,A,Grasshopper Sparrow,0,0,0,0,0,0,0,
Dexter Drumlin,Heidi Horton,2025,7,11,8:03,Main Field,No,B,Grasshopper Sparrow,0,0,0,0,0,0,0,
Dexter Drumlin,Heidi Horton,2025,7,11,8:13,Main Field,No,C,Grasshopper Sparrow,0,0,0,0,0,0,0,
Dexter Drumlin,Heidi Horton,2025,7,11,8:23,Main Field,No,D,Grasshopper Sparrow,0,0,0,0,0,0,0,
Dexter Drumlin,Heidi Horton,2025,7,11,8:42,Main Field,No,E,Grasshopper Sparrow,0,0,0,0,0,0,0,
Dexter Drumlin,Heidi Horton,2025,7,11,8:54,Main Field,No,A,Eastern Meadowlark,0,0,0,0,0,0,0,
Dexter Drumlin,Heidi Horton,2025,7,11,8:03,Main Field,No,B,Eastern Meadowlark,0,0,0,0,0,0,0,
Dexter Drumlin,Heidi Horton,2025,7,11,8:13,Main Field,No,C,Eastern Meadowlark,0,0,0,0,0,0,0,
Dexter Drumlin,Heidi Horton,2025,7,11,8:23,Main Field,No,D,Eastern Meadowlark,0,0,0,0,0,0,0,
Dexter Drumlin,Heidi Horton,2025,7,11,8:42,Main Field,No,E,Eastern Meadowlark,0,0,0,0,0,0,0,
Dexter Drumlin,Eric Mueller,2025,7,9,NA,Main Field,No,A,Bobolink,0,0,0,0,0,0,0,
Dexter Drumlin,Eric Mueller,2025,7,9,NA,Main Field,No,B,Bobolink,2,0,2,3,0,3,5,
Dexter Drumlin,Eric Mueller,2025,7,9,NA,Main Field,No,C,Bobolink,0,0,0,0,0,0,0,
Dexter Drumlin,Eric Mueller,2025,7,9,NA,Main Field,No,D,Bobolink,0,0,0,0,0,0,0,
Dexter Drumlin,Eric Mueller,2025,7,9,NA,Main Field,No,E,Bobolink,0,4,4,0,0,0,4,
Dexter Drumlin,Eric Mueller,2025,7,9,NA,Main Field,No,A,Savannah Sparrow,0,0,0,0,0,1,1,Bird heard not seen
Dexter Drumlin,Eric Mueller,2025,7,9,NA,Main Field,No,B,Savannah Sparrow,0,0,2,0,0,2,4,
Dexter Drumlin,Eric Mueller,2025,7,9,NA,Main Field,No,C,Savannah Sparrow,0,0,0,0,0,0,0,
Dexter Drumlin,Eric Mueller,2025,7,9,NA,Main Field,No,D,Savannah Sparrow,0,0,0,0,0,0,0,
Dexter Drumlin,Eric Mueller,2025,7,9,NA,Main Field,No,E,Savannah Sparrow,0,0,0,0,0,0,0,
Dexter Drumlin,Eric Mueller,2025,7,9,NA,Main Field,No,A,Grasshopper Sparrow,0,0,0,0,0,0,0,
Dexter Drumlin,Eric Mueller,2025,7,9,NA,Main Field,No,B,Grasshopper Sparrow,0,0,0,0,0,0,0,
Dexter Drumlin,Eric Mueller,2025,7,9,NA,Main Field,No,C,Grasshopper Sparrow,0,0,0,0,0,0,0,
Dexter Drumlin,Eric Mueller,2025,7,9,NA,Main Field,No,D,Grasshopper Sparrow,0,0,0,0,0,0,0,
Dexter Drumlin,Eric Mueller,2025,7,9,NA,Main Field,No,E,Grasshopper Sparrow,0,0,0,0,0,0,0,
Dexter Drumlin,Eric Mueller,2025,7,9,NA,Main Field,No,A,Eastern Meadowlark,0,0,0,0,0,0,0,
Dexter Drumlin,Eric Mueller,2025,7,9,NA,Main Field,No,B,Eastern Meadowlark,0,0,0,0,0,0,0,
Dexter Drumlin,Eric Mueller,2025,7,9,NA,Main Field,No,C,Eastern Meadowlark,0,0,0,0,0,0,0,
Dexter Drumlin,Eric Mueller,2025,7,9,NA,Main Field,No,D,Eastern Meadowlark,0,0,0,0,0,0,0,
Dexter Drumlin,Eric Mueller,2025,7,9,NA,Main Field,No,E,Eastern Meadowlark,0,0,0,0,0,0,0,
Dexter Drumlin,Eric Mueller,2025,7,16,7:18,Main Field,No,A,Bobolink,0,0,0,0,0,0,0,
Dexter Drumlin,Eric Mueller,2025,7,16,7:28,Main Field,No,B,Bobolink,0,1,1,0,7,7,8,
Dexter Drumlin,Eric Mueller,2025,7,16,7:37,Main Field,No,C,Bobolink,0,0,0,0,0,0,0,
Dexter Drumlin,Eric Mueller,2025,7,16,7:48,Main Field,No,D,Bobolink,0,0,0,0,0,0,0,
Dexter Drumlin,Eric Mueller,2025,7,16,8:06,Main Field,No,E,Bobolink,0,0,0,0,0,0,0,
Dexter Drumlin,Eric Mueller,2025,7,16,7:18,Main Field,No,A,Savannah Sparrow,0,0,0,0,0,1,1,
Dexter Drumlin,Eric Mueller,2025,7,16,7:28,Main Field,No,B,Savannah Sparrow,0,0,3,0,0,0,3,
Dexter Drumlin,Eric Mueller,2025,7,16,7:37,Main Field,No,C,Savannah Sparrow,0,0,0,0,0,0,0,
Dexter Drumlin,Eric Mueller,2025,7,16,7:48,Main Field,No,D,Savannah Sparrow,0,0,0,0,0,0,0,
Dexter Drumlin,Eric Mueller,2025,7,16,8:06,Main Field,No,E,Savannah Sparrow,0,0,0,0,0,0,0,
Dexter Drumlin,Eric Mueller,2025,7,16,7:18,Main Field,No,A,Grasshopper Sparrow,0,0,0,0,0,0,0,
Dexter Drumlin,Eric Mueller,2025,7,16,7:28,Main Field,No,B,Grasshopper Sparrow,0,0,0,0,0,0,0,
Dexter Drumlin,Eric Mueller,2025,7,16,7:37,Main Field,No,C,Grasshopper Sparrow,0,0,0,0,0,0,0,
Dexter Drumlin,Eric Mueller,2025,7,16,7:48,Main Field,No,D,Grasshopper Sparrow,0,0,0,0,0,0,0,
Dexter Drumlin,Eric Mueller,2025,7,16,8:06,Main Field,No,E,Grasshopper Sparrow,0,0,0,0,0,0,0,
Dexter Drumlin,Eric Mueller,2025,7,16,7:18,Main Field,No,A,Eastern Meadowlark,0,0,0,0,0,0,0,
Dexter Drumlin,Eric Mueller,2025,7,16,7:28,Main Field,No,B,Eastern Meadowlark,0,0,0,0,0,0,0,
Dexter Drumlin,Eric Mueller,2025,7,16,7:37,Main Field,No,C,Eastern Meadowlark,0,0,0,0,0,0,0,
Dexter Drumlin,Eric Mueller,2025,7,16,7:48,Main Field,No,D,Eastern Meadowlark,0,0,0,0,0,0,0,
Dexter Drumlin,Eric Mueller,2025,7,16,8:06,Main Field,No,E,Eastern Meadowlark,0,0,0,0,0,0,0,
Dexter Drumlin,Heidi Horton,2025,7,18,8:00,Main Field,No,A,Bobolink,0,0,0,0,0,0,0,
Dexter Drumlin,Heidi Horton,2025,7,18,7:52,Main Field,No,B,Bobolink,0,0,0,0,0,0,0,
Dexter Drumlin,Heidi Horton,2025,7,18,7:27,Main Field,No,C,Bobolink,0,0,1,0,0,0,1,Bird heard not seen
Dexter Drumlin,Heidi Horton,2025,7,18,7:36,Main Field,No,D,Bobolink,0,0,0,0,0,0,0,
Dexter Drumlin,Heidi Horton,2025,7,18,7:15,Main Field,No,E,Bobolink,0,0,0,0,0,0,0,
Dexter Drumlin,Heidi Horton,2025,7,18,8:00,Main Field,No,A,Savannah Sparrow,0,0,0,0,0,0,0,
Dexter Drumlin,Heidi Horton,2025,7,18,7:52,Main Field,No,B,Savannah Sparrow,0,0,0,0,0,1,1,
Dexter Drumlin,Heidi Horton,2025,7,18,7:27,Main Field,No,C,Savannah Sparrow,0,0,1,0,0,0,1,Bird heard not seen
Dexter Drumlin,Heidi Horton,2025,7,18,7:36,Main Field,No,D,Savannah Sparrow,0,0,0,0,0,0,0,
Dexter Drumlin,Heidi Horton,2025,7,18,7:15,Main Field,No,E,Savannah Sparrow,0,0,0,0,0,0,0,
Dexter Drumlin,Heidi Horton,2025,7,18,8:00,Main Field,No,A,Grasshopper Sparrow,0,0,0,0,0,0,0,
Dexter Drumlin,Heidi Horton,2025,7,18,7:52,Main Field,No,B,Grasshopper Sparrow,0,0,0,0,0,0,0,
Dexter Drumlin,Heidi Horton,2025,7,18,7:27,Main Field,No,C,Grasshopper Sparrow,0,0,0,0,0,0,0,
Dexter Drumlin,Heidi Horton,2025,7,18,7:36,Main Field,No,D,Grasshopper Sparrow,0,0,0,0,0,0,0,
Dexter Drumlin,Heidi Horton,2025,7,18,7:15,Main Field,No,E,Grasshopper Sparrow,0,0,0,0,0,0,0,
Dexter Drumlin,Heidi Horton,2025,7,18,8:00,Main Field,No,A,Eastern Meadowlark,0,0,0,0,0,0,0,
Dexter Drumlin,Heidi Horton,2025,7,18,7:52,Main Field,No,B,Eastern Meadowlark,0,0,0,0,0,0,0,
Dexter Drumlin,Heidi Horton,2025,7,18,7:27,Main Field,No,C,Eastern Meadowlark,0,0,0,0,0,0,0,
Dexter Drumlin,Heidi Horton,2025,7,18,7:36,Main Field,No,D,Eastern Meadowlark,0,0,0,0,0,0,0,
Dexter Drumlin,Heidi Horton,2025,7,18,7:15,Main Field,No,E,Eastern Meadowlark,0,0,0,0,0,0,0,
Doyle Community Park,Trevor Gannon,2025,6,20,8:40,Main Field,No,A,Bobolink,0,0,0,0,0,0,0,
Doyle Community Park,Trevor Gannon,2025,6,20,8:54,Main Field,No,B,Bobolink,0,0,0,0,0,0,0,
Doyle Community Park,Trevor Gannon,2025,6,20,9:02,Main Field,No,C,Bobolink,0,0,0,0,0,0,0,
Doyle Community Park,Trevor Gannon,2025,6,20,9:14,Main Field,No,D,Bobolink,0,0,0,0,0,0,0,
Doyle Community Park,Trevor Gannon,2025,6,20,8:33,Main Field,No,F,Bobolink,1,0,1,0,0,0,1,
Doyle Community Park,Trevor Gannon,2025,6,20,8:40,Main Field,No,A,Savannah Sparrow,0,0,0,0,0,0,0,
Doyle Community Park,Trevor Gannon,2025,6,20,8:54,Main Field,No,B,Savannah Sparrow,0,0,0,0,0,1,1,
Doyle Community Park,Trevor Gannon,2025,6,20,9:02,Main Field,No,C,Savannah Sparrow,0,0,1,0,0,1,2,
Doyle Community Park,Trevor Gannon,2025,6,20,9:14,Main Field,No,D,Savannah Sparrow,0,0,0,0,0,0,0,
Doyle Community Park,Trevor Gannon,2025,6,20,8:33,Main Field,No,F,Savannah Sparrow,0,0,0,0,0,0,0,
Doyle Community Park,Trevor Gannon,2025,6,20,8:40,Main Field,No,A,Grasshopper Sparrow,0,0,0,0,0,0,0,
Doyle Community Park,Trevor Gannon,2025,6,20,8:54,Main Field,No,B,Grasshopper Sparrow,0,0,0,0,0,0,0,
Doyle Community Park,Trevor Gannon,2025,6,20,9:02,Main Field,No,C,Grasshopper Sparrow,0,0,0,0,0,0,0,
Doyle Community Park,Trevor Gannon,2025,6,20,9:14,Main Field,No,D,Grasshopper Sparrow,0,0,0,0,0,0,0,
Doyle Community Park,Trevor Gannon,2025,6,20,8:33,Main Field,No,F,Grasshopper Sparrow,0,0,0,0,0,0,0,
Doyle Community Park,Trevor Gannon,2025,6,20,8:40,Main Field,No,A,Eastern Meadowlark,0,0,0,0,0,0,0,
Doyle Community Park,Trevor Gannon,2025,6,20,8:54,Main Field,No,B,Eastern Meadowlark,0,0,0,0,0,0,0,
Doyle Community Park,Trevor Gannon,2025,6,20,9:02,Main Field,No,C,Eastern Meadowlark,0,0,0,0,0,0,0,
Doyle Community Park,Trevor Gannon,2025,6,20,9:14,Main Field,No,D,Eastern Meadowlark,0,0,0,0,0,0,0,
Doyle Community Park,Trevor Gannon,2025,6,20,8:33,Main Field,No,F,Eastern Meadowlark,0,0,0,0,0,0,0,
Doyle Community Park,Claire Fron,2025,6,21,9:37,Main Field,No,A,Bobolink,0,0,0,0,0,0,0,
Doyle Community Park,Claire Fron,2025,6,21,9:45,Main Field,No,B,Bobolink,0,0,0,0,0,0,0,
Doyle Community Park,Claire Fron,2025,6,21,9:52,Main Field,No,C,Bobolink,0,0,0,0,0,0,0,
Doyle Community Park,Claire Fron,2025,6,21,10:02,Main Field,No,D,Bobolink,0,0,0,0,0,0,0,
Doyle Community Park,Claire Fron,2025,6,21,9:27,Main Field,No,F,Bobolink,0,0,0,0,0,0,0,
Doyle Community Park,Claire Fron,2025,6,21,9:37,Main Field,No,A,Savannah Sparrow,0,0,0,0,0,0,0,
Doyle Community Park,Claire Fron,2025,6,21,9:45,Main Field,No,B,Savannah Sparrow,0,0,0,0,0,0,0,
Doyle Community Park,Claire Fron,2025,6,21,9:52,Main Field,No,C,Savannah Sparrow,0,0,0,0,0,0,0,
Doyle Community Park,Claire Fron,2025,6,21,10:02,Main Field,No,D,Savannah Sparrow,0,0,0,0,0,0,0,
Doyle Community Park,Claire Fron,2025,6,21,9:27,Main Field,No,F,Savannah Sparrow,0,0,0,0,0,0,0,
Doyle Community Park,Claire Fron,2025,6,21,9:37,Main Field,No,A,Grasshopper Sparrow,0,0,0,0,0,0,0,
Doyle Community Park,Claire Fron,2025,6,21,9:45,Main Field,No,B,Grasshopper Sparrow,0,0,0,0,0,0,0,
Doyle Community Park,Claire Fron,2025,6,21,9:52,Main Field,No,C,Grasshopper Sparrow,0,0,0,0,0,0,0,
Doyle Community Park,Claire Fron,2025,6,21,10:02,Main Field,No,D,Grasshopper Sparrow,0,0,0,0,0,0,0,
Doyle Community Park,Claire Fron,2025,6,21,9:27,Main Field,No,F,Grasshopper Sparrow,0,0,0,0,0,0,0,
Doyle Community Park,Claire Fron,2025,6,21,9:37,Main Field,No,A,Eastern Meadowlark,0,0,0,0,0,0,0,
Doyle Community Park,Claire Fron,2025,6,21,9:45,Main Field,No,B,Eastern Meadowlark,0,0,0,0,0,0,0,
Doyle Community Park,Claire Fron,2025,6,21,9:52,Main Field,No,C,Eastern Meadowlark,0,0,0,0,0,0,0,
Doyle Community Park,Claire Fron,2025,6,21,10:02,Main Field,No,D,Eastern Meadowlark,0,0,0,0,0,0,0,
Doyle Community Park,Claire Fron,2025,6,21,9:27,Main Field,No,F,Eastern Meadowlark,0,0,0,0,0,0,0,
Doyle Community Park,Dani McDonald,2025,6,30,6:36,Main Field,No,A,Bobolink,0,0,0,0,0,0,0,
Doyle Community Park,Dani McDonald,2025,6,30,6:56,Main Field,No,B,Bobolink,0,0,0,0,0,0,0,
Doyle Community Park,Dani McDonald,2025,6,30,7:05,Main Field,No,C,Bobolink,0,0,0,0,0,0,0,
Doyle Community Park,Dani McDonald,2025,6,30,7:20,Main Field,No,D,Bobolink,0,0,0,0,0,0,0,
Doyle Community Park,Dani McDonald,2025,6,30,6:16,Main Field,No,F,Bobolink,0,0,0,0,0,0,0,
Doyle Community Park,Dani McDonald,2025,6,30,6:36,Main Field,No,A,Savannah Sparrow,0,0,0,0,0,0,0,
Doyle Community Park,Dani McDonald,2025,6,30,6:56,Main Field,No,B,Savannah Sparrow,0,0,0,0,0,0,0,
Doyle Community Park,Dani McDonald,2025,6,30,7:05,Main Field,No,C,Savannah Sparrow,0,0,0,0,0,0,0,
Doyle Community Park,Dani McDonald,2025,6,30,7:20,Main Field,No,D,Savannah Sparrow,0,0,0,0,0,0,0,
Doyle Community Park,Dani McDonald,2025,6,30,6:16,Main Field,No,F,Savannah Sparrow,0,0,0,0,0,0,0,
Doyle Community Park,Dani McDonald,2025,6,30,6:36,Main Field,No,A,Grasshopper Sparrow,0,0,0,0,0,0,0,
Doyle Community Park,Dani McDonald,2025,6,30,6:56,Main Field,No,B,Grasshopper Sparrow,0,0,0,0,0,0,0,
Doyle Community Park,Dani McDonald,2025,6,30,7:05,Main Field,No,C,Grasshopper Sparrow,0,0,0,0,0,0,0,
Doyle Community Park,Dani McDonald,2025,6,30,7:20,Main Field,No,D,Grasshopper Sparrow,0,0,0,0,0,0,0,
Doyle Community Park,Dani McDonald,2025,6,30,6:16,Main Field,No,F,Grasshopper Sparrow,0,0,0,0,0,0,0,
Doyle Community Park,Dani McDonald,2025,6,30,6:36,Main Field,No,A,Eastern Meadowlark,0,0,0,0,0,0,0,
Doyle Community Park,Dani McDonald,2025,6,30,6:56,Main Field,No,B,Eastern Meadowlark,0,0,0,0,0,0,0,
Doyle Community Park,Dani McDonald,2025,6,30,7:05,Main Field,No,C,Eastern Meadowlark,0,0,0,0,0,0,0,
Doyle Community Park,Dani McDonald,2025,6,30,7:20,Main Field,No,D,Eastern Meadowlark,0,0,0,0,0,0,0,
Doyle Community Park,Dani McDonald,2025,6,30,6:16,Main Field,No,F,Eastern Meadowlark,0,0,0,0,0,0,0,
Doyle Community Park,Dani McDonald,2025,7,13,7:04,Main Field,No,A,Bobolink,0,0,0,0,0,0,0,
Doyle Community Park,Dani McDonald,2025,7,13,7:22,Main Field,No,B,Bobolink,0,0,0,0,0,0,0,
Doyle Community Park,Dani McDonald,2025,7,13,7:35,Main Field,No,C,Bobolink,0,0,0,0,0,0,0,
Doyle Community Park,Dani McDonald,2025,7,13,7:57,Main Field,No,D,Bobolink,0,0,0,0,0,0,0,
Doyle Community Park,Dani McDonald,2025,7,13,6:52,Main Field,No,F,Bobolink,0,0,0,0,0,0,0,
Doyle Community Park,Dani McDonald,2025,7,13,7:04,Main Field,No,A,Savannah Sparrow,0,0,0,0,0,0,0,
Doyle Community Park,Dani McDonald,2025,7,13,7:22,Main Field,No,B,Savannah Sparrow,0,0,0,0,0,0,0,
Doyle Community Park,Dani McDonald,2025,7,13,7:35,Main Field,No,C,Savannah Sparrow,0,0,0,0,0,0,0,
Doyle Community Park,Dani McDonald,2025,7,13,7:57,Main Field,No,D,Savannah Sparrow,0,0,0,0,0,0,0,
Doyle Community Park,Dani McDonald,2025,7,13,6:52,Main Field,No,F,Savannah Sparrow,0,0,0,0,0,0,0,
Doyle Community Park,Dani McDonald,2025,7,13,7:04,Main Field,No,A,Grasshopper Sparrow,0,0,0,0,0,0,0,
Doyle Community Park,Dani McDonald,2025,7,13,7:22,Main Field,No,B,Grasshopper Sparrow,0,0,0,0,0,0,0,
Doyle Community Park,Dani McDonald,2025,7,13,7:35,Main Field,No,C,Grasshopper Sparrow,0,0,0,0,0,0,0,
Doyle Community Park,Dani McDonald,2025,7,13,7:57,Main Field,No,D,Grasshopper Sparrow,0,0,0,0,0,0,0,
Doyle Community Park,Dani McDonald,2025,7,13,6:52,Main Field,No,F,Grasshopper Sparrow,0,0,0,0,0,0,0,
Doyle Community Park,Dani McDonald,2025,7,13,7:04,Main Field,No,A,Eastern Meadowlark,0,0,0,0,0,0,0,
Doyle Community Park,Dani McDonald,2025,7,13,7:22,Main Field,No,B,Eastern Meadowlark,0,0,0,0,0,0,0,
Doyle Community Park,Dani McDonald,2025,7,13,7:35,Main Field,No,C,Eastern Meadowlark,0,0,0,0,0,0,0,
Doyle Community Park,Dani McDonald,2025,7,13,7:57,Main Field,No,D,Eastern Meadowlark,0,0,0,0,0,0,0,
Doyle Community Park,Dani McDonald,2025,7,13,6:52,Main Field,No,F,Eastern Meadowlark,0,0,0,0,0,0,0,
Doyle Community Park,Trevor Gannon,2025,7,19,7:39,Main Field,No,A,Bobolink,0,0,0,0,0,0,0,
Doyle Community Park,Trevor Gannon,2025,7,19,8:07,Main Field,No,B,Bobolink,0,0,0,0,0,0,0,
Doyle Community Park,Trevor Gannon,2025,7,19,8:14,Main Field,No,C,Bobolink,0,0,0,0,0,0,0,
Doyle Community Park,Trevor Gannon,2025,7,19,8:24,Main Field,No,D,Bobolink,0,0,0,0,0,0,0,
Doyle Community Park,Trevor Gannon,2025,7,19,7:31,Main Field,No,F,Bobolink,0,0,0,0,0,0,0,
Doyle Community Park,Trevor Gannon,2025,7,19,7:39,Main Field,No,A,Savannah Sparrow,0,0,0,0,0,0,0,
Doyle Community Park,Trevor Gannon,2025,7,19,8:07,Main Field,No,B,Savannah Sparrow,0,0,0,0,0,0,0,
Doyle Community Park,Trevor Gannon,2025,7,19,8:14,Main Field,No,C,Savannah Sparrow,0,0,0,0,0,0,0,
Doyle Community Park,Trevor Gannon,2025,7,19,8:24,Main Field,No,D,Savannah Sparrow,0,0,0,0,0,0,0,
Doyle Community Park,Trevor Gannon,2025,7,19,7:31,Main Field,No,F,Savannah Sparrow,0,0,0,0,0,4,4,
Doyle Community Park,Trevor Gannon,2025,7,19,7:39,Main Field,No,A,Grasshopper Sparrow,0,0,0,0,0,0,0,
Doyle Community Park,Trevor Gannon,2025,7,19,8:07,Main Field,No,B,Grasshopper Sparrow,0,0,0,0,0,0,0,
Doyle Community Park,Trevor Gannon,2025,7,19,8:14,Main Field,No,C,Grasshopper Sparrow,0,0,0,0,0,0,0,
Doyle Community Park,Trevor Gannon,2025,7,19,8:24,Main Field,No,D,Grasshopper Sparrow,0,0,0,0,0,0,0,
Doyle Community Park,Trevor Gannon,2025,7,19,7:31,Main Field,No,F,Grasshopper Sparrow,0,0,0,0,0,0,0,
Doyle Community Park,Trevor Gannon,2025,7,19,7:39,Main Field,No,A,Eastern Meadowlark,0,0,0,0,0,0,0,
Doyle Community Park,Trevor Gannon,2025,7,19,8:07,Main Field,No,B,Eastern Meadowlark,0,0,0,0,0,0,0,
Doyle Community Park,Trevor Gannon,2025,7,19,8:14,Main Field,No,C,Eastern Meadowlark,0,0,0,0,0,0,0,
Doyle Community Park,Trevor Gannon,2025,7,19,8:24,Main Field,No,D,Eastern Meadowlark,0,0,0,0,0,0,0,
Doyle Community Park,Trevor Gannon,2025,7,19,7:31,Main Field,No,F,Eastern Meadowlark,0,0,0,0,0,0,0,
Doyle Community Park,Claire Fron,2025,7,18,9:38,Main Field,No,A,Bobolink,0,0,0,0,0,0,0,
Doyle Community Park,Claire Fron,2025,7,18,9:46,Main Field,No,B,Bobolink,0,0,0,0,0,0,0,
Doyle Community Park,Claire Fron,2025,7,18,9:53,Main Field,No,C,Bobolink,0,0,0,0,0,0,0,
Doyle Community Park,Claire Fron,2025,7,18,10:04,Main Field,No,D,Bobolink,0,0,0,0,0,0,0,
Doyle Community Park,Claire Fron,2025,7,18,9:29,Main Field,No,F,Bobolink,0,0,0,0,0,0,0,
Doyle Community Park,Claire Fron,2025,7,18,9:38,Main Field,No,A,Savannah Sparrow,0,0,0,0,0,0,0,
Doyle Community Park,Claire Fron,2025,7,18,9:46,Main Field,No,B,Savannah Sparrow,0,0,0,0,0,0,0,
Doyle Community Park,Claire Fron,2025,7,18,9:53,Main Field,No,C,Savannah Sparrow,0,0,0,0,0,0,0,
Doyle Community Park,Claire Fron,2025,7,18,10:04,Main Field,No,D,Savannah Sparrow,0,0,0,0,0,0,0,
Doyle Community Park,Claire Fron,2025,7,18,9:29,Main Field,No,F,Savannah Sparrow,0,0,0,0,0,0,0,
Doyle Community Park,Claire Fron,2025,7,18,9:38,Main Field,No,A,Grasshopper Sparrow,0,0,0,0,0,0,0,
Doyle Community Park,Claire Fron,2025,7,18,9:46,Main Field,No,B,Grasshopper Sparrow,0,0,0,0,0,0,0,
Doyle Community Park,Claire Fron,2025,7,18,9:53,Main Field,No,C,Grasshopper Sparrow,0,0,0,0,0,0,0,
Doyle Community Park,Claire Fron,2025,7,18,10:04,Main Field,No,D,Grasshopper Sparrow,0,0,0,0,0,0,0,
Doyle Community Park,Claire Fron,2025,7,18,9:29,Main Field,No,F,Grasshopper Sparrow,0,0,0,0,0,0,0,
Doyle Community Park,Claire Fron,2025,7,18,9:38,Main Field,No,A,Eastern Meadowlark,0,0,0,0,0,0,0,
Doyle Community Park,Claire Fron,2025,7,18,9:46,Main Field,No,B,Eastern Meadowlark,0,0,0,0,0,0,0,
Doyle Community Park,Claire Fron,2025,7,18,9:53,Main Field,No,C,Eastern Meadowlark,0,0,0,0,0,0,0,
Doyle Community Park,Claire Fron,2025,7,18,10:04,Main Field,No,D,Eastern Meadowlark,0,0,0,0,0,0,0,
Doyle Community Park,Claire Fron,2025,7,18,9:29,Main Field,No,F,Eastern Meadowlark,0,0,0,0,0,0,0,
Doyle Community Park,Dani McDonald,2025,7,20,9:58,Main Field,No,A,Bobolink,0,0,0,0,0,0,0,
Doyle Community Park,Dani McDonald,2025,7,20,10:08,Main Field,No,B,Bobolink,0,0,0,0,0,0,0,
Doyle Community Park,Dani McDonald,2025,7,20,10:15,Main Field,No,C,Bobolink,0,0,0,0,0,0,0,
Doyle Community Park,Dani McDonald,2025,7,20,10:25,Main Field,No,D,Bobolink,0,0,0,0,0,0,0,
Doyle Community Park,Dani McDonald,2025,7,20,9:50,Main Field,No,F,Bobolink,0,0,0,0,0,0,0,
Doyle Community Park,Dani McDonald,2025,7,20,9:58,Main Field,No,A,Savannah Sparrow,0,0,0,0,0,0,0,
Doyle Community Park,Dani McDonald,2025,7,20,10:08,Main Field,No,B,Savannah Sparrow,0,0,0,0,0,0,0,
Doyle Community Park,Dani McDonald,2025,7,20,10:15,Main Field,No,C,Savannah Sparrow,0,0,0,0,0,0,0,
Doyle Community Park,Dani McDonald,2025,7,20,10:25,Main Field,No,D,Savannah Sparrow,0,0,0,0,0,0,0,
Doyle Community Park,Dani McDonald,2025,7,20,9:50,Main Field,No,F,Savannah Sparrow,0,0,0,0,0,0,0,
Doyle Community Park,Dani McDonald,2025,7,20,9:58,Main Field,No,A,Grasshopper Sparrow,0,0,0,0,0,0,0,
Doyle Community Park,Dani McDonald,2025,7,20,10:08,Main Field,No,B,Grasshopper Sparrow,0,0,0,0,0,0,0,
Doyle Community Park,Dani McDonald,2025,7,20,10:15,Main Field,No,C,Grasshopper Sparrow,0,0,0,0,0,0,0,
Doyle Community Park,Dani McDonald,2025,7,20,10:25,Main Field,No,D,Grasshopper Sparrow,0,0,0,0,0,0,0,
Doyle Community Park,Dani McDonald,2025,7,20,9:50,Main Field,No,F,Grasshopper Sparrow,0,0,0,0,0,0,0,
Doyle Community Park,Dani McDonald,2025,7,20,9:58,Main Field,No,A,Eastern Meadowlark,0,0,0,0,0,0,0,
Doyle Community Park,Dani McDonald,2025,7,20,10:08,Main Field,No,B,Eastern Meadowlark,0,0,0,0,0,0,0,
Doyle Community Park,Dani McDonald,2025,7,20,10:15,Main Field,No,C,Eastern Meadowlark,0,0,0,0,0,0,0,
Doyle Community Park,Dani McDonald,2025,7,20,10:25,Main Field,No,D,Eastern Meadowlark,0,0,0,0,0,0,0,
Doyle Community Park,Dani McDonald,2025,7,20,9:50,Main Field,No,F,Eastern Meadowlark,0,0,0,0,0,0,0,
East Over Reservation,Mandy McBarron,2025,5,12,7:15,Grassland 1,No,A,Bobolink,0,0,0,0,0,0,0,
East Over Reservation,Mandy McBarron,2025,5,12,7:26,Grassland 1,No,B,Bobolink,0,0,0,0,0,0,0,
East Over Reservation,Mandy McBarron,2025,5,12,7:38,Grassland 2,No,C,Bobolink,0,0,0,0,0,0,0,
East Over Reservation,Mandy McBarron,2025,5,12,7:51,Grassland 2,No,D,Bobolink,0,0,0,0,0,0,0,
East Over Reservation,Mandy McBarron,2025,5,12,7:56,Grassland 3,No,D,Bobolink,0,0,0,0,0,0,0,
East Over Reservation,Mandy McBarron,2025,5,12,8:10,Grassland 3,No,E,Bobolink,0,0,0,0,0,0,0,
East Over Reservation,Mandy McBarron,2025,5,12,8:15,Grassland 1,No,E,Bobolink,0,0,0,0,0,0,0,
East Over Reservation,Mandy McBarron,2025,5,12,8:30,Grassland 5,No,F,Bobolink,0,0,0,0,0,0,0,
East Over Reservation,Mandy McBarron,2025,5,12,8:43,Grassland 6,No,G,Bobolink,0,0,0,0,0,0,0,
East Over Reservation,Mandy McBarron,2025,5,12,8:55,Grassland 7,No,H,Bobolink,0,0,0,0,0,0,0,
East Over Reservation,Mandy McBarron,2025,5,12,9:20,Grassland 7,No,I,Bobolink,0,0,0,0,0,0,0,
East Over Reservation,Mandy McBarron,2025,5,12,9:32,Grassland 8,No,J,Bobolink,0,0,0,0,0,0,0,
East Over Reservation,Mandy McBarron,2025,5,12,7:15,Grassland 1,No,A,Savannah Sparrow,0,0,0,0,0,0,0,
East Over Reservation,Mandy McBarron,2025,5,12,7:26,Grassland 1,No,B,Savannah Sparrow,0,0,0,0,0,0,0,
East Over Reservation,Mandy McBarron,2025,5,12,7:38,Grassland 2,No,C,Savannah Sparrow,0,0,0,0,0,0,0,
East Over Reservation,Mandy McBarron,2025,5,12,7:51,Grassland 2,No,D,Savannah Sparrow,0,0,0,0,0,0,0,
East Over Reservation,Mandy McBarron,2025,5,12,7:56,Grassland 3,No,D,Savannah Sparrow,0,0,0,0,0,0,0,
East Over Reservation,Mandy McBarron,2025,5,12,8:10,Grassland 3,No,E,Savannah Sparrow,0,0,0,0,0,0,0,
East Over Reservation,Mandy McBarron,2025,5,12,8:15,Grassland 1,No,E,Savannah Sparrow,0,0,0,0,0,0,0,
East Over Reservation,Mandy McBarron,2025,5,12,8:30,Grassland 5,No,F,Savannah Sparrow,0,0,0,0,0,0,0,
East Over Reservation,Mandy McBarron,2025,5,12,8:43,Grassland 6,No,G,Savannah Sparrow,0,0,0,0,0,0,0,
East Over Reservation,Mandy McBarron,2025,5,12,8:55,Grassland 7,No,H,Savannah Sparrow,0,0,0,0,0,0,0,
East Over Reservation,Mandy McBarron,2025,5,12,9:20,Grassland 7,No,I,Savannah Sparrow,0,0,0,0,0,0,0,
East Over Reservation,Mandy McBarron,2025,5,12,9:32,Grassland 8,No,J,Savannah Sparrow,0,0,0,0,0,0,0,
East Over Reservation,Mandy McBarron,2025,5,12,7:15,Grassland 1,No,A,Grasshopper Sparrow,0,0,0,0,0,0,0,
East Over Reservation,Mandy McBarron,2025,5,12,7:26,Grassland 1,No,B,Grasshopper Sparrow,0,0,0,0,0,0,0,
East Over Reservation,Mandy McBarron,2025,5,12,7:38,Grassland 2,No,C,Grasshopper Sparrow,0,0,0,0,0,0,0,
East Over Reservation,Mandy McBarron,2025,5,12,7:51,Grassland 2,No,D,Grasshopper Sparrow,0,0,0,0,0,0,0,
East Over Reservation,Mandy McBarron,2025,5,12,7:56,Grassland 3,No,D,Grasshopper Sparrow,0,0,0,0,0,0,0,
East Over Reservation,Mandy McBarron,2025,5,12,8:10,Grassland 3,No,E,Grasshopper Sparrow,0,0,0,0,0,0,0,
East Over Reservation,Mandy McBarron,2025,5,12,8:15,Grassland 1,No,E,Grasshopper Sparrow,0,0,0,0,0,0,0,
East Over Reservation,Mandy McBarron,2025,5,12,8:30,Grassland 5,No,F,Grasshopper Sparrow,0,0,0,0,0,0,0,
East Over Reservation,Mandy McBarron,2025,5,12,8:43,Grassland 6,No,G,Grasshopper Sparrow,0,0,0,0,0,0,0,
East Over Reservation,Mandy McBarron,2025,5,12,8:55,Grassland 7,No,H,Grasshopper Sparrow,0,0,0,0,0,0,0,
East Over Reservation,Mandy McBarron,2025,5,12,9:20,Grassland 7,No,I,Grasshopper Sparrow,0,0,0,0,0,0,0,
East Over Reservation,Mandy McBarron,2025,5,12,9:32,Grassland 8,No,J,Grasshopper Sparrow,0,0,0,0,0,0,0,
East Over Reservation,Mandy McBarron,2025,5,12,7:15,Grassland 1,No,A,Eastern Meadowlark,0,0,0,0,0,0,0,
East Over Reservation,Mandy McBarron,2025,5,12,7:26,Grassland 1,No,B,Eastern Meadowlark,0,0,0,0,0,0,0,
East Over Reservation,Mandy McBarron,2025,5,12,7:38,Grassland 2,No,C,Eastern Meadowlark,0,0,0,0,0,0,0,
East Over Reservation,Mandy McBarron,2025,5,12,7:51,Grassland 2,No,D,Eastern Meadowlark,0,0,0,0,0,0,0,
East Over Reservation,Mandy McBarron,2025,5,12,7:56,Grassland 3,No,D,Eastern Meadowlark,0,0,0,0,0,0,0,
East Over Reservation,Mandy McBarron,2025,5,12,8:10,Grassland 3,No,E,Eastern Meadowlark,0,0,0,0,0,0,0,
East Over Reservation,Mandy McBarron,2025,5,12,8:15,Grassland 1,No,E,Eastern Meadowlark,0,0,0,0,0,1,1,Bird heard not seen
East Over Reservation,Mandy McBarron,2025,5,12,8:30,Grassland 5,No,F,Eastern Meadowlark,0,0,0,0,0,0,0,
East Over Reservation,Mandy McBarron,2025,5,12,8:43,Grassland 6,No,G,Eastern Meadowlark,0,0,0,0,0,0,0,
East Over Reservation,Mandy McBarron,2025,5,12,8:55,Grassland 7,No,H,Eastern Meadowlark,0,0,0,0,0,0,0,
East Over Reservation,Mandy McBarron,2025,5,12,9:20,Grassland 7,No,I,Eastern Meadowlark,0,0,0,0,0,0,0,
East Over Reservation,Mandy McBarron,2025,5,12,9:32,Grassland 8,No,J,Eastern Meadowlark,0,0,0,0,0,0,0,
East Over Reservation,Mandy McBarron,2025,5,21,8:16,Grassland 1,No,A,Bobolink,0,0,0,0,0,0,0,
East Over Reservation,Mandy McBarron,2025,5,21,8:24,Grassland 1,No,B,Bobolink,0,0,0,0,0,0,0,
East Over Reservation,Mandy McBarron,2025,5,21,8:34,Grassland 2,No,C,Bobolink,0,0,0,0,0,0,0,
East Over Reservation,Mandy McBarron,2025,5,21,8:43,Grassland 2,No,D,Bobolink,0,0,0,0,0,0,0,
East Over Reservation,Mandy McBarron,2025,5,21,8:48,Grassland 3,No,D,Bobolink,0,0,0,0,0,0,0,
East Over Reservation,Mandy McBarron,2025,5,21,9:00,Grassland 3,No,E,Bobolink,0,0,0,0,0,0,0,
East Over Reservation,Mandy McBarron,2025,5,21,9:05,Grassland 1,No,E,Bobolink,0,0,0,0,0,0,0,
East Over Reservation,Mandy McBarron,2025,5,21,9:17,Grassland 5,No,F,Bobolink,0,0,0,0,0,0,0,
East Over Reservation,Mandy McBarron,2025,5,21,9:33,Grassland 6,No,G,Bobolink,0,0,0,0,0,0,0,
East Over Reservation,Mandy McBarron,2025,5,21,9:22,Grassland 7,No,H,Bobolink,0,0,0,0,0,0,0,
East Over Reservation,Mandy McBarron,2025,5,21,9:59,Grassland 7,No,I,Bobolink,0,0,0,0,0,0,0,
East Over Reservation,Mandy McBarron,2025,5,21,9:48,Grassland 8,No,J,Bobolink,0,0,0,0,0,0,0,
East Over Reservation,Mandy McBarron,2025,5,21,8:16,Grassland 1,No,A,Savannah Sparrow,0,0,0,0,0,0,0,
East Over Reservation,Mandy McBarron,2025,5,21,8:24,Grassland 1,No,B,Savannah Sparrow,0,0,0,0,0,0,0,
East Over Reservation,Mandy McBarron,2025,5,21,8:34,Grassland 2,No,C,Savannah Sparrow,0,0,0,0,0,0,0,
East Over Reservation,Mandy McBarron,2025,5,21,8:43,Grassland 2,No,D,Savannah Sparrow,0,0,0,0,0,0,0,
East Over Reservation,Mandy McBarron,2025,5,21,8:48,Grassland 3,No,D,Savannah Sparrow,0,0,0,0,0,0,0,
East Over Reservation,Mandy McBarron,2025,5,21,9:00,Grassland 3,No,E,Savannah Sparrow,0,0,0,0,0,0,0,
East Over Reservation,Mandy McBarron,2025,5,21,9:05,Grassland 1,No,E,Savannah Sparrow,0,0,0,0,0,0,0,
East Over Reservation,Mandy McBarron,2025,5,21,9:17,Grassland 5,No,F,Savannah Sparrow,0,0,0,0,0,0,0,
East Over Reservation,Mandy McBarron,2025,5,21,9:33,Grassland 6,No,G,Savannah Sparrow,0,0,0,0,0,0,0,
East Over Reservation,Mandy McBarron,2025,5,21,9:22,Grassland 7,No,H,Savannah Sparrow,0,0,0,0,0,0,0,
East Over Reservation,Mandy McBarron,2025,5,21,9:59,Grassland 7,No,I,Savannah Sparrow,0,0,0,0,0,0,0,
East Over Reservation,Mandy McBarron,2025,5,21,9:48,Grassland 8,No,J,Savannah Sparrow,0,0,0,0,0,0,0,
East Over Reservation,Mandy McBarron,2025,5,21,8:16,Grassland 1,No,A,Grasshopper Sparrow,0,0,0,0,0,0,0,
East Over Reservation,Mandy McBarron,2025,5,21,8:24,Grassland 1,No,B,Grasshopper Sparrow,0,0,0,0,0,0,0,
East Over Reservation,Mandy McBarron,2025,5,21,8:34,Grassland 2,No,C,Grasshopper Sparrow,0,0,0,0,0,0,0,
East Over Reservation,Mandy McBarron,2025,5,21,8:43,Grassland 2,No,D,Grasshopper Sparrow,0,0,0,0,0,0,0,
East Over Reservation,Mandy McBarron,2025,5,21,8:48,Grassland 3,No,D,Grasshopper Sparrow,0,0,0,0,0,0,0,
East Over Reservation,Mandy McBarron,2025,5,21,9:00,Grassland 3,No,E,Grasshopper Sparrow,0,0,0,0,0,0,0,
East Over Reservation,Mandy McBarron,2025,5,21,9:05,Grassland 1,No,E,Grasshopper Sparrow,0,0,0,0,0,0,0,
East Over Reservation,Mandy McBarron,2025,5,21,9:17,Grassland 5,No,F,Grasshopper Sparrow,0,0,0,0,0,0,0,
East Over Reservation,Mandy McBarron,2025,5,21,9:33,Grassland 6,No,G,Grasshopper Sparrow,0,0,0,0,0,0,0,
East Over Reservation,Mandy McBarron,2025,5,21,9:22,Grassland 7,No,H,Grasshopper Sparrow,0,0,0,0,0,0,0,
East Over Reservation,Mandy McBarron,2025,5,21,9:59,Grassland 7,No,I,Grasshopper Sparrow,0,0,0,0,0,0,0,
East Over Reservation,Mandy McBarron,2025,5,21,9:48,Grassland 8,No,J,Grasshopper Sparrow,0,0,0,0,0,0,0,
East Over Reservation,Mandy McBarron,2025,5,21,8:16,Grassland 1,No,A,Eastern Meadowlark,0,0,0,0,0,0,0,
East Over Reservation,Mandy McBarron,2025,5,21,8:24,Grassland 1,No,B,Eastern Meadowlark,0,0,0,0,0,0,0,
East Over Reservation,Mandy McBarron,2025,5,21,8:34,Grassland 2,No,C,Eastern Meadowlark,0,0,0,0,0,0,0,
East Over Reservation,Mandy McBarron,2025,5,21,8:43,Grassland 2,No,D,Eastern Meadowlark,0,0,0,0,0,0,0,
East Over Reservation,Mandy McBarron,2025,5,21,8:48,Grassland 3,No,D,Eastern Meadowlark,0,0,0,0,0,0,0,
East Over Reservation,Mandy McBarron,2025,5,21,9:00,Grassland 3,No,E,Eastern Meadowlark,0,0,0,0,0,0,0,
East Over Reservation,Mandy McBarron,2025,5,21,9:05,Grassland 1,No,E,Eastern Meadowlark,0,0,0,0,0,0,0,
East Over Reservation,Mandy McBarron,2025,5,21,9:17,Grassland 5,No,F,Eastern Meadowlark,0,0,0,0,0,0,0,
East Over Reservation,Mandy McBarron,2025,5,21,9:33,Grassland 6,No,G,Eastern Meadowlark,0,0,0,0,0,0,0,
East Over Reservation,Mandy McBarron,2025,5,21,9:22,Grassland 7,No,H,Eastern Meadowlark,0,0,0,0,0,0,0,
East Over Reservation,Mandy McBarron,2025,5,21,9:59,Grassland 7,No,I,Eastern Meadowlark,0,0,0,0,0,0,0,
East Over Reservation,Mandy McBarron,2025,5,21,9:48,Grassland 8,No,J,Eastern Meadowlark,0,0,0,0,0,0,0,
Field Farm,Peter Rogers,2025,5,14,8:14,North Field Front,No,A,Bobolink,1,0,1,12,0,12,13,
Field Farm,Peter Rogers,2025,5,14,8:20,North Field Front,No,B,Bobolink,0,0,0,0,0,0,0,
Field Farm,Peter Rogers,2025,5,14,8:26,North Field Front,No,C,Bobolink,0,0,0,0,0,0,0,
Field Farm,Peter Rogers,2025,5,14,8:34,North Field Front,No,D,Bobolink,0,0,0,0,0,0,0,
Field Farm,Peter Rogers,2025,5,14,8:58,North Field Front,No,E,Bobolink,8,0,8,3,0,3,11,
Field Farm,Peter Rogers,2025,5,14,9:07,North Field Front,No,F,Bobolink,1,0,1,5,0,5,6,
Field Farm,Peter Rogers,2025,5,14,9:13,North Field East,No,F,Bobolink,0,0,0,3,0,3,3,
Field Farm,Peter Rogers,2025,5,14,9:22,North Field East,No,G,Bobolink,4,0,4,0,0,0,4,
Field Farm,Peter Rogers,2025,5,14,9:30,North Field East,No,H,Bobolink,1,0,1,6,0,6,7,
Field Farm,Peter Rogers,2025,5,14,10:40,North Field East,No,I,Bobolink,0,0,0,0,0,0,0,
Field Farm,Peter Rogers,2025,5,14,9:38,North Field Front,No,J,Bobolink,0,0,5,0,0,3,8,
Field Farm,Peter Rogers,2025,5,14,9:46,North Field Front,No,K,Bobolink,5,1,6,7,0,7,13,Flyovers
Field Farm,Peter Rogers,2025,5,14,9:58,South Field,No,L,Bobolink,0,0,0,2,0,2,2,
Field Farm,Peter Rogers,2025,5,14,10:07,South Field,No,M,Bobolink,4,0,4,4,0,4,8,
Field Farm,Peter Rogers,2025,5,14,10:16,South Field,No,N,Bobolink,0,0,0,0,0,1,1,
Field Farm,Peter Rogers,2025,5,14,10:24,South Field,No,O,Bobolink,9,1,10,2,0,2,12,
Field Farm,Peter Rogers,2025,5,14,10:33,South Field,No,P,Bobolink,1,0,1,3,0,3,4,
Field Farm,Peter Rogers,2025,5,14,8:14,North Field Front,No,A,Savannah Sparrow,0,0,0,0,0,0,0,
Field Farm,Peter Rogers,2025,5,14,8:20,North Field Front,No,B,Savannah Sparrow,0,0,0,0,0,0,0,
Field Farm,Peter Rogers,2025,5,14,8:26,North Field Front,No,C,Savannah Sparrow,0,0,0,0,0,0,0,
Field Farm,Peter Rogers,2025,5,14,8:34,North Field Front,No,D,Savannah Sparrow,0,0,0,0,0,0,0,
Field Farm,Peter Rogers,2025,5,14,8:58,North Field Front,No,E,Savannah Sparrow,0,0,0,0,0,0,0,
Field Farm,Peter Rogers,2025,5,14,9:07,North Field Front,No,F,Savannah Sparrow,0,0,0,0,0,0,0,
Field Farm,Peter Rogers,2025,5,14,9:13,North Field East,No,F,Savannah Sparrow,0,0,0,0,0,0,0,
Field Farm,Peter Rogers,2025,5,14,9:22,North Field East,No,G,Savannah Sparrow,0,0,0,0,0,0,0,
Field Farm,Peter Rogers,2025,5,14,9:30,North Field East,No,H,Savannah Sparrow,0,0,0,0,0,0,0,
Field Farm,Peter Rogers,2025,5,14,10:40,North Field East,No,I,Savannah Sparrow,0,0,0,0,0,0,0,
Field Farm,Peter Rogers,2025,5,14,9:38,North Field Front,No,J,Savannah Sparrow,0,0,0,0,0,0,0,
Field Farm,Peter Rogers,2025,5,14,9:46,North Field Front,No,K,Savannah Sparrow,0,0,0,0,0,0,0,
Field Farm,Peter Rogers,2025,5,14,9:58,South Field,No,L,Savannah Sparrow,0,0,0,0,0,0,0,
Field Farm,Peter Rogers,2025,5,14,10:07,South Field,No,M,Savannah Sparrow,0,0,0,0,0,0,0,
Field Farm,Peter Rogers,2025,5,14,10:16,South Field,No,N,Savannah Sparrow,0,0,0,0,0,0,0,
Field Farm,Peter Rogers,2025,5,14,10:24,South Field,No,O,Savannah Sparrow,0,0,0,0,0,0,0,
Field Farm,Peter Rogers,2025,5,14,10:33,South Field,No,P,Savannah Sparrow,0,0,0,0,0,0,0,
Field Farm,Peter Rogers,2025,5,14,8:14,North Field Front,No,A,Grasshopper Sparrow,0,0,0,0,0,0,0,
Field Farm,Peter Rogers,2025,5,14,8:20,North Field Front,No,B,Grasshopper Sparrow,0,0,0,0,0,0,0,
Field Farm,Peter Rogers,2025,5,14,8:26,North Field Front,No,C,Grasshopper Sparrow,0,0,0,0,0,0,0,
Field Farm,Peter Rogers,2025,5,14,8:34,North Field Front,No,D,Grasshopper Sparrow,0,0,0,0,0,0,0,
Field Farm,Peter Rogers,2025,5,14,8:58,North Field Front,No,E,Grasshopper Sparrow,0,0,0,0,0,0,0,
Field Farm,Peter Rogers,2025,5,14,9:07,North Field Front,No,F,Grasshopper Sparrow,0,0,0,0,0,0,0,
Field Farm,Peter Rogers,2025,5,14,9:13,North Field East,No,F,Grasshopper Sparrow,0,0,0,0,0,0,0,
Field Farm,Peter Rogers,2025,5,14,9:22,North Field East,No,G,Grasshopper Sparrow,0,0,0,0,0,0,0,
Field Farm,Peter Rogers,2025,5,14,9:30,North Field East,No,H,Grasshopper Sparrow,0,0,0,0,0,0,0,
Field Farm,Peter Rogers,2025,5,14,10:40,North Field East,No,I,Grasshopper Sparrow,0,0,0,0,0,0,0,
Field Farm,Peter Rogers,2025,5,14,9:38,North Field Front,No,J,Grasshopper Sparrow,0,0,0,0,0,0,0,
Field Farm,Peter Rogers,2025,5,14,9:46,North Field Front,No,K,Grasshopper Sparrow,0,0,0,0,0,0,0,
Field Farm,Peter Rogers,2025,5,14,9:58,South Field,No,L,Grasshopper Sparrow,0,0,0,0,0,0,0,
Field Farm,Peter Rogers,2025,5,14,10:07,South Field,No,M,Grasshopper Sparrow,0,0,0,0,0,0,0,
Field Farm,Peter Rogers,2025,5,14,10:16,South Field,No,N,Grasshopper Sparrow,0,0,0,0,0,0,0,
Field Farm,Peter Rogers,2025,5,14,10:24,South Field,No,O,Grasshopper Sparrow,0,0,0,0,0,0,0,
Field Farm,Peter Rogers,2025,5,14,10:33,South Field,No,P,Grasshopper Sparrow,0,0,0,0,0,0,0,
Field Farm,Peter Rogers,2025,5,14,8:14,North Field Front,No,A,Eastern Meadowlark,0,0,0,0,0,0,0,
Field Farm,Peter Rogers,2025,5,14,8:20,North Field Front,No,B,Eastern Meadowlark,0,0,0,0,0,0,0,
Field Farm,Peter Rogers,2025,5,14,8:26,North Field Front,No,C,Eastern Meadowlark,0,0,0,0,0,0,0,
Field Farm,Peter Rogers,2025,5,14,8:34,North Field Front,No,D,Eastern Meadowlark,0,0,0,0,0,0,0,
Field Farm,Peter Rogers,2025,5,14,8:58,North Field Front,No,E,Eastern Meadowlark,0,0,0,0,0,0,0,
Field Farm,Peter Rogers,2025,5,14,9:07,North Field Front,No,F,Eastern Meadowlark,0,0,0,0,0,0,0,
Field Farm,Peter Rogers,2025,5,14,9:13,North Field East,No,F,Eastern Meadowlark,0,0,0,0,0,0,0,
Field Farm,Peter Rogers,2025,5,14,9:22,North Field East,No,G,Eastern Meadowlark,0,0,0,0,0,0,0,
Field Farm,Peter Rogers,2025,5,14,9:30,North Field East,No,H,Eastern Meadowlark,0,0,1,0,0,0,1,
Field Farm,Peter Rogers,2025,5,14,10:40,North Field East,No,I,Eastern Meadowlark,0,0,0,0,0,0,0,
Field Farm,Peter Rogers,2025,5,14,9:38,North Field Front,No,J,Eastern Meadowlark,0,0,0,0,0,0,0,
Field Farm,Peter Rogers,2025,5,14,9:46,North Field Front,No,K,Eastern Meadowlark,0,0,0,0,0,0,0,
Field Farm,Peter Rogers,2025,5,14,9:58,South Field,No,L,Eastern Meadowlark,0,0,0,0,0,0,0,
Field Farm,Peter Rogers,2025,5,14,10:07,South Field,No,M,Eastern Meadowlark,0,0,0,0,0,1,1,Bird heard not seen
Field Farm,Peter Rogers,2025,5,14,10:16,South Field,No,N,Eastern Meadowlark,0,0,0,0,0,0,0,
Field Farm,Peter Rogers,2025,5,14,10:24,South Field,No,O,Eastern Meadowlark,0,0,0,0,0,0,0,
Field Farm,Peter Rogers,2025,5,14,10:33,South Field,No,P,Eastern Meadowlark,0,0,0,0,0,0,0,
Field Farm,Peter Rogers,2025,6,6,8:53,North Field Front,No,A,Bobolink,0,0,0,7,1,8,8,
Field Farm,Peter Rogers,2025,6,6,9:02,North Field Front,No,B,Bobolink,0,0,0,4,0,4,4,
Field Farm,Peter Rogers,2025,6,6,9:09,North Field Front,No,C,Bobolink,0,0,0,0,0,0,0,
Field Farm,Peter Rogers,2025,6,6,9:18,North Field Front,No,D,Bobolink,0,0,0,0,0,0,0,
Field Farm,Peter Rogers,2025,6,6,9:30,North Field Front,No,E,Bobolink,2,0,2,1,0,1,3,
Field Farm,Peter Rogers,2025,6,6,9:38,North Field Front,No,F,Bobolink,2,0,2,5,0,5,7,
Field Farm,Peter Rogers,2025,6,6,9:44,North Field East,No,F,Bobolink,3,0,3,1,0,1,4,
Field Farm,Peter Rogers,2025,6,6,9:53,North Field East,No,G,Bobolink,1,0,1,0,0,0,1,
Field Farm,Peter Rogers,2025,6,6,10:00,North Field East,No,H,Bobolink,1,0,1,0,1,1,2,
Field Farm,Peter Rogers,2025,6,6,11:11,North Field East,No,I,Bobolink,0,0,0,0,0,0,0,
Field Farm,Peter Rogers,2025,6,6,10:07,North Field Front,No,J,Bobolink,1,0,1,0,0,0,1,
Field Farm,Peter Rogers,2025,6,6,10:15,North Field Front,No,K,Bobolink,0,0,0,5,0,5,5,
Field Farm,Peter Rogers,2025,6,6,10:28,South Field,No,L,Bobolink,0,0,0,0,0,0,0,
Field Farm,Peter Rogers,2025,6,6,10:37,South Field,No,M,Bobolink,1,0,1,3,0,3,4,
Field Farm,Peter Rogers,2025,6,6,10:47,South Field,No,N,Bobolink,0,0,0,3,1,4,4,
Field Farm,Peter Rogers,2025,6,6,10:55,South Field,No,O,Bobolink,3,1,4,2,0,2,6,
Field Farm,Peter Rogers,2025,6,6,11:04,South Field,No,P,Bobolink,0,0,0,2,0,2,2,
Field Farm,Peter Rogers,2025,6,6,8:53,North Field Front,No,A,Savannah Sparrow,0,0,0,0,0,0,0,
Field Farm,Peter Rogers,2025,6,6,9:02,North Field Front,No,B,Savannah Sparrow,0,0,0,0,0,0,0,
Field Farm,Peter Rogers,2025,6,6,9:09,North Field Front,No,C,Savannah Sparrow,0,0,0,0,0,0,0,
Field Farm,Peter Rogers,2025,6,6,9:18,North Field Front,No,D,Savannah Sparrow,0,0,0,0,0,0,0,
Field Farm,Peter Rogers,2025,6,6,9:30,North Field Front,No,E,Savannah Sparrow,0,0,0,0,0,0,0,
Field Farm,Peter Rogers,2025,6,6,9:38,North Field Front,No,F,Savannah Sparrow,0,0,0,0,0,0,0,
Field Farm,Peter Rogers,2025,6,6,9:44,North Field East,No,F,Savannah Sparrow,0,0,0,0,0,0,0,
Field Farm,Peter Rogers,2025,6,6,9:53,North Field East,No,G,Savannah Sparrow,0,0,0,0,0,0,0,
Field Farm,Peter Rogers,2025,6,6,10:00,North Field East,No,H,Savannah Sparrow,0,0,0,0,0,0,0,
Field Farm,Peter Rogers,2025,6,6,11:11,North Field East,No,I,Savannah Sparrow,0,0,0,0,0,0,0,
Field Farm,Peter Rogers,2025,6,6,10:07,North Field Front,No,J,Savannah Sparrow,0,0,0,0,0,0,0,
Field Farm,Peter Rogers,2025,6,6,10:15,North Field Front,No,K,Savannah Sparrow,0,0,0,0,0,0,0,
Field Farm,Peter Rogers,2025,6,6,10:28,South Field,No,L,Savannah Sparrow,0,0,0,0,0,0,0,
Field Farm,Peter Rogers,2025,6,6,10:37,South Field,No,M,Savannah Sparrow,0,0,0,0,0,0,0,
Field Farm,Peter Rogers,2025,6,6,10:47,South Field,No,N,Savannah Sparrow,0,0,0,0,0,0,0,
Field Farm,Peter Rogers,2025,6,6,10:55,South Field,No,O,Savannah Sparrow,0,0,0,0,0,0,0,
Field Farm,Peter Rogers,2025,6,6,11:04,South Field,No,P,Savannah Sparrow,0,0,0,0,0,0,0,
Field Farm,Peter Rogers,2025,6,6,8:53,North Field Front,No,A,Grasshopper Sparrow,0,0,0,0,0,0,0,
Field Farm,Peter Rogers,2025,6,6,9:02,North Field Front,No,B,Grasshopper Sparrow,0,0,0,0,0,0,0,
Field Farm,Peter Rogers,2025,6,6,9:09,North Field Front,No,C,Grasshopper Sparrow,0,0,0,0,0,0,0,
Field Farm,Peter Rogers,2025,6,6,9:18,North Field Front,No,D,Grasshopper Sparrow,0,0,0,0,0,0,0,
Field Farm,Peter Rogers,2025,6,6,9:30,North Field Front,No,E,Grasshopper Sparrow,0,0,0,0,0,0,0,
Field Farm,Peter Rogers,2025,6,6,9:38,North Field Front,No,F,Grasshopper Sparrow,0,0,0,0,0,0,0,
Field Farm,Peter Rogers,2025,6,6,9:44,North Field East,No,F,Grasshopper Sparrow,0,0,0,0,0,0,0,
Field Farm,Peter Rogers,2025,6,6,9:53,North Field East,No,G,Grasshopper Sparrow,0,0,0,0,0,0,0,
Field Farm,Peter Rogers,2025,6,6,10:00,North Field East,No,H,Grasshopper Sparrow,0,0,0,0,0,0,0,
Field Farm,Peter Rogers,2025,6,6,11:11,North Field East,No,I,Grasshopper Sparrow,0,0,0,0,0,0,0,
Field Farm,Peter Rogers,2025,6,6,10:07,North Field Front,No,J,Grasshopper Sparrow,0,0,0,0,0,0,0,
Field Farm,Peter Rogers,2025,6,6,10:15,North Field Front,No,K,Grasshopper Sparrow,0,0,0,0,0,0,0,
Field Farm,Peter Rogers,2025,6,6,10:28,South Field,No,L,Grasshopper Sparrow,0,0,0,0,0,0,0,
Field Farm,Peter Rogers,2025,6,6,10:37,South Field,No,M,Grasshopper Sparrow,0,0,0,0,0,0,0,
Field Farm,Peter Rogers,2025,6,6,10:47,South Field,No,N,Grasshopper Sparrow,0,0,0,0,0,0,0,
Field Farm,Peter Rogers,2025,6,6,10:55,South Field,No,O,Grasshopper Sparrow,0,0,0,0,0,0,0,
Field Farm,Peter Rogers,2025,6,6,11:04,South Field,No,P,Grasshopper Sparrow,0,0,0,0,0,0,0,
Field Farm,Peter Rogers,2025,6,6,8:53,North Field Front,No,A,Eastern Meadowlark,0,0,0,0,0,0,0,
Field Farm,Peter Rogers,2025,6,6,9:02,North Field Front,No,B,Eastern Meadowlark,0,0,0,0,0,0,0,
Field Farm,Peter Rogers,2025,6,6,9:09,North Field Front,No,C,Eastern Meadowlark,0,0,0,0,0,0,0,
Field Farm,Peter Rogers,2025,6,6,9:18,North Field Front,No,D,Eastern Meadowlark,0,0,0,0,0,0,0,
Field Farm,Peter Rogers,2025,6,6,9:30,North Field Front,No,E,Eastern Meadowlark,0,0,0,0,0,0,0,
Field Farm,Peter Rogers,2025,6,6,9:38,North Field Front,No,F,Eastern Meadowlark,0,0,0,0,0,0,0,
Field Farm,Peter Rogers,2025,6,6,9:44,North Field East,No,F,Eastern Meadowlark,0,0,0,0,0,0,0,
Field Farm,Peter Rogers,2025,6,6,9:53,North Field East,No,G,Eastern Meadowlark,0,0,0,0,0,0,0,
Field Farm,Peter Rogers,2025,6,6,10:00,North Field East,No,H,Eastern Meadowlark,0,0,0,0,0,0,0,
Field Farm,Peter Rogers,2025,6,6,11:11,North Field East,No,I,Eastern Meadowlark,0,0,0,0,0,0,0,
Field Farm,Peter Rogers,2025,6,6,10:07,North Field Front,No,J,Eastern Meadowlark,0,0,0,0,0,0,0,
Field Farm,Peter Rogers,2025,6,6,10:15,North Field Front,No,K,Eastern Meadowlark,0,0,0,0,0,0,0,
Field Farm,Peter Rogers,2025,6,6,10:28,South Field,No,L,Eastern Meadowlark,0,0,0,0,0,0,0,
Field Farm,Peter Rogers,2025,6,6,10:37,South Field,No,M,Eastern Meadowlark,0,0,0,0,0,0,0,
Field Farm,Peter Rogers,2025,6,6,10:47,South Field,No,N,Eastern Meadowlark,0,0,0,0,0,0,0,
Field Farm,Peter Rogers,2025,6,6,10:55,South Field,No,O,Eastern Meadowlark,0,0,0,0,0,0,0,
Field Farm,Peter Rogers,2025,6,6,11:04,South Field,No,P,Eastern Meadowlark,0,0,0,0,0,0,0,
Field Farm,Peter Rogers,2025,6,30,7:23,North Field Front,No,A,Bobolink,0,0,0,0,0,0,0,
Field Farm,Peter Rogers,2025,6,30,7:30,North Field Front,No,B,Bobolink,0,0,0,8,0,8,8,
Field Farm,Peter Rogers,2025,6,30,7:37,North Field Front,No,C,Bobolink,0,0,0,5,0,5,5,
Field Farm,Peter Rogers,2025,6,30,7:46,North Field Front,No,D,Bobolink,0,0,0,0,0,0,0,
Field Farm,Peter Rogers,2025,6,30,8:00,North Field Front,No,E,Bobolink,0,0,0,0,0,0,0,
Field Farm,Peter Rogers,2025,6,30,8:10,North Field Front,No,F,Bobolink,0,0,0,0,0,0,0,
Field Farm,Peter Rogers,2025,6,30,8:15,North Field East,No,F,Bobolink,11,3,14,0,0,0,14,
Field Farm,Peter Rogers,2025,6,30,8:25,North Field East,No,G,Bobolink,7,3,10,0,0,0,10,
Field Farm,Peter Rogers,2025,6,30,8:31,North Field East,No,H,Bobolink,0,0,0,2,0,2,2,
Field Farm,Peter Rogers,2025,6,30,9:46,North Field East,No,I,Bobolink,0,0,0,0,0,0,0,
Field Farm,Peter Rogers,2025,6,30,8:40,North Field Front,No,J,Bobolink,0,0,0,1,0,1,1,
Field Farm,Peter Rogers,2025,6,30,8:46,North Field Front,No,K,Bobolink,3,0,3,0,0,0,3,
Field Farm,Peter Rogers,2025,6,30,9:02,South Field,No,L,Bobolink,0,0,0,0,0,0,0,
Field Farm,Peter Rogers,2025,6,30,9:11,South Field,No,M,Bobolink,0,0,0,0,0,0,0,
Field Farm,Peter Rogers,2025,6,30,9:21,South Field,No,N,Bobolink,0,0,0,1,1,2,2,
Field Farm,Peter Rogers,2025,6,30,9:30,South Field,No,O,Bobolink,8,3,11,0,0,0,11,
Field Farm,Peter Rogers,2025,6,30,9:40,South Field,No,P,Bobolink,0,0,0,0,0,0,0,
Field Farm,Peter Rogers,2025,6,30,7:23,North Field Front,No,A,Savannah Sparrow,0,0,0,0,0,0,0,
Field Farm,Peter Rogers,2025,6,30,7:30,North Field Front,No,B,Savannah Sparrow,0,0,0,0,0,0,0,
Field Farm,Peter Rogers,2025,6,30,7:37,North Field Front,No,C,Savannah Sparrow,0,0,0,0,0,0,0,
Field Farm,Peter Rogers,2025,6,30,7:46,North Field Front,No,D,Savannah Sparrow,0,0,0,0,0,0,0,
Field Farm,Peter Rogers,2025,6,30,8:00,North Field Front,No,E,Savannah Sparrow,0,0,0,0,0,0,0,
Field Farm,Peter Rogers,2025,6,30,8:10,North Field Front,No,F,Savannah Sparrow,0,0,0,0,0,0,0,
Field Farm,Peter Rogers,2025,6,30,8:15,North Field East,No,F,Savannah Sparrow,0,0,0,0,0,0,0,
Field Farm,Peter Rogers,2025,6,30,8:25,North Field East,No,G,Savannah Sparrow,0,0,0,0,0,0,0,
Field Farm,Peter Rogers,2025,6,30,8:31,North Field East,No,H,Savannah Sparrow,0,0,0,0,0,0,0,
Field Farm,Peter Rogers,2025,6,30,9:46,North Field East,No,I,Savannah Sparrow,0,0,0,0,0,0,0,
Field Farm,Peter Rogers,2025,6,30,8:40,North Field Front,No,J,Savannah Sparrow,0,0,0,0,0,0,0,
Field Farm,Peter Rogers,2025,6,30,8:46,North Field Front,No,K,Savannah Sparrow,0,0,0,0,0,0,0,
Field Farm,Peter Rogers,2025,6,30,9:02,South Field,No,L,Savannah Sparrow,0,0,0,0,0,0,0,
Field Farm,Peter Rogers,2025,6,30,9:11,South Field,No,M,Savannah Sparrow,0,0,0,0,0,0,0,
Field Farm,Peter Rogers,2025,6,30,9:21,South Field,No,N,Savannah Sparrow,0,0,0,0,0,0,0,
Field Farm,Peter Rogers,2025,6,30,9:30,South Field,No,O,Savannah Sparrow,0,0,0,0,0,0,0,
Field Farm,Peter Rogers,2025,6,30,9:40,South Field,No,P,Savannah Sparrow,0,0,0,0,0,0,0,
Field Farm,Peter Rogers,2025,6,30,7:23,North Field Front,No,A,Grasshopper Sparrow,0,0,0,0,0,0,0,
Field Farm,Peter Rogers,2025,6,30,7:30,North Field Front,No,B,Grasshopper Sparrow,0,0,0,0,0,0,0,
Field Farm,Peter Rogers,2025,6,30,7:37,North Field Front,No,C,Grasshopper Sparrow,0,0,0,0,0,0,0,
Field Farm,Peter Rogers,2025,6,30,7:46,North Field Front,No,D,Grasshopper Sparrow,0,0,0,0,0,0,0,
Field Farm,Peter Rogers,2025,6,30,8:00,North Field Front,No,E,Grasshopper Sparrow,0,0,0,0,0,0,0,
Field Farm,Peter Rogers,2025,6,30,8:10,North Field Front,No,F,Grasshopper Sparrow,0,0,0,0,0,0,0,
Field Farm,Peter Rogers,2025,6,30,8:15,North Field East,No,F,Grasshopper Sparrow,0,0,0,0,0,0,0,
Field Farm,Peter Rogers,2025,6,30,8:25,North Field East,No,G,Grasshopper Sparrow,0,0,0,0,0,0,0,
Field Farm,Peter Rogers,2025,6,30,8:31,North Field East,No,H,Grasshopper Sparrow,0,0,0,0,0,0,0,
Field Farm,Peter Rogers,2025,6,30,9:46,North Field East,No,I,Grasshopper Sparrow,0,0,0,0,0,0,0,
Field Farm,Peter Rogers,2025,6,30,8:40,North Field Front,No,J,Grasshopper Sparrow,0,0,0,0,0,0,0,
Field Farm,Peter Rogers,2025,6,30,8:46,North Field Front,No,K,Grasshopper Sparrow,0,0,0,0,0,0,0,
Field Farm,Peter Rogers,2025,6,30,9:02,South Field,No,L,Grasshopper Sparrow,0,0,0,0,0,0,0,
Field Farm,Peter Rogers,2025,6,30,9:11,South Field,No,M,Grasshopper Sparrow,0,0,0,0,0,0,0,
Field Farm,Peter Rogers,2025,6,30,9:21,South Field,No,N,Grasshopper Sparrow,0,0,0,0,0,0,0,
Field Farm,Peter Rogers,2025,6,30,9:30,South Field,No,O,Grasshopper Sparrow,0,0,0,0,0,0,0,
Field Farm,Peter Rogers,2025,6,30,9:40,South Field,No,P,Grasshopper Sparrow,0,0,0,0,0,0,0,
Field Farm,Peter Rogers,2025,6,30,7:23,North Field Front,No,A,Eastern Meadowlark,0,0,0,0,0,1,1,
Field Farm,Peter Rogers,2025,6,30,7:30,North Field Front,No,B,Eastern Meadowlark,0,0,0,0,0,0,0,
Field Farm,Peter Rogers,2025,6,30,7:37,North Field Front,No,C,Eastern Meadowlark,0,0,0,0,0,0,0,
Field Farm,Peter Rogers,2025,6,30,7:46,North Field Front,No,D,Eastern Meadowlark,0,0,0,0,0,0,0,
Field Farm,Peter Rogers,2025,6,30,8:00,North Field Front,No,E,Eastern Meadowlark,0,0,0,0,0,0,0,
Field Farm,Peter Rogers,2025,6,30,8:10,North Field Front,No,F,Eastern Meadowlark,0,0,0,0,0,0,0,
Field Farm,Peter Rogers,2025,6,30,8:15,North Field East,No,F,Eastern Meadowlark,0,0,0,0,0,0,0,
Field Farm,Peter Rogers,2025,6,30,8:25,North Field East,No,G,Eastern Meadowlark,0,0,0,0,0,0,0,
Field Farm,Peter Rogers,2025,6,30,8:31,North Field East,No,H,Eastern Meadowlark,0,0,0,0,0,0,0,
Field Farm,Peter Rogers,2025,6,30,9:46,North Field East,No,I,Eastern Meadowlark,0,0,0,0,0,0,0,
Field Farm,Peter Rogers,2025,6,30,8:40,North Field Front,No,J,Eastern Meadowlark,0,0,0,0,0,0,0,
Field Farm,Peter Rogers,2025,6,30,8:46,North Field Front,No,K,Eastern Meadowlark,0,0,0,0,0,0,0,
Field Farm,Peter Rogers,2025,6,30,9:02,South Field,No,L,Eastern Meadowlark,0,0,0,0,0,0,0,
Field Farm,Peter Rogers,2025,6,30,9:11,South Field,No,M,Eastern Meadowlark,0,0,0,0,0,0,0,
Field Farm,Peter Rogers,2025,6,30,9:21,South Field,No,N,Eastern Meadowlark,0,0,0,0,0,0,0,
Field Farm,Peter Rogers,2025,6,30,9:30,South Field,No,O,Eastern Meadowlark,0,0,0,0,0,0,0,
Field Farm,Peter Rogers,2025,6,30,9:40,South Field,No,P,Eastern Meadowlark,0,0,0,0,0,0,0,
Field Farm,Peter Rogers,2025,7,20,8:37,North Field Front,No,A,Bobolink,0,3,3,0,0,5,8,Juveniles
Field Farm,Peter Rogers,2025,7,20,8:45,North Field Front,No,B,Bobolink,0,0,0,0,0,0,0,
Field Farm,Peter Rogers,2025,7,20,8:52,North Field Front,No,C,Bobolink,0,0,0,0,0,0,0,
Field Farm,Peter Rogers,2025,7,20,9:00,North Field Front,No,D,Bobolink,0,0,0,0,0,0,0,
Field Farm,Peter Rogers,2025,7,20,9:12,North Field Front,No,E,Bobolink,2,3,5,0,0,0,5,
Field Farm,Peter Rogers,2025,7,20,9:20,North Field Front,No,F,Bobolink,0,0,0,0,0,0,0,
Field Farm,Peter Rogers,2025,7,20,9:26,North Field East,No,F,Bobolink,0,0,0,0,0,0,0,
Field Farm,Peter Rogers,2025,7,20,9:32,North Field East,No,G,Bobolink,0,0,0,0,0,0,0,
Field Farm,Peter Rogers,2025,7,20,9:38,North Field East,No,H,Bobolink,0,0,0,0,0,0,0,
Field Farm,Peter Rogers,2025,7,20,10:51,North Field East,No,I,Bobolink,0,0,0,0,0,0,0,
Field Farm,Peter Rogers,2025,7,20,9:46,North Field Front,No,J,Bobolink,5,16,21,0,0,0,21,
Field Farm,Peter Rogers,2025,7,20,9:52,North Field Front,No,K,Bobolink,0,1,1,0,2,2,3,
Field Farm,Peter Rogers,2025,7,20,10:04,South Field,No,L,Bobolink,0,0,0,0,0,0,0,
Field Farm,Peter Rogers,2025,7,20,10:17,South Field,No,M,Bobolink,0,0,0,0,0,0,0,
Field Farm,Peter Rogers,2025,7,20,10:24,South Field,No,N,Bobolink,0,0,0,0,0,0,0,
Field Farm,Peter Rogers,2025,7,20,10:32,South Field,No,O,Bobolink,0,0,0,0,0,0,0,
Field Farm,Peter Rogers,2025,7,20,10:44,South Field,No,P,Bobolink,0,0,0,0,0,0,0,
Field Farm,Peter Rogers,2025,7,20,8:37,North Field Front,No,A,Savannah Sparrow,0,0,0,0,0,0,0,
Field Farm,Peter Rogers,2025,7,20,8:45,North Field Front,No,B,Savannah Sparrow,0,0,0,0,0,0,0,
Field Farm,Peter Rogers,2025,7,20,8:52,North Field Front,No,C,Savannah Sparrow,0,0,0,0,0,0,0,
Field Farm,Peter Rogers,2025,7,20,9:00,North Field Front,No,D,Savannah Sparrow,0,0,0,0,0,0,0,
Field Farm,Peter Rogers,2025,7,20,9:12,North Field Front,No,E,Savannah Sparrow,0,0,0,0,0,0,0,
Field Farm,Peter Rogers,2025,7,20,9:20,North Field Front,No,F,Savannah Sparrow,0,0,0,0,0,0,0,
Field Farm,Peter Rogers,2025,7,20,9:26,North Field East,No,F,Savannah Sparrow,0,0,0,0,0,0,0,
Field Farm,Peter Rogers,2025,7,20,9:32,North Field East,No,G,Savannah Sparrow,0,0,0,0,0,0,0,
Field Farm,Peter Rogers,2025,7,20,9:38,North Field East,No,H,Savannah Sparrow,0,0,0,0,0,0,0,
Field Farm,Peter Rogers,2025,7,20,10:51,North Field East,No,I,Savannah Sparrow,0,0,0,0,0,0,0,
Field Farm,Peter Rogers,2025,7,20,9:46,North Field Front,No,J,Savannah Sparrow,0,0,0,0,0,0,0,
Field Farm,Peter Rogers,2025,7,20,9:52,North Field Front,No,K,Savannah Sparrow,0,0,0,0,0,0,0,
Field Farm,Peter Rogers,2025,7,20,10:04,South Field,No,L,Savannah Sparrow,0,0,0,0,0,0,0,
Field Farm,Peter Rogers,2025,7,20,10:17,South Field,No,M,Savannah Sparrow,0,0,0,0,0,0,0,
Field Farm,Peter Rogers,2025,7,20,10:24,South Field,No,N,Savannah Sparrow,0,0,0,0,0,0,0,
Field Farm,Peter Rogers,2025,7,20,10:32,South Field,No,O,Savannah Sparrow,0,0,0,0,0,0,0,
Field Farm,Peter Rogers,2025,7,20,10:44,South Field,No,P,Savannah Sparrow,0,0,0,0,0,0,0,
Field Farm,Peter Rogers,2025,7,20,8:37,North Field Front,No,A,Grasshopper Sparrow,0,0,0,0,0,0,0,
Field Farm,Peter Rogers,2025,7,20,8:45,North Field Front,No,B,Grasshopper Sparrow,0,0,0,0,0,0,0,
Field Farm,Peter Rogers,2025,7,20,8:52,North Field Front,No,C,Grasshopper Sparrow,0,0,0,0,0,0,0,
Field Farm,Peter Rogers,2025,7,20,9:00,North Field Front,No,D,Grasshopper Sparrow,0,0,0,0,0,0,0,
Field Farm,Peter Rogers,2025,7,20,9:12,North Field Front,No,E,Grasshopper Sparrow,0,0,0,0,0,0,0,
Field Farm,Peter Rogers,2025,7,20,9:20,North Field Front,No,F,Grasshopper Sparrow,0,0,0,0,0,0,0,
Field Farm,Peter Rogers,2025,7,20,9:26,North Field East,No,F,Grasshopper Sparrow,0,0,0,0,0,0,0,
Field Farm,Peter Rogers,2025,7,20,9:32,North Field East,No,G,Grasshopper Sparrow,0,0,0,0,0,0,0,
Field Farm,Peter Rogers,2025,7,20,9:38,North Field East,No,H,Grasshopper Sparrow,0,0,0,0,0,0,0,
Field Farm,Peter Rogers,2025,7,20,10:51,North Field East,No,I,Grasshopper Sparrow,0,0,0,0,0,0,0,
Field Farm,Peter Rogers,2025,7,20,9:46,North Field Front,No,J,Grasshopper Sparrow,0,0,0,0,0,0,0,
Field Farm,Peter Rogers,2025,7,20,9:52,North Field Front,No,K,Grasshopper Sparrow,0,0,0,0,0,0,0,
Field Farm,Peter Rogers,2025,7,20,10:04,South Field,No,L,Grasshopper Sparrow,0,0,0,0,0,0,0,
Field Farm,Peter Rogers,2025,7,20,10:17,South Field,No,M,Grasshopper Sparrow,0,0,0,0,0,0,0,
Field Farm,Peter Rogers,2025,7,20,10:24,South Field,No,N,Grasshopper Sparrow,0,0,0,0,0,0,0,
Field Farm,Peter Rogers,2025,7,20,10:32,South Field,No,O,Grasshopper Sparrow,0,0,0,0,0,0,0,
Field Farm,Peter Rogers,2025,7,20,10:44,South Field,No,P,Grasshopper Sparrow,0,0,0,0,0,0,0,
Field Farm,Peter Rogers,2025,7,20,8:37,North Field Front,No,A,Eastern Meadowlark,0,0,0,0,0,0,0,
Field Farm,Peter Rogers,2025,7,20,8:45,North Field Front,No,B,Eastern Meadowlark,0,0,0,0,0,0,0,
Field Farm,Peter Rogers,2025,7,20,8:52,North Field Front,No,C,Eastern Meadowlark,0,0,0,0,0,0,0,
Field Farm,Peter Rogers,2025,7,20,9:00,North Field Front,No,D,Eastern Meadowlark,0,0,0,0,0,0,0,
Field Farm,Peter Rogers,2025,7,20,9:12,North Field Front,No,E,Eastern Meadowlark,0,0,0,0,0,0,0,
Field Farm,Peter Rogers,2025,7,20,9:20,North Field Front,No,F,Eastern Meadowlark,0,0,0,0,0,0,0,
Field Farm,Peter Rogers,2025,7,20,9:26,North Field East,No,F,Eastern Meadowlark,0,0,0,0,0,0,0,
Field Farm,Peter Rogers,2025,7,20,9:32,North Field East,No,G,Eastern Meadowlark,0,0,0,0,0,0,0,
Field Farm,Peter Rogers,2025,7,20,9:38,North Field East,No,H,Eastern Meadowlark,0,0,0,0,0,0,0,
Field Farm,Peter Rogers,2025,7,20,10:51,North Field East,No,I,Eastern Meadowlark,0,0,0,0,0,0,0,
Field Farm,Peter Rogers,2025,7,20,9:46,North Field Front,No,J,Eastern Meadowlark,0,0,0,0,0,0,0,
Field Farm,Peter Rogers,2025,7,20,9:52,North Field Front,No,K,Eastern Meadowlark,0,0,0,0,0,0,0,
Field Farm,Peter Rogers,2025,7,20,10:04,South Field,No,L,Eastern Meadowlark,0,0,0,0,0,0,0,
Field Farm,Peter Rogers,2025,7,20,10:17,South Field,No,M,Eastern Meadowlark,0,0,0,0,0,0,0,
Field Farm,Peter Rogers,2025,7,20,10:24,South Field,No,N,Eastern Meadowlark,0,0,0,0,0,0,0,
Field Farm,Peter Rogers,2025,7,20,10:32,South Field,No,O,Eastern Meadowlark,0,0,1,0,0,0,1,
Field Farm,Peter Rogers,2025,7,20,10:44,South Field,No,P,Eastern Meadowlark,0,0,0,0,0,0,0,
Fruitlands,Patti Maguire,2025,5,5,7:59,New Meadow,Yes,A,Bobolink,0,0,0,0,0,0,0,
Fruitlands,Patti Maguire,2025,5,5,7:51,New Meadow,Yes,B,Bobolink,0,0,0,0,0,0,0,
Fruitlands,Patti Maguire,2025,5,5,7:30,New Meadow,Yes,C,Bobolink,0,0,0,0,0,0,0,
Fruitlands,Patti Maguire,2025,5,5,7:01,Old Meadow,Yes,D,Bobolink,0,0,0,0,0,0,0,
Fruitlands,Patti Maguire,2025,5,5,7:10,Old Meadow,Yes,E,Bobolink,0,0,0,0,0,0,0,
Fruitlands,Patti Maguire,2025,5,5,6:26,Old Meadow,Yes,F,Bobolink,0,0,0,0,0,0,0,
Fruitlands,Patti Maguire,2025,5,5,6:38,Old Meadow,Yes,G,Bobolink,0,0,0,0,0,0,0,
Fruitlands,Patti Maguire,2025,5,5,6:48,Old Meadow,Yes,H,Bobolink,0,0,0,0,0,0,0,
Fruitlands,Patti Maguire,2025,5,5,7:59,New Meadow,Yes,A,Savannah Sparrow,0,0,0,0,0,0,0,
Fruitlands,Patti Maguire,2025,5,5,7:51,New Meadow,Yes,B,Savannah Sparrow,0,0,0,0,0,0,0,
Fruitlands,Patti Maguire,2025,5,5,7:30,New Meadow,Yes,C,Savannah Sparrow,0,0,0,0,0,0,0,
Fruitlands,Patti Maguire,2025,5,5,7:01,Old Meadow,Yes,D,Savannah Sparrow,0,0,0,0,0,0,0,
Fruitlands,Patti Maguire,2025,5,5,7:10,Old Meadow,Yes,E,Savannah Sparrow,0,0,0,0,0,0,0,
Fruitlands,Patti Maguire,2025,5,5,6:26,Old Meadow,Yes,F,Savannah Sparrow,0,0,0,0,0,0,0,
Fruitlands,Patti Maguire,2025,5,5,6:38,Old Meadow,Yes,G,Savannah Sparrow,0,0,0,0,0,0,0,
Fruitlands,Patti Maguire,2025,5,5,6:48,Old Meadow,Yes,H,Savannah Sparrow,0,0,0,0,0,0,0,
Fruitlands,Patti Maguire,2025,5,5,7:59,New Meadow,Yes,A,Grasshopper Sparrow,0,0,0,0,0,0,0,
Fruitlands,Patti Maguire,2025,5,5,7:51,New Meadow,Yes,B,Grasshopper Sparrow,0,0,0,0,0,0,0,
Fruitlands,Patti Maguire,2025,5,5,7:30,New Meadow,Yes,C,Grasshopper Sparrow,0,0,0,0,0,0,0,
Fruitlands,Patti Maguire,2025,5,5,7:01,Old Meadow,Yes,D,Grasshopper Sparrow,0,0,0,0,0,0,0,
Fruitlands,Patti Maguire,2025,5,5,7:10,Old Meadow,Yes,E,Grasshopper Sparrow,0,0,0,0,0,0,0,
Fruitlands,Patti Maguire,2025,5,5,6:26,Old Meadow,Yes,F,Grasshopper Sparrow,0,0,0,0,0,0,0,
Fruitlands,Patti Maguire,2025,5,5,6:38,Old Meadow,Yes,G,Grasshopper Sparrow,0,0,0,0,0,0,0,
Fruitlands,Patti Maguire,2025,5,5,6:48,Old Meadow,Yes,H,Grasshopper Sparrow,0,0,0,0,0,0,0,
Fruitlands,Patti Maguire,2025,5,5,7:59,New Meadow,Yes,A,Eastern Meadowlark,0,0,0,0,0,0,0,
Fruitlands,Patti Maguire,2025,5,5,7:51,New Meadow,Yes,B,Eastern Meadowlark,0,0,0,0,0,0,0,
Fruitlands,Patti Maguire,2025,5,5,7:30,New Meadow,Yes,C,Eastern Meadowlark,0,0,0,0,0,0,0,
Fruitlands,Patti Maguire,2025,5,5,7:01,Old Meadow,Yes,D,Eastern Meadowlark,0,0,0,0,0,0,0,
Fruitlands,Patti Maguire,2025,5,5,7:10,Old Meadow,Yes,E,Eastern Meadowlark,0,0,0,0,0,0,0,
Fruitlands,Patti Maguire,2025,5,5,6:26,Old Meadow,Yes,F,Eastern Meadowlark,0,0,0,0,0,0,0,
Fruitlands,Patti Maguire,2025,5,5,6:38,Old Meadow,Yes,G,Eastern Meadowlark,0,0,0,0,0,0,0,
Fruitlands,Patti Maguire,2025,5,5,6:48,Old Meadow,Yes,H,Eastern Meadowlark,0,0,0,0,0,0,0,
Fruitlands,Patti Maguire,2025,5,16,7:59,New Meadow,Yes,A,Bobolink,0,0,0,3,0,3,3,Flyovers
Fruitlands,Patti Maguire,2025,5,16,7:51,New Meadow,Yes,B,Bobolink,0,0,0,0,0,0,0,
Fruitlands,Patti Maguire,2025,5,16,7:30,New Meadow,Yes,C,Bobolink,0,0,0,0,0,0,0,
Fruitlands,Patti Maguire,2025,5,16,7:01,Old Meadow,Yes,D,Bobolink,0,0,0,0,0,0,0,
Fruitlands,Patti Maguire,2025,5,16,7:10,Old Meadow,Yes,E,Bobolink,0,0,0,0,0,0,0,
Fruitlands,Patti Maguire,2025,5,16,6:26,Old Meadow,Yes,F,Bobolink,0,0,0,0,0,0,0,
Fruitlands,Patti Maguire,2025,5,16,6:38,Old Meadow,Yes,G,Bobolink,0,0,0,0,0,0,0,
Fruitlands,Patti Maguire,2025,5,16,6:48,Old Meadow,Yes,H,Bobolink,0,0,0,0,0,0,0,
Fruitlands,Patti Maguire,2025,5,16,7:59,New Meadow,Yes,A,Savannah Sparrow,0,0,0,0,0,0,0,
Fruitlands,Patti Maguire,2025,5,16,7:51,New Meadow,Yes,B,Savannah Sparrow,0,0,0,0,0,0,0,
Fruitlands,Patti Maguire,2025,5,16,7:30,New Meadow,Yes,C,Savannah Sparrow,0,0,0,0,0,0,0,
Fruitlands,Patti Maguire,2025,5,16,7:01,Old Meadow,Yes,D,Savannah Sparrow,0,0,0,0,0,0,0,
Fruitlands,Patti Maguire,2025,5,16,7:10,Old Meadow,Yes,E,Savannah Sparrow,0,0,0,0,0,0,0,
Fruitlands,Patti Maguire,2025,5,16,6:26,Old Meadow,Yes,F,Savannah Sparrow,0,0,0,0,0,0,0,
Fruitlands,Patti Maguire,2025,5,16,6:38,Old Meadow,Yes,G,Savannah Sparrow,0,0,0,0,0,0,0,
Fruitlands,Patti Maguire,2025,5,16,6:48,Old Meadow,Yes,H,Savannah Sparrow,0,0,0,0,0,0,0,
Fruitlands,Patti Maguire,2025,5,16,7:59,New Meadow,Yes,A,Grasshopper Sparrow,0,0,0,0,0,0,0,
Fruitlands,Patti Maguire,2025,5,16,7:51,New Meadow,Yes,B,Grasshopper Sparrow,0,0,0,0,0,0,0,
Fruitlands,Patti Maguire,2025,5,16,7:30,New Meadow,Yes,C,Grasshopper Sparrow,0,0,0,0,0,0,0,
Fruitlands,Patti Maguire,2025,5,16,7:01,Old Meadow,Yes,D,Grasshopper Sparrow,0,0,0,0,0,0,0,
Fruitlands,Patti Maguire,2025,5,16,7:10,Old Meadow,Yes,E,Grasshopper Sparrow,0,0,0,0,0,0,0,
Fruitlands,Patti Maguire,2025,5,16,6:26,Old Meadow,Yes,F,Grasshopper Sparrow,0,0,0,0,0,0,0,
Fruitlands,Patti Maguire,2025,5,16,6:38,Old Meadow,Yes,G,Grasshopper Sparrow,0,0,0,0,0,0,0,
Fruitlands,Patti Maguire,2025,5,16,6:48,Old Meadow,Yes,H,Grasshopper Sparrow,0,0,0,0,0,0,0,
Fruitlands,Patti Maguire,2025,5,16,7:59,New Meadow,Yes,A,Eastern Meadowlark,0,0,0,0,0,0,0,
Fruitlands,Patti Maguire,2025,5,16,7:51,New Meadow,Yes,B,Eastern Meadowlark,0,0,0,0,0,0,0,
Fruitlands,Patti Maguire,2025,5,16,7:30,New Meadow,Yes,C,Eastern Meadowlark,0,0,0,0,0,0,0,
Fruitlands,Patti Maguire,2025,5,16,7:01,Old Meadow,Yes,D,Eastern Meadowlark,0,0,0,0,0,0,0,
Fruitlands,Patti Maguire,2025,5,16,7:10,Old Meadow,Yes,E,Eastern Meadowlark,0,0,0,0,0,0,0,
Fruitlands,Patti Maguire,2025,5,16,6:26,Old Meadow,Yes,F,Eastern Meadowlark,0,0,0,0,0,0,0,
Fruitlands,Patti Maguire,2025,5,16,6:38,Old Meadow,Yes,G,Eastern Meadowlark,0,0,0,0,0,0,0,
Fruitlands,Patti Maguire,2025,5,16,6:48,Old Meadow,Yes,H,Eastern Meadowlark,0,0,0,0,0,0,0,
Fruitlands,Ed Bogle,2025,5,23,7:41,New Meadow,Yes,A,Bobolink,0,0,0,3,1,4,4,
Fruitlands,Ed Bogle,2025,5,23,7:29,New Meadow,Yes,B,Bobolink,0,0,0,0,0,0,0,
Fruitlands,Ed Bogle,2025,5,23,7:18,New Meadow,Yes,C,Bobolink,0,0,1,0,0,0,1,
Fruitlands,Ed Bogle,2025,5,23,8:31,Old Meadow,Yes,D,Bobolink,0,0,0,0,0,0,0,
Fruitlands,Ed Bogle,2025,5,23,8:39,Old Meadow,Yes,E,Bobolink,0,0,0,0,0,0,0,
Fruitlands,Ed Bogle,2025,5,23,8:53,Old Meadow,Yes,F,Bobolink,0,0,0,0,0,0,0,
Fruitlands,Ed Bogle,2025,5,23,8:09,Old Meadow,Yes,G,Bobolink,0,0,0,0,0,0,0,
Fruitlands,Ed Bogle,2025,5,23,8:19,Old Meadow,Yes,H,Bobolink,0,0,0,0,0,0,0,
Fruitlands,Ed Bogle,2025,5,23,7:41,New Meadow,Yes,A,Savannah Sparrow,0,0,3,0,0,0,3,
Fruitlands,Ed Bogle,2025,5,23,7:29,New Meadow,Yes,B,Savannah Sparrow,0,0,0,0,0,0,0,
Fruitlands,Ed Bogle,2025,5,23,7:18,New Meadow,Yes,C,Savannah Sparrow,0,0,0,0,0,0,0,
Fruitlands,Ed Bogle,2025,5,23,8:31,Old Meadow,Yes,D,Savannah Sparrow,0,0,0,0,0,0,0,
Fruitlands,Ed Bogle,2025,5,23,8:39,Old Meadow,Yes,E,Savannah Sparrow,0,0,0,0,0,0,0,
Fruitlands,Ed Bogle,2025,5,23,8:53,Old Meadow,Yes,F,Savannah Sparrow,0,0,0,0,0,0,0,
Fruitlands,Ed Bogle,2025,5,23,8:09,Old Meadow,Yes,G,Savannah Sparrow,0,0,0,0,0,0,0,
Fruitlands,Ed Bogle,2025,5,23,8:19,Old Meadow,Yes,H,Savannah Sparrow,0,0,0,0,0,0,0,
Fruitlands,Ed Bogle,2025,5,23,7:41,New Meadow,Yes,A,Grasshopper Sparrow,0,0,0,0,0,0,0,
Fruitlands,Ed Bogle,2025,5,23,7:29,New Meadow,Yes,B,Grasshopper Sparrow,0,0,0,0,0,0,0,
Fruitlands,Ed Bogle,2025,5,23,7:18,New Meadow,Yes,C,Grasshopper Sparrow,0,0,0,0,0,0,0,
Fruitlands,Ed Bogle,2025,5,23,8:31,Old Meadow,Yes,D,Grasshopper Sparrow,0,0,0,0,0,0,0,
Fruitlands,Ed Bogle,2025,5,23,8:39,Old Meadow,Yes,E,Grasshopper Sparrow,0,0,0,0,0,0,0,
Fruitlands,Ed Bogle,2025,5,23,8:53,Old Meadow,Yes,F,Grasshopper Sparrow,0,0,0,0,0,0,0,
Fruitlands,Ed Bogle,2025,5,23,8:09,Old Meadow,Yes,G,Grasshopper Sparrow,0,0,0,0,0,0,0,
Fruitlands,Ed Bogle,2025,5,23,8:19,Old Meadow,Yes,H,Grasshopper Sparrow,0,0,0,0,0,0,0,
Fruitlands,Ed Bogle,2025,5,23,7:41,New Meadow,Yes,A,Eastern Meadowlark,0,0,0,0,0,0,0,
Fruitlands,Ed Bogle,2025,5,23,7:29,New Meadow,Yes,B,Eastern Meadowlark,0,0,0,0,0,0,0,
Fruitlands,Ed Bogle,2025,5,23,7:18,New Meadow,Yes,C,Eastern Meadowlark,0,0,0,0,0,0,0,
Fruitlands,Ed Bogle,2025,5,23,8:31,Old Meadow,Yes,D,Eastern Meadowlark,0,0,0,0,0,0,0,
Fruitlands,Ed Bogle,2025,5,23,8:39,Old Meadow,Yes,E,Eastern Meadowlark,0,0,0,0,0,0,0,
Fruitlands,Ed Bogle,2025,5,23,8:53,Old Meadow,Yes,F,Eastern Meadowlark,0,0,0,0,0,0,0,
Fruitlands,Ed Bogle,2025,5,23,8:09,Old Meadow,Yes,G,Eastern Meadowlark,0,0,0,0,0,0,0,
Fruitlands,Ed Bogle,2025,5,23,8:19,Old Meadow,Yes,H,Eastern Meadowlark,0,0,0,0,0,0,0,
Fruitlands,Kevin Barrett,2025,5,25,9:35,New Meadow,No,A,Bobolink,0,0,0,0,0,1,1,
Fruitlands,Kevin Barrett,2025,5,25,9:20,New Meadow,No,B,Bobolink,0,0,0,0,0,0,0,
Fruitlands,Kevin Barrett,2025,5,25,9:25,New Meadow,No,C,Bobolink,0,0,0,0,0,0,0,
Fruitlands,Kevin Barrett,2025,5,25,8:50,Old Meadow,No,D,Bobolink,0,0,0,0,0,0,0,
Fruitlands,Kevin Barrett,2025,5,25,8:45,Old Meadow,No,E,Bobolink,0,0,0,0,0,0,0,
Fruitlands,Kevin Barrett,2025,5,25,8:35,Old Meadow,No,F,Bobolink,0,0,0,0,0,0,0,
Fruitlands,Kevin Barrett,2025,5,25,9:10,Old Meadow,No,G,Bobolink,0,0,0,0,0,0,0,
Fruitlands,Kevin Barrett,2025,5,25,9:00,Old Meadow,No,H,Bobolink,0,0,0,0,0,0,0,
Fruitlands,Kevin Barrett,2025,5,25,9:35,New Meadow,No,A,Savannah Sparrow,0,0,0,0,0,0,0,
Fruitlands,Kevin Barrett,2025,5,25,9:20,New Meadow,No,B,Savannah Sparrow,0,0,0,0,0,0,0,
Fruitlands,Kevin Barrett,2025,5,25,9:25,New Meadow,No,C,Savannah Sparrow,0,0,0,0,0,0,0,
Fruitlands,Kevin Barrett,2025,5,25,8:50,Old Meadow,No,D,Savannah Sparrow,0,0,0,0,0,0,0,
Fruitlands,Kevin Barrett,2025,5,25,8:45,Old Meadow,No,E,Savannah Sparrow,0,0,0,0,0,0,0,
Fruitlands,Kevin Barrett,2025,5,25,8:35,Old Meadow,No,F,Savannah Sparrow,0,0,0,0,0,0,0,
Fruitlands,Kevin Barrett,2025,5,25,9:10,Old Meadow,No,G,Savannah Sparrow,0,0,0,0,0,0,0,
Fruitlands,Kevin Barrett,2025,5,25,9:00,Old Meadow,No,H,Savannah Sparrow,0,0,0,0,0,0,0,
Fruitlands,Kevin Barrett,2025,5,25,9:35,New Meadow,No,A,Grasshopper Sparrow,0,0,0,0,0,0,0,
Fruitlands,Kevin Barrett,2025,5,25,9:20,New Meadow,No,B,Grasshopper Sparrow,0,0,0,0,0,0,0,
Fruitlands,Kevin Barrett,2025,5,25,9:25,New Meadow,No,C,Grasshopper Sparrow,0,0,0,0,0,0,0,
Fruitlands,Kevin Barrett,2025,5,25,8:50,Old Meadow,No,D,Grasshopper Sparrow,0,0,0,0,0,0,0,
Fruitlands,Kevin Barrett,2025,5,25,8:45,Old Meadow,No,E,Grasshopper Sparrow,0,0,0,0,0,0,0,
Fruitlands,Kevin Barrett,2025,5,25,8:35,Old Meadow,No,F,Grasshopper Sparrow,0,0,0,0,0,0,0,
Fruitlands,Kevin Barrett,2025,5,25,9:10,Old Meadow,No,G,Grasshopper Sparrow,0,0,0,0,0,0,0,
Fruitlands,Kevin Barrett,2025,5,25,9:00,Old Meadow,No,H,Grasshopper Sparrow,0,0,0,0,0,0,0,
Fruitlands,Kevin Barrett,2025,5,25,9:35,New Meadow,No,A,Eastern Meadowlark,0,0,0,0,0,0,0,
Fruitlands,Kevin Barrett,2025,5,25,9:20,New Meadow,No,B,Eastern Meadowlark,0,0,0,0,0,0,0,
Fruitlands,Kevin Barrett,2025,5,25,9:25,New Meadow,No,C,Eastern Meadowlark,0,0,0,0,0,0,0,
Fruitlands,Kevin Barrett,2025,5,25,8:50,Old Meadow,No,D,Eastern Meadowlark,0,0,0,0,0,0,0,
Fruitlands,Kevin Barrett,2025,5,25,8:45,Old Meadow,No,E,Eastern Meadowlark,0,0,0,0,0,0,0,
Fruitlands,Kevin Barrett,2025,5,25,8:35,Old Meadow,No,F,Eastern Meadowlark,0,0,0,0,0,0,0,
Fruitlands,Kevin Barrett,2025,5,25,9:10,Old Meadow,No,G,Eastern Meadowlark,0,0,0,0,0,0,0,
Fruitlands,Kevin Barrett,2025,5,25,9:00,Old Meadow,No,H,Eastern Meadowlark,0,0,0,0,0,0,0,
Fruitlands,Patti Maguire,2025,5,30,8:03,New Meadow,No,A,Bobolink,0,0,0,2,1,3,3,
Fruitlands,Patti Maguire,2025,5,30,7:56,New Meadow,No,B,Bobolink,0,0,0,1,1,2,2,
Fruitlands,Patti Maguire,2025,5,30,7:44,New Meadow,No,C,Bobolink,0,0,0,0,0,0,0,
Fruitlands,Patti Maguire,2025,5,30,7:09,Old Meadow,No,D,Bobolink,0,0,0,0,0,0,0,
Fruitlands,Patti Maguire,2025,5,30,7:17,Old Meadow,No,E,Bobolink,0,0,0,0,0,0,0,
Fruitlands,Patti Maguire,2025,5,30,6:28,Old Meadow,No,F,Bobolink,0,0,0,0,0,0,0,
Fruitlands,Patti Maguire,2025,5,30,6:40,Old Meadow,No,G,Bobolink,0,0,0,0,0,0,0,
Fruitlands,Patti Maguire,2025,5,30,6:52,Old Meadow,No,H,Bobolink,0,0,0,0,0,0,0,
Fruitlands,Patti Maguire,2025,5,30,8:03,New Meadow,No,A,Savannah Sparrow,0,0,0,0,0,0,0,
Fruitlands,Patti Maguire,2025,5,30,7:56,New Meadow,No,B,Savannah Sparrow,0,0,0,0,0,0,0,
Fruitlands,Patti Maguire,2025,5,30,7:44,New Meadow,No,C,Savannah Sparrow,0,0,0,0,0,0,0,
Fruitlands,Patti Maguire,2025,5,30,7:09,Old Meadow,No,D,Savannah Sparrow,0,0,0,0,0,0,0,
Fruitlands,Patti Maguire,2025,5,30,7:17,Old Meadow,No,E,Savannah Sparrow,0,0,0,0,0,0,0,
Fruitlands,Patti Maguire,2025,5,30,6:28,Old Meadow,No,F,Savannah Sparrow,0,0,0,0,0,0,0,
Fruitlands,Patti Maguire,2025,5,30,6:40,Old Meadow,No,G,Savannah Sparrow,0,0,0,0,0,0,0,
Fruitlands,Patti Maguire,2025,5,30,6:52,Old Meadow,No,H,Savannah Sparrow,0,0,0,0,0,0,0,
Fruitlands,Patti Maguire,2025,5,30,8:03,New Meadow,No,A,Grasshopper Sparrow,0,0,0,0,0,0,0,
Fruitlands,Patti Maguire,2025,5,30,7:56,New Meadow,No,B,Grasshopper Sparrow,0,0,0,0,0,0,0,
Fruitlands,Patti Maguire,2025,5,30,7:44,New Meadow,No,C,Grasshopper Sparrow,0,0,0,0,0,0,0,
Fruitlands,Patti Maguire,2025,5,30,7:09,Old Meadow,No,D,Grasshopper Sparrow,0,0,0,0,0,0,0,
Fruitlands,Patti Maguire,2025,5,30,7:17,Old Meadow,No,E,Grasshopper Sparrow,0,0,0,0,0,0,0,
Fruitlands,Patti Maguire,2025,5,30,6:28,Old Meadow,No,F,Grasshopper Sparrow,0,0,0,0,0,0,0,
Fruitlands,Patti Maguire,2025,5,30,6:40,Old Meadow,No,G,Grasshopper Sparrow,0,0,0,0,0,0,0,
Fruitlands,Patti Maguire,2025,5,30,6:52,Old Meadow,No,H,Grasshopper Sparrow,0,0,0,0,0,0,0,
Fruitlands,Patti Maguire,2025,5,30,8:03,New Meadow,No,A,Eastern Meadowlark,0,0,0,0,0,0,0,
Fruitlands,Patti Maguire,2025,5,30,7:56,New Meadow,No,B,Eastern Meadowlark,0,0,0,0,0,0,0,
Fruitlands,Patti Maguire,2025,5,30,7:44,New Meadow,No,C,Eastern Meadowlark,0,0,0,0,0,0,0,
Fruitlands,Patti Maguire,2025,5,30,7:09,Old Meadow,No,D,Eastern Meadowlark,0,0,0,0,0,0,0,
Fruitlands,Patti Maguire,2025,5,30,7:17,Old Meadow,No,E,Eastern Meadowlark,0,0,0,0,0,0,0,
Fruitlands,Patti Maguire,2025,5,30,6:28,Old Meadow,No,F,Eastern Meadowlark,0,0,0,0,0,0,0,
Fruitlands,Patti Maguire,2025,5,30,6:40,Old Meadow,No,G,Eastern Meadowlark,0,0,0,0,0,0,0,
Fruitlands,Patti Maguire,2025,5,30,6:52,Old Meadow,No,H,Eastern Meadowlark,0,0,0,0,0,0,0,
Fruitlands,Kevin Barrett,2025,5,31,9:16,New Meadow,No,A,Bobolink,0,0,0,0,0,0,0,
Fruitlands,Kevin Barrett,2025,5,31,9:11,New Meadow,No,B,Bobolink,0,0,0,0,0,0,0,
Fruitlands,Kevin Barrett,2025,5,31,9:05,New Meadow,No,C,Bobolink,0,0,0,0,0,0,0,
Fruitlands,Kevin Barrett,2025,5,31,8:55,Old Meadow,No,D,Bobolink,0,0,0,0,0,0,0,
Fruitlands,Kevin Barrett,2025,5,31,8:45,Old Meadow,No,E,Bobolink,0,0,0,0,0,0,0,
Fruitlands,Kevin Barrett,2025,5,31,8:33,Old Meadow,No,F,Bobolink,0,0,0,0,0,0,0,
Fruitlands,Kevin Barrett,2025,5,31,9:55,Old Meadow,No,G,Bobolink,0,0,0,0,0,0,0,
Fruitlands,Kevin Barrett,2025,5,31,9:45,Old Meadow,No,H,Bobolink,0,0,0,0,0,0,0,
Fruitlands,Kevin Barrett,2025,5,31,9:16,New Meadow,No,A,Savannah Sparrow,0,0,0,0,0,0,0,
Fruitlands,Kevin Barrett,2025,5,31,9:11,New Meadow,No,B,Savannah Sparrow,0,0,0,0,0,0,0,
Fruitlands,Kevin Barrett,2025,5,31,9:05,New Meadow,No,C,Savannah Sparrow,0,0,0,0,0,0,0,
Fruitlands,Kevin Barrett,2025,5,31,8:55,Old Meadow,No,D,Savannah Sparrow,0,0,0,0,0,0,0,
Fruitlands,Kevin Barrett,2025,5,31,8:45,Old Meadow,No,E,Savannah Sparrow,0,0,0,0,0,0,0,
Fruitlands,Kevin Barrett,2025,5,31,8:33,Old Meadow,No,F,Savannah Sparrow,0,0,0,0,0,0,0,
Fruitlands,Kevin Barrett,2025,5,31,9:55,Old Meadow,No,G,Savannah Sparrow,0,0,0,0,0,0,0,
Fruitlands,Kevin Barrett,2025,5,31,9:45,Old Meadow,No,H,Savannah Sparrow,0,0,0,0,0,0,0,
Fruitlands,Kevin Barrett,2025,5,31,9:16,New Meadow,No,A,Grasshopper Sparrow,0,0,0,0,0,0,0,
Fruitlands,Kevin Barrett,2025,5,31,9:11,New Meadow,No,B,Grasshopper Sparrow,0,0,0,0,0,0,0,
Fruitlands,Kevin Barrett,2025,5,31,9:05,New Meadow,No,C,Grasshopper Sparrow,0,0,0,0,0,0,0,
Fruitlands,Kevin Barrett,2025,5,31,8:55,Old Meadow,No,D,Grasshopper Sparrow,0,0,0,0,0,0,0,
Fruitlands,Kevin Barrett,2025,5,31,8:45,Old Meadow,No,E,Grasshopper Sparrow,0,0,0,0,0,0,0,
Fruitlands,Kevin Barrett,2025,5,31,8:33,Old Meadow,No,F,Grasshopper Sparrow,0,0,0,0,0,0,0,
Fruitlands,Kevin Barrett,2025,5,31,9:55,Old Meadow,No,G,Grasshopper Sparrow,0,0,0,0,0,0,0,
Fruitlands,Kevin Barrett,2025,5,31,9:45,Old Meadow,No,H,Grasshopper Sparrow,0,0,0,0,0,0,0,
Fruitlands,Kevin Barrett,2025,5,31,9:16,New Meadow,No,A,Eastern Meadowlark,0,0,0,0,0,0,0,
Fruitlands,Kevin Barrett,2025,5,31,9:11,New Meadow,No,B,Eastern Meadowlark,0,0,0,0,0,0,0,
Fruitlands,Kevin Barrett,2025,5,31,9:05,New Meadow,No,C,Eastern Meadowlark,0,0,0,0,0,0,0,
Fruitlands,Kevin Barrett,2025,5,31,8:55,Old Meadow,No,D,Eastern Meadowlark,0,0,0,0,0,0,0,
Fruitlands,Kevin Barrett,2025,5,31,8:45,Old Meadow,No,E,Eastern Meadowlark,0,0,0,0,0,0,0,
Fruitlands,Kevin Barrett,2025,5,31,8:33,Old Meadow,No,F,Eastern Meadowlark,0,0,0,0,0,0,0,
Fruitlands,Kevin Barrett,2025,5,31,9:55,Old Meadow,No,G,Eastern Meadowlark,0,0,0,0,0,0,0,
Fruitlands,Kevin Barrett,2025,5,31,9:45,Old Meadow,No,H,Eastern Meadowlark,0,0,0,0,0,0,0,
Fruitlands,Patti Maguire,2025,6,5,7:33,New Meadow,No,A,Bobolink,0,0,0,0,0,0,0,
Fruitlands,Patti Maguire,2025,6,5,7:26,New Meadow,No,B,Bobolink,0,0,0,0,0,0,0,
Fruitlands,Patti Maguire,2025,6,5,7:53,New Meadow,No,C,Bobolink,0,0,0,0,0,0,0,
Fruitlands,Patti Maguire,2025,6,5,6:55,Old Meadow,No,D,Bobolink,0,0,0,0,0,0,0,
Fruitlands,Patti Maguire,2025,6,5,7:02,Old Meadow,No,E,Bobolink,0,0,0,0,0,0,0,
Fruitlands,Patti Maguire,2025,6,5,6:26,Old Meadow,No,F,Bobolink,0,0,0,0,0,0,0,
Fruitlands,Patti Maguire,2025,6,5,6:36,Old Meadow,No,G,Bobolink,0,0,0,0,0,0,0,
Fruitlands,Patti Maguire,2025,6,5,6:45,Old Meadow,No,H,Bobolink,0,0,0,0,0,0,0,
Fruitlands,Patti Maguire,2025,6,5,7:33,New Meadow,No,A,Savannah Sparrow,0,0,0,0,0,0,0,
Fruitlands,Patti Maguire,2025,6,5,7:26,New Meadow,No,B,Savannah Sparrow,0,0,0,0,0,0,0,
Fruitlands,Patti Maguire,2025,6,5,7:53,New Meadow,No,C,Savannah Sparrow,0,0,0,0,0,0,0,
Fruitlands,Patti Maguire,2025,6,5,6:55,Old Meadow,No,D,Savannah Sparrow,0,0,0,0,0,0,0,
Fruitlands,Patti Maguire,2025,6,5,7:02,Old Meadow,No,E,Savannah Sparrow,0,0,0,0,0,0,0,
Fruitlands,Patti Maguire,2025,6,5,6:26,Old Meadow,No,F,Savannah Sparrow,0,0,0,0,0,0,0,
Fruitlands,Patti Maguire,2025,6,5,6:36,Old Meadow,No,G,Savannah Sparrow,0,0,0,0,0,0,0,
Fruitlands,Patti Maguire,2025,6,5,6:45,Old Meadow,No,H,Savannah Sparrow,0,0,0,0,0,0,0,
Fruitlands,Patti Maguire,2025,6,5,7:33,New Meadow,No,A,Grasshopper Sparrow,0,0,0,0,0,0,0,
Fruitlands,Patti Maguire,2025,6,5,7:26,New Meadow,No,B,Grasshopper Sparrow,0,0,0,0,0,0,0,
Fruitlands,Patti Maguire,2025,6,5,7:53,New Meadow,No,C,Grasshopper Sparrow,0,0,0,0,0,0,0,
Fruitlands,Patti Maguire,2025,6,5,6:55,Old Meadow,No,D,Grasshopper Sparrow,0,0,0,0,0,0,0,
Fruitlands,Patti Maguire,2025,6,5,7:02,Old Meadow,No,E,Grasshopper Sparrow,0,0,0,0,0,0,0,
Fruitlands,Patti Maguire,2025,6,5,6:26,Old Meadow,No,F,Grasshopper Sparrow,0,0,0,0,0,0,0,
Fruitlands,Patti Maguire,2025,6,5,6:36,Old Meadow,No,G,Grasshopper Sparrow,0,0,0,0,0,0,0,
Fruitlands,Patti Maguire,2025,6,5,6:45,Old Meadow,No,H,Grasshopper Sparrow,0,0,0,0,0,0,0,
Fruitlands,Patti Maguire,2025,6,5,7:33,New Meadow,No,A,Eastern Meadowlark,0,0,0,0,0,0,0,
Fruitlands,Patti Maguire,2025,6,5,7:26,New Meadow,No,B,Eastern Meadowlark,0,0,0,0,0,0,0,
Fruitlands,Patti Maguire,2025,6,5,7:53,New Meadow,No,C,Eastern Meadowlark,0,0,0,0,0,0,0,
Fruitlands,Patti Maguire,2025,6,5,6:55,Old Meadow,No,D,Eastern Meadowlark,0,0,0,0,0,0,0,
Fruitlands,Patti Maguire,2025,6,5,7:02,Old Meadow,No,E,Eastern Meadowlark,0,0,0,0,0,0,0,
Fruitlands,Patti Maguire,2025,6,5,6:26,Old Meadow,No,F,Eastern Meadowlark,0,0,0,0,0,0,0,
Fruitlands,Patti Maguire,2025,6,5,6:36,Old Meadow,No,G,Eastern Meadowlark,0,0,0,0,0,0,0,
Fruitlands,Patti Maguire,2025,6,5,6:45,Old Meadow,No,H,Eastern Meadowlark,0,0,0,0,0,0,0,
Fruitlands,Kevin Barrett,2025,6,9,9:22,New Meadow,No,A,Bobolink,0,0,0,0,0,1,1,
Fruitlands,Kevin Barrett,2025,6,9,9:15,New Meadow,No,B,Bobolink,0,0,0,0,0,0,0,
Fruitlands,Kevin Barrett,2025,6,9,9:05,New Meadow,No,C,Bobolink,0,0,0,0,0,0,0,
Fruitlands,Kevin Barrett,2025,6,9,8:50,Old Meadow,No,D,Bobolink,0,0,0,0,0,0,0,
Fruitlands,Kevin Barrett,2025,6,9,8:45,Old Meadow,No,E,Bobolink,0,0,0,0,0,0,0,
Fruitlands,Kevin Barrett,2025,6,9,8:36,Old Meadow,No,F,Bobolink,0,0,0,0,0,0,0,
Fruitlands,Kevin Barrett,2025,6,9,9:10,Old Meadow,No,G,Bobolink,0,0,0,0,0,0,0,
Fruitlands,Kevin Barrett,2025,6,9,9:00,Old Meadow,No,H,Bobolink,0,0,0,0,0,0,0,
Fruitlands,Kevin Barrett,2025,6,9,9:22,New Meadow,No,A,Savannah Sparrow,0,0,0,0,0,0,0,
Fruitlands,Kevin Barrett,2025,6,9,9:15,New Meadow,No,B,Savannah Sparrow,0,0,0,0,0,0,0,
Fruitlands,Kevin Barrett,2025,6,9,9:05,New Meadow,No,C,Savannah Sparrow,0,0,0,0,0,0,0,
Fruitlands,Kevin Barrett,2025,6,9,8:50,Old Meadow,No,D,Savannah Sparrow,0,0,0,0,0,0,0,
Fruitlands,Kevin Barrett,2025,6,9,8:45,Old Meadow,No,E,Savannah Sparrow,0,0,0,0,0,0,0,
Fruitlands,Kevin Barrett,2025,6,9,8:36,Old Meadow,No,F,Savannah Sparrow,0,0,0,0,0,0,0,
Fruitlands,Kevin Barrett,2025,6,9,9:10,Old Meadow,No,G,Savannah Sparrow,0,0,0,0,0,0,0,
Fruitlands,Kevin Barrett,2025,6,9,9:00,Old Meadow,No,H,Savannah Sparrow,0,0,0,0,0,0,0,
Fruitlands,Kevin Barrett,2025,6,9,9:22,New Meadow,No,A,Grasshopper Sparrow,0,0,0,0,0,0,0,
Fruitlands,Kevin Barrett,2025,6,9,9:15,New Meadow,No,B,Grasshopper Sparrow,0,0,0,0,0,0,0,
Fruitlands,Kevin Barrett,2025,6,9,9:05,New Meadow,No,C,Grasshopper Sparrow,0,0,0,0,0,0,0,
Fruitlands,Kevin Barrett,2025,6,9,8:50,Old Meadow,No,D,Grasshopper Sparrow,0,0,0,0,0,0,0,
Fruitlands,Kevin Barrett,2025,6,9,8:45,Old Meadow,No,E,Grasshopper Sparrow,0,0,0,0,0,0,0,
Fruitlands,Kevin Barrett,2025,6,9,8:36,Old Meadow,No,F,Grasshopper Sparrow,0,0,0,0,0,0,0,
Fruitlands,Kevin Barrett,2025,6,9,9:10,Old Meadow,No,G,Grasshopper Sparrow,0,0,0,0,0,0,0,
Fruitlands,Kevin Barrett,2025,6,9,9:00,Old Meadow,No,H,Grasshopper Sparrow,0,0,0,0,0,0,0,
Fruitlands,Kevin Barrett,2025,6,9,9:22,New Meadow,No,A,Eastern Meadowlark,0,0,0,0,0,0,0,
Fruitlands,Kevin Barrett,2025,6,9,9:15,New Meadow,No,B,Eastern Meadowlark,0,0,0,0,0,0,0,
Fruitlands,Kevin Barrett,2025,6,9,9:05,New Meadow,No,C,Eastern Meadowlark,0,0,0,0,0,0,0,
Fruitlands,Kevin Barrett,2025,6,9,8:50,Old Meadow,No,D,Eastern Meadowlark,0,0,0,0,0,0,0,
Fruitlands,Kevin Barrett,2025,6,9,8:45,Old Meadow,No,E,Eastern Meadowlark,0,0,0,0,0,0,0,
Fruitlands,Kevin Barrett,2025,6,9,8:36,Old Meadow,No,F,Eastern Meadowlark,0,0,0,0,0,0,0,
Fruitlands,Kevin Barrett,2025,6,9,9:10,Old Meadow,No,G,Eastern Meadowlark,0,0,0,0,0,0,0,
Fruitlands,Kevin Barrett,2025,6,9,9:00,Old Meadow,No,H,Eastern Meadowlark,0,0,0,0,0,0,0,
Fruitlands,Patti Maguire,2025,6,12,8:24,New Meadow,No,A,Bobolink,0,0,0,2,0,2,2,
Fruitlands,Patti Maguire,2025,6,12,8:17,New Meadow,No,B,Bobolink,0,0,0,1,0,1,1,
Fruitlands,Patti Maguire,2025,6,12,8:02,New Meadow,No,C,Bobolink,0,2,2,0,0,0,2,
Fruitlands,Patti Maguire,2025,6,12,7:36,Old Meadow,No,D,Bobolink,0,0,0,0,0,0,0,
Fruitlands,Patti Maguire,2025,6,12,7:44,Old Meadow,No,E,Bobolink,0,0,0,0,0,0,0,
Fruitlands,Patti Maguire,2025,6,12,6:57,Old Meadow,No,F,Bobolink,0,0,0,0,0,0,0,
Fruitlands,Patti Maguire,2025,6,12,7:07,Old Meadow,No,G,Bobolink,0,0,0,0,0,0,0,
Fruitlands,Patti Maguire,2025,6,12,7:23,Old Meadow,No,H,Bobolink,0,0,0,0,0,0,0,
Fruitlands,Patti Maguire,2025,6,12,8:24,New Meadow,No,A,Savannah Sparrow,0,0,0,0,0,0,0,
Fruitlands,Patti Maguire,2025,6,12,8:17,New Meadow,No,B,Savannah Sparrow,0,0,0,0,0,0,0,
Fruitlands,Patti Maguire,2025,6,12,8:02,New Meadow,No,C,Savannah Sparrow,0,0,0,0,0,0,0,
Fruitlands,Patti Maguire,2025,6,12,7:36,Old Meadow,No,D,Savannah Sparrow,0,0,0,0,0,0,0,
Fruitlands,Patti Maguire,2025,6,12,7:44,Old Meadow,No,E,Savannah Sparrow,0,0,0,0,0,0,0,
Fruitlands,Patti Maguire,2025,6,12,6:57,Old Meadow,No,F,Savannah Sparrow,0,0,0,0,0,0,0,
Fruitlands,Patti Maguire,2025,6,12,7:07,Old Meadow,No,G,Savannah Sparrow,0,0,0,0,0,0,0,
Fruitlands,Patti Maguire,2025,6,12,7:23,Old Meadow,No,H,Savannah Sparrow,0,0,0,0,0,0,0,
Fruitlands,Patti Maguire,2025,6,12,8:24,New Meadow,No,A,Grasshopper Sparrow,0,0,0,0,0,0,0,
Fruitlands,Patti Maguire,2025,6,12,8:17,New Meadow,No,B,Grasshopper Sparrow,0,0,0,0,0,0,0,
Fruitlands,Patti Maguire,2025,6,12,8:02,New Meadow,No,C,Grasshopper Sparrow,0,0,0,0,0,0,0,
Fruitlands,Patti Maguire,2025,6,12,7:36,Old Meadow,No,D,Grasshopper Sparrow,0,0,0,0,0,0,0,
Fruitlands,Patti Maguire,2025,6,12,7:44,Old Meadow,No,E,Grasshopper Sparrow,0,0,0,0,0,0,0,
Fruitlands,Patti Maguire,2025,6,12,6:57,Old Meadow,No,F,Grasshopper Sparrow,0,0,0,0,0,0,0,
Fruitlands,Patti Maguire,2025,6,12,7:07,Old Meadow,No,G,Grasshopper Sparrow,0,0,0,0,0,0,0,
Fruitlands,Patti Maguire,2025,6,12,7:23,Old Meadow,No,H,Grasshopper Sparrow,0,0,0,0,0,0,0,
Fruitlands,Patti Maguire,2025,6,12,8:24,New Meadow,No,A,Eastern Meadowlark,0,0,0,0,0,0,0,
Fruitlands,Patti Maguire,2025,6,12,8:17,New Meadow,No,B,Eastern Meadowlark,0,0,0,0,0,0,0,
Fruitlands,Patti Maguire,2025,6,12,8:02,New Meadow,No,C,Eastern Meadowlark,0,0,0,0,0,0,0,
Fruitlands,Patti Maguire,2025,6,12,7:36,Old Meadow,No,D,Eastern Meadowlark,0,0,0,0,0,0,0,
Fruitlands,Patti Maguire,2025,6,12,7:44,Old Meadow,No,E,Eastern Meadowlark,0,0,0,0,0,0,0,
Fruitlands,Patti Maguire,2025,6,12,6:57,Old Meadow,No,F,Eastern Meadowlark,0,0,0,0,0,0,0,
Fruitlands,Patti Maguire,2025,6,12,7:07,Old Meadow,No,G,Eastern Meadowlark,0,0,0,0,0,0,0,
Fruitlands,Patti Maguire,2025,6,12,7:23,Old Meadow,No,H,Eastern Meadowlark,0,0,0,0,0,0,0,
Fruitlands,Patti Maguire,2025,6,19,8:18,New Meadow,Yes,A,Bobolink,0,0,0,0,0,0,0,
Fruitlands,Patti Maguire,2025,6,19,8:09,New Meadow,Yes,B,Bobolink,0,0,0,0,0,0,0,
Fruitlands,Patti Maguire,2025,6,19,7:58,New Meadow,Yes,C,Bobolink,0,0,0,0,0,0,0,
Fruitlands,Patti Maguire,2025,6,19,7:29,Old Meadow,No,D,Bobolink,0,0,0,0,0,0,0,
Fruitlands,Patti Maguire,2025,6,19,7:39,Old Meadow,No,E,Bobolink,0,0,0,0,0,0,0,
Fruitlands,Patti Maguire,2025,6,19,7:01,Old Meadow,No,F,Bobolink,0,0,0,0,0,0,0,
Fruitlands,Patti Maguire,2025,6,19,7:10,Old Meadow,No,G,Bobolink,0,0,0,0,0,0,0,
Fruitlands,Patti Maguire,2025,6,19,7:19,Old Meadow,No,H,Bobolink,0,0,0,0,0,0,0,
Fruitlands,Patti Maguire,2025,6,19,8:18,New Meadow,Yes,A,Savannah Sparrow,0,0,0,0,0,0,0,
Fruitlands,Patti Maguire,2025,6,19,8:09,New Meadow,Yes,B,Savannah Sparrow,0,0,0,0,0,0,0,
Fruitlands,Patti Maguire,2025,6,19,7:58,New Meadow,Yes,C,Savannah Sparrow,0,0,0,0,0,0,0,
Fruitlands,Patti Maguire,2025,6,19,7:29,Old Meadow,No,D,Savannah Sparrow,0,0,0,0,0,0,0,
Fruitlands,Patti Maguire,2025,6,19,7:39,Old Meadow,No,E,Savannah Sparrow,0,0,0,0,0,0,0,
Fruitlands,Patti Maguire,2025,6,19,7:01,Old Meadow,No,F,Savannah Sparrow,0,0,0,0,0,0,0,
Fruitlands,Patti Maguire,2025,6,19,7:10,Old Meadow,No,G,Savannah Sparrow,0,0,0,0,0,0,0,
Fruitlands,Patti Maguire,2025,6,19,7:19,Old Meadow,No,H,Savannah Sparrow,0,0,0,0,0,0,0,
Fruitlands,Patti Maguire,2025,6,19,8:18,New Meadow,Yes,A,Grasshopper Sparrow,0,0,0,0,0,0,0,
Fruitlands,Patti Maguire,2025,6,19,8:09,New Meadow,Yes,B,Grasshopper Sparrow,0,0,0,0,0,0,0,
Fruitlands,Patti Maguire,2025,6,19,7:58,New Meadow,Yes,C,Grasshopper Sparrow,0,0,0,0,0,0,0,
Fruitlands,Patti Maguire,2025,6,19,7:29,Old Meadow,No,D,Grasshopper Sparrow,0,0,0,0,0,0,0,
Fruitlands,Patti Maguire,2025,6,19,7:39,Old Meadow,No,E,Grasshopper Sparrow,0,0,0,0,0,0,0,
Fruitlands,Patti Maguire,2025,6,19,7:01,Old Meadow,No,F,Grasshopper Sparrow,0,0,0,0,0,0,0,
Fruitlands,Patti Maguire,2025,6,19,7:10,Old Meadow,No,G,Grasshopper Sparrow,0,0,0,0,0,0,0,
Fruitlands,Patti Maguire,2025,6,19,7:19,Old Meadow,No,H,Grasshopper Sparrow,0,0,0,0,0,0,0,
Fruitlands,Patti Maguire,2025,6,19,8:18,New Meadow,Yes,A,Eastern Meadowlark,0,0,0,0,0,0,0,
Fruitlands,Patti Maguire,2025,6,19,8:09,New Meadow,Yes,B,Eastern Meadowlark,0,0,0,0,0,0,0,
Fruitlands,Patti Maguire,2025,6,19,7:58,New Meadow,Yes,C,Eastern Meadowlark,0,0,0,0,0,0,0,
Fruitlands,Patti Maguire,2025,6,19,7:29,Old Meadow,No,D,Eastern Meadowlark,0,0,0,0,0,0,0,
Fruitlands,Patti Maguire,2025,6,19,7:39,Old Meadow,No,E,Eastern Meadowlark,0,0,0,0,0,0,0,
Fruitlands,Patti Maguire,2025,6,19,7:01,Old Meadow,No,F,Eastern Meadowlark,0,0,0,0,0,0,0,
Fruitlands,Patti Maguire,2025,6,19,7:10,Old Meadow,No,G,Eastern Meadowlark,0,0,0,0,0,0,0,
Fruitlands,Patti Maguire,2025,6,19,7:19,Old Meadow,No,H,Eastern Meadowlark,0,0,0,0,0,0,0,
Fruitlands,Patti Maguire,2025,6,26,7:58,New Meadow,Yes,A,Bobolink,0,0,0,0,0,0,0,
Fruitlands,Patti Maguire,2025,6,26,7:49,New Meadow,Yes,B,Bobolink,0,0,0,0,0,0,0,
Fruitlands,Patti Maguire,2025,6,26,7:37,New Meadow,Yes,C,Bobolink,0,0,0,0,0,0,0,
Fruitlands,Patti Maguire,2025,6,26,7:12,Old Meadow,No,D,Bobolink,0,0,0,0,0,0,0,
Fruitlands,Patti Maguire,2025,6,26,7:20,Old Meadow,No,E,Bobolink,0,0,0,0,0,0,0,
Fruitlands,Patti Maguire,2025,6,26,6:46,Old Meadow,No,F,Bobolink,0,0,0,0,0,0,0,
Fruitlands,Patti Maguire,2025,6,26,6:57,Old Meadow,No,G,Bobolink,0,0,0,0,0,0,0,
Fruitlands,Patti Maguire,2025,6,26,NA,Old Meadow,No,H,Bobolink,NA,NA,NA,NA,NA,NA,NA,
Fruitlands,Patti Maguire,2025,6,26,7:58,New Meadow,Yes,A,Savannah Sparrow,0,0,0,0,0,0,0,
Fruitlands,Patti Maguire,2025,6,26,7:49,New Meadow,Yes,B,Savannah Sparrow,0,0,0,0,0,0,0,
Fruitlands,Patti Maguire,2025,6,26,7:37,New Meadow,Yes,C,Savannah Sparrow,0,0,0,0,0,0,0,
Fruitlands,Patti Maguire,2025,6,26,7:12,Old Meadow,No,D,Savannah Sparrow,0,0,0,0,0,0,0,
Fruitlands,Patti Maguire,2025,6,26,7:20,Old Meadow,No,E,Savannah Sparrow,0,0,0,0,0,0,0,
Fruitlands,Patti Maguire,2025,6,26,6:46,Old Meadow,No,F,Savannah Sparrow,0,0,0,0,0,0,0,
Fruitlands,Patti Maguire,2025,6,26,6:57,Old Meadow,No,G,Savannah Sparrow,0,0,0,0,0,0,0,
Fruitlands,Patti Maguire,2025,6,26,NA,Old Meadow,No,H,Savannah Sparrow,NA,NA,NA,NA,NA,NA,NA,
Fruitlands,Patti Maguire,2025,6,26,7:58,New Meadow,Yes,A,Grasshopper Sparrow,0,0,0,0,0,0,0,
Fruitlands,Patti Maguire,2025,6,26,7:49,New Meadow,Yes,B,Grasshopper Sparrow,0,0,0,0,0,0,0,
Fruitlands,Patti Maguire,2025,6,26,7:37,New Meadow,Yes,C,Grasshopper Sparrow,0,0,0,0,0,0,0,
Fruitlands,Patti Maguire,2025,6,26,7:12,Old Meadow,No,D,Grasshopper Sparrow,0,0,0,0,0,0,0,
Fruitlands,Patti Maguire,2025,6,26,7:20,Old Meadow,No,E,Grasshopper Sparrow,0,0,0,0,0,0,0,
Fruitlands,Patti Maguire,2025,6,26,6:46,Old Meadow,No,F,Grasshopper Sparrow,0,0,0,0,0,0,0,
Fruitlands,Patti Maguire,2025,6,26,6:57,Old Meadow,No,G,Grasshopper Sparrow,0,0,0,0,0,0,0,
Fruitlands,Patti Maguire,2025,6,26,NA,Old Meadow,No,H,Grasshopper Sparrow,NA,NA,NA,NA,NA,NA,NA,
Fruitlands,Patti Maguire,2025,6,26,7:58,New Meadow,Yes,A,Eastern Meadowlark,0,0,0,0,0,0,0,
Fruitlands,Patti Maguire,2025,6,26,7:49,New Meadow,Yes,B,Eastern Meadowlark,0,0,0,0,0,0,0,
Fruitlands,Patti Maguire,2025,6,26,7:37,New Meadow,Yes,C,Eastern Meadowlark,0,0,0,0,0,0,0,
Fruitlands,Patti Maguire,2025,6,26,7:12,Old Meadow,No,D,Eastern Meadowlark,0,0,0,0,0,0,0,
Fruitlands,Patti Maguire,2025,6,26,7:20,Old Meadow,No,E,Eastern Meadowlark,0,0,0,0,0,0,0,
Fruitlands,Patti Maguire,2025,6,26,6:46,Old Meadow,No,F,Eastern Meadowlark,0,0,0,0,0,0,0,
Fruitlands,Patti Maguire,2025,6,26,6:57,Old Meadow,No,G,Eastern Meadowlark,0,0,0,0,0,0,0,
Fruitlands,Patti Maguire,2025,6,26,NA,Old Meadow,No,H,Eastern Meadowlark,NA,NA,NA,NA,NA,NA,NA,
Fruitlands,Ed Bogle,2025,6,26,5:35,New Meadow,Yes,A,Bobolink,0,0,0,0,0,0,0,
Fruitlands,Ed Bogle,2025,6,26,5:45,New Meadow,Yes,B,Bobolink,0,0,0,0,0,0,0,
Fruitlands,Ed Bogle,2025,6,26,5:58,New Meadow,Yes,C,Bobolink,0,0,0,0,0,0,0,
Fruitlands,Ed Bogle,2025,6,26,6:44,Old Meadow,No,D,Bobolink,0,0,0,0,0,0,0,
Fruitlands,Ed Bogle,2025,6,26,6:57,Old Meadow,No,E,Bobolink,0,0,0,0,0,0,0,
Fruitlands,Ed Bogle,2025,6,26,7:08,Old Meadow,No,F,Bobolink,0,0,0,0,0,0,0,
Fruitlands,Ed Bogle,2025,6,26,6:21,Old Meadow,No,G,Bobolink,0,0,0,0,0,0,0,
Fruitlands,Ed Bogle,2025,6,26,6:35,Old Meadow,No,H,Bobolink,0,0,0,0,0,0,0,
Fruitlands,Ed Bogle,2025,6,26,5:35,New Meadow,Yes,A,Savannah Sparrow,0,0,0,0,0,0,0,
Fruitlands,Ed Bogle,2025,6,26,5:45,New Meadow,Yes,B,Savannah Sparrow,0,0,0,0,0,0,0,
Fruitlands,Ed Bogle,2025,6,26,5:58,New Meadow,Yes,C,Savannah Sparrow,0,0,0,0,0,0,0,
Fruitlands,Ed Bogle,2025,6,26,6:44,Old Meadow,No,D,Savannah Sparrow,0,0,0,0,0,0,0,
Fruitlands,Ed Bogle,2025,6,26,6:57,Old Meadow,No,E,Savannah Sparrow,0,0,0,0,0,0,0,
Fruitlands,Ed Bogle,2025,6,26,7:08,Old Meadow,No,F,Savannah Sparrow,0,0,0,0,0,0,0,
Fruitlands,Ed Bogle,2025,6,26,6:21,Old Meadow,No,G,Savannah Sparrow,0,0,0,0,0,0,0,
Fruitlands,Ed Bogle,2025,6,26,6:35,Old Meadow,No,H,Savannah Sparrow,0,0,0,0,0,0,0,
Fruitlands,Ed Bogle,2025,6,26,5:35,New Meadow,Yes,A,Grasshopper Sparrow,0,0,0,0,0,0,0,
Fruitlands,Ed Bogle,2025,6,26,5:45,New Meadow,Yes,B,Grasshopper Sparrow,0,0,0,0,0,0,0,
Fruitlands,Ed Bogle,2025,6,26,5:58,New Meadow,Yes,C,Grasshopper Sparrow,0,0,0,0,0,0,0,
Fruitlands,Ed Bogle,2025,6,26,6:44,Old Meadow,No,D,Grasshopper Sparrow,0,0,0,0,0,0,0,
Fruitlands,Ed Bogle,2025,6,26,6:57,Old Meadow,No,E,Grasshopper Sparrow,0,0,0,0,0,0,0,
Fruitlands,Ed Bogle,2025,6,26,7:08,Old Meadow,No,F,Grasshopper Sparrow,0,0,0,0,0,0,0,
Fruitlands,Ed Bogle,2025,6,26,6:21,Old Meadow,No,G,Grasshopper Sparrow,0,0,0,0,0,0,0,
Fruitlands,Ed Bogle,2025,6,26,6:35,Old Meadow,No,H,Grasshopper Sparrow,0,0,0,0,0,0,0,
Fruitlands,Ed Bogle,2025,6,26,5:35,New Meadow,Yes,A,Eastern Meadowlark,0,0,0,0,0,0,0,
Fruitlands,Ed Bogle,2025,6,26,5:45,New Meadow,Yes,B,Eastern Meadowlark,0,0,0,0,0,0,0,
Fruitlands,Ed Bogle,2025,6,26,5:58,New Meadow,Yes,C,Eastern Meadowlark,0,0,0,0,0,0,0,
Fruitlands,Ed Bogle,2025,6,26,6:44,Old Meadow,No,D,Eastern Meadowlark,0,0,0,0,0,0,0,
Fruitlands,Ed Bogle,2025,6,26,6:57,Old Meadow,No,E,Eastern Meadowlark,0,0,0,0,0,0,0,
Fruitlands,Ed Bogle,2025,6,26,7:08,Old Meadow,No,F,Eastern Meadowlark,0,0,0,0,0,0,0,
Fruitlands,Ed Bogle,2025,6,26,6:21,Old Meadow,No,G,Eastern Meadowlark,0,0,0,0,0,0,0,
Fruitlands,Ed Bogle,2025,6,26,6:35,Old Meadow,No,H,Eastern Meadowlark,0,0,0,0,0,0,0,
Fruitlands,Kevin Barrett,2025,6,30,5:58,New Meadow,Yes,A,Bobolink,0,0,0,0,0,0,0,
Fruitlands,Kevin Barrett,2025,6,30,7:05,New Meadow,Yes,B,Bobolink,0,0,0,0,0,0,0,
Fruitlands,Kevin Barrett,2025,6,30,7:11,New Meadow,Yes,C,Bobolink,0,0,0,0,0,0,0,
Fruitlands,Kevin Barrett,2025,6,30,6:51,Old Meadow,No,D,Bobolink,0,0,0,0,0,0,0,
Fruitlands,Kevin Barrett,2025,6,30,6:46,Old Meadow,No,E,Bobolink,0,0,0,0,0,0,0,
Fruitlands,Kevin Barrett,2025,6,30,6:40,Old Meadow,No,F,Bobolink,0,0,0,0,0,0,0,
Fruitlands,Kevin Barrett,2025,6,30,7:25,Old Meadow,No,G,Bobolink,0,0,0,0,0,0,0,
Fruitlands,Kevin Barrett,2025,6,30,7:20,Old Meadow,No,H,Bobolink,0,0,0,0,0,0,0,
Fruitlands,Kevin Barrett,2025,6,30,5:58,New Meadow,Yes,A,Savannah Sparrow,0,0,0,0,0,0,0,
Fruitlands,Kevin Barrett,2025,6,30,7:05,New Meadow,Yes,B,Savannah Sparrow,0,0,0,0,0,0,0,
Fruitlands,Kevin Barrett,2025,6,30,7:11,New Meadow,Yes,C,Savannah Sparrow,0,0,0,0,0,0,0,
Fruitlands,Kevin Barrett,2025,6,30,6:51,Old Meadow,No,D,Savannah Sparrow,0,0,0,0,0,0,0,
Fruitlands,Kevin Barrett,2025,6,30,6:46,Old Meadow,No,E,Savannah Sparrow,0,0,0,0,0,0,0,
Fruitlands,Kevin Barrett,2025,6,30,6:40,Old Meadow,No,F,Savannah Sparrow,0,0,0,0,0,0,0,
Fruitlands,Kevin Barrett,2025,6,30,7:25,Old Meadow,No,G,Savannah Sparrow,0,0,0,0,0,0,0,
Fruitlands,Kevin Barrett,2025,6,30,7:20,Old Meadow,No,H,Savannah Sparrow,0,0,0,0,0,0,0,
Fruitlands,Kevin Barrett,2025,6,30,5:58,New Meadow,Yes,A,Grasshopper Sparrow,0,0,0,0,0,0,0,
Fruitlands,Kevin Barrett,2025,6,30,7:05,New Meadow,Yes,B,Grasshopper Sparrow,0,0,0,0,0,0,0,
Fruitlands,Kevin Barrett,2025,6,30,7:11,New Meadow,Yes,C,Grasshopper Sparrow,0,0,0,0,0,0,0,
Fruitlands,Kevin Barrett,2025,6,30,6:51,Old Meadow,No,D,Grasshopper Sparrow,0,0,0,0,0,0,0,
Fruitlands,Kevin Barrett,2025,6,30,6:46,Old Meadow,No,E,Grasshopper Sparrow,0,0,0,0,0,0,0,
Fruitlands,Kevin Barrett,2025,6,30,6:40,Old Meadow,No,F,Grasshopper Sparrow,0,0,0,0,0,0,0,
Fruitlands,Kevin Barrett,2025,6,30,7:25,Old Meadow,No,G,Grasshopper Sparrow,0,0,0,0,0,0,0,
Fruitlands,Kevin Barrett,2025,6,30,7:20,Old Meadow,No,H,Grasshopper Sparrow,0,0,0,0,0,0,0,
Fruitlands,Kevin Barrett,2025,6,30,5:58,New Meadow,Yes,A,Eastern Meadowlark,0,0,0,0,0,0,0,
Fruitlands,Kevin Barrett,2025,6,30,7:05,New Meadow,Yes,B,Eastern Meadowlark,0,0,0,0,0,0,0,
Fruitlands,Kevin Barrett,2025,6,30,7:11,New Meadow,Yes,C,Eastern Meadowlark,0,0,0,0,0,0,0,
Fruitlands,Kevin Barrett,2025,6,30,6:51,Old Meadow,No,D,Eastern Meadowlark,0,0,0,0,0,0,0,
Fruitlands,Kevin Barrett,2025,6,30,6:46,Old Meadow,No,E,Eastern Meadowlark,0,0,0,0,0,0,0,
Fruitlands,Kevin Barrett,2025,6,30,6:40,Old Meadow,No,F,Eastern Meadowlark,0,0,0,0,0,0,0,
Fruitlands,Kevin Barrett,2025,6,30,7:25,Old Meadow,No,G,Eastern Meadowlark,0,0,0,0,0,0,0,
Fruitlands,Kevin Barrett,2025,6,30,7:20,Old Meadow,No,H,Eastern Meadowlark,0,0,0,0,0,0,0,
Fruitlands,Patti MacGuire,2025,7,3,8:13,New Meadow,Yes,A,Bobolink,0,0,0,0,0,0,0,
Fruitlands,Patti MacGuire,2025,7,3,8:06,New Meadow,Yes,B,Bobolink,0,0,0,0,0,0,0,
Fruitlands,Patti MacGuire,2025,7,3,7:52,New Meadow,Yes,C,Bobolink,0,0,0,0,0,0,0,
Fruitlands,Patti MacGuire,2025,7,3,7:25,Old Meadow,No,D,Bobolink,0,0,0,0,0,0,0,
Fruitlands,Patti MacGuire,2025,7,3,7:34,Old Meadow,No,E,Bobolink,0,0,0,0,0,0,0,
Fruitlands,Patti MacGuire,2025,7,3,7:01,Old Meadow,No,F,Bobolink,0,0,0,0,0,0,0,
Fruitlands,Patti MacGuire,2025,7,3,7:11,Old Meadow,No,G,Bobolink,0,0,0,0,0,0,0,
Fruitlands,Patti MacGuire,2025,7,3,NA,Old Meadow,No,H,Bobolink,NA,NA,NA,NA,NA,NA,NA,
Fruitlands,Patti MacGuire,2025,7,3,8:13,New Meadow,Yes,A,Savannah Sparrow,0,0,0,0,0,0,0,
Fruitlands,Patti MacGuire,2025,7,3,8:06,New Meadow,Yes,B,Savannah Sparrow,0,0,0,0,0,0,0,
Fruitlands,Patti MacGuire,2025,7,3,7:52,New Meadow,Yes,C,Savannah Sparrow,0,0,0,0,0,0,0,
Fruitlands,Patti MacGuire,2025,7,3,7:25,Old Meadow,No,D,Savannah Sparrow,0,0,0,0,0,0,0,
Fruitlands,Patti MacGuire,2025,7,3,7:34,Old Meadow,No,E,Savannah Sparrow,0,0,0,0,0,0,0,
Fruitlands,Patti MacGuire,2025,7,3,7:01,Old Meadow,No,F,Savannah Sparrow,0,0,0,0,0,0,0,
Fruitlands,Patti MacGuire,2025,7,3,7:11,Old Meadow,No,G,Savannah Sparrow,0,0,0,0,0,0,0,
Fruitlands,Patti MacGuire,2025,7,3,NA,Old Meadow,No,H,Savannah Sparrow,NA,NA,NA,NA,NA,NA,NA,
Fruitlands,Patti MacGuire,2025,7,3,8:13,New Meadow,Yes,A,Grasshopper Sparrow,0,0,0,0,0,0,0,
Fruitlands,Patti MacGuire,2025,7,3,8:06,New Meadow,Yes,B,Grasshopper Sparrow,0,0,0,0,0,0,0,
Fruitlands,Patti MacGuire,2025,7,3,7:52,New Meadow,Yes,C,Grasshopper Sparrow,0,0,0,0,0,0,0,
Fruitlands,Patti MacGuire,2025,7,3,7:25,Old Meadow,No,D,Grasshopper Sparrow,0,0,0,0,0,0,0,
Fruitlands,Patti MacGuire,2025,7,3,7:34,Old Meadow,No,E,Grasshopper Sparrow,0,0,0,0,0,0,0,
Fruitlands,Patti MacGuire,2025,7,3,7:01,Old Meadow,No,F,Grasshopper Sparrow,0,0,0,0,0,0,0,
Fruitlands,Patti MacGuire,2025,7,3,7:11,Old Meadow,No,G,Grasshopper Sparrow,0,0,0,0,0,0,0,
Fruitlands,Patti MacGuire,2025,7,3,NA,Old Meadow,No,H,Grasshopper Sparrow,NA,NA,NA,NA,NA,NA,NA,
Fruitlands,Patti MacGuire,2025,7,3,8:13,New Meadow,Yes,A,Eastern Meadowlark,0,0,0,0,0,0,0,
Fruitlands,Patti MacGuire,2025,7,3,8:06,New Meadow,Yes,B,Eastern Meadowlark,0,0,0,0,0,0,0,
Fruitlands,Patti MacGuire,2025,7,3,7:52,New Meadow,Yes,C,Eastern Meadowlark,0,0,0,0,0,0,0,
Fruitlands,Patti MacGuire,2025,7,3,7:25,Old Meadow,No,D,Eastern Meadowlark,0,0,0,0,0,0,0,
Fruitlands,Patti MacGuire,2025,7,3,7:34,Old Meadow,No,E,Eastern Meadowlark,0,0,0,0,0,0,0,
Fruitlands,Patti MacGuire,2025,7,3,7:01,Old Meadow,No,F,Eastern Meadowlark,0,0,0,0,0,0,0,
Fruitlands,Patti MacGuire,2025,7,3,7:11,Old Meadow,No,G,Eastern Meadowlark,0,0,0,0,0,0,0,
Fruitlands,Patti MacGuire,2025,7,3,NA,Old Meadow,No,H,Eastern Meadowlark,NA,NA,NA,NA,NA,NA,NA,
Fruitlands,Patti MacGuire,2025,7,11,8:37,New Meadow,No,A,Bobolink,0,0,0,0,0,0,0,
Fruitlands,Patti MacGuire,2025,7,11,8:30,New Meadow,No,B,Bobolink,0,0,0,0,0,0,0,
Fruitlands,Patti MacGuire,2025,7,11,8:18,New Meadow,No,C,Bobolink,0,0,0,0,0,0,0,
Fruitlands,Patti MacGuire,2025,7,11,7:49,Old Meadow,No,D,Bobolink,0,0,0,0,0,0,0,
Fruitlands,Patti MacGuire,2025,7,11,7:58,Old Meadow,No,E,Bobolink,0,0,0,0,0,0,0,
Fruitlands,Patti MacGuire,2025,7,11,7:12,Old Meadow,No,F,Bobolink,0,0,0,0,0,0,0,
Fruitlands,Patti MacGuire,2025,7,11,7:22,Old Meadow,No,G,Bobolink,0,0,0,0,0,0,0,
Fruitlands,Patti MacGuire,2025,7,11,7:37,Old Meadow,No,H,Bobolink,0,0,0,0,0,0,0,
Fruitlands,Patti MacGuire,2025,7,11,8:37,New Meadow,No,A,Savannah Sparrow,0,0,0,0,0,0,0,
Fruitlands,Patti MacGuire,2025,7,11,8:30,New Meadow,No,B,Savannah Sparrow,0,0,0,0,0,0,0,
Fruitlands,Patti MacGuire,2025,7,11,8:18,New Meadow,No,C,Savannah Sparrow,0,0,0,0,0,0,0,
Fruitlands,Patti MacGuire,2025,7,11,7:49,Old Meadow,No,D,Savannah Sparrow,0,0,0,0,0,0,0,
Fruitlands,Patti MacGuire,2025,7,11,7:58,Old Meadow,No,E,Savannah Sparrow,0,0,0,0,0,0,0,
Fruitlands,Patti MacGuire,2025,7,11,7:12,Old Meadow,No,F,Savannah Sparrow,0,0,0,0,0,0,0,
Fruitlands,Patti MacGuire,2025,7,11,7:22,Old Meadow,No,G,Savannah Sparrow,0,0,0,0,0,0,0,
Fruitlands,Patti MacGuire,2025,7,11,7:37,Old Meadow,No,H,Savannah Sparrow,0,0,0,0,0,0,0,
Fruitlands,Patti MacGuire,2025,7,11,8:37,New Meadow,No,A,Grasshopper Sparrow,0,0,0,0,0,0,0,
Fruitlands,Patti MacGuire,2025,7,11,8:30,New Meadow,No,B,Grasshopper Sparrow,0,0,0,0,0,0,0,
Fruitlands,Patti MacGuire,2025,7,11,8:18,New Meadow,No,C,Grasshopper Sparrow,0,0,0,0,0,0,0,
Fruitlands,Patti MacGuire,2025,7,11,7:49,Old Meadow,No,D,Grasshopper Sparrow,0,0,0,0,0,0,0,
Fruitlands,Patti MacGuire,2025,7,11,7:58,Old Meadow,No,E,Grasshopper Sparrow,0,0,0,0,0,0,0,
Fruitlands,Patti MacGuire,2025,7,11,7:12,Old Meadow,No,F,Grasshopper Sparrow,0,0,0,0,0,0,0,
Fruitlands,Patti MacGuire,2025,7,11,7:22,Old Meadow,No,G,Grasshopper Sparrow,0,0,0,0,0,0,0,
Fruitlands,Patti MacGuire,2025,7,11,7:37,Old Meadow,No,H,Grasshopper Sparrow,0,0,0,0,0,0,0,
Fruitlands,Patti MacGuire,2025,7,11,8:37,New Meadow,No,A,Eastern Meadowlark,0,0,0,0,0,0,0,
Fruitlands,Patti MacGuire,2025,7,11,8:30,New Meadow,No,B,Eastern Meadowlark,0,0,0,0,0,0,0,
Fruitlands,Patti MacGuire,2025,7,11,8:18,New Meadow,No,C,Eastern Meadowlark,0,0,0,0,0,0,0,
Fruitlands,Patti MacGuire,2025,7,11,7:49,Old Meadow,No,D,Eastern Meadowlark,0,0,0,0,0,0,0,
Fruitlands,Patti MacGuire,2025,7,11,7:58,Old Meadow,No,E,Eastern Meadowlark,0,0,0,0,0,0,0,
Fruitlands,Patti MacGuire,2025,7,11,7:12,Old Meadow,No,F,Eastern Meadowlark,0,0,0,0,0,0,0,
Fruitlands,Patti MacGuire,2025,7,11,7:22,Old Meadow,No,G,Eastern Meadowlark,0,0,0,0,0,0,0,
Fruitlands,Patti MacGuire,2025,7,11,7:37,Old Meadow,No,H,Eastern Meadowlark,0,0,0,0,0,0,0,
Fruitlands,Patti MacGuire,2025,7,17,8:17,New Meadow,No,A,Bobolink,0,0,0,0,0,0,0,
Fruitlands,Patti MacGuire,2025,7,17,8:09,New Meadow,No,B,Bobolink,0,0,0,0,0,0,0,
Fruitlands,Patti MacGuire,2025,7,17,7:59,New Meadow,No,C,Bobolink,0,0,0,0,0,0,0,
Fruitlands,Patti MacGuire,2025,7,17,7:27,Old Meadow,No,D,Bobolink,0,0,0,0,0,0,0,
Fruitlands,Patti MacGuire,2025,7,17,7:41,Old Meadow,No,E,Bobolink,0,0,0,0,0,0,0,
Fruitlands,Patti MacGuire,2025,7,17,7:01,Old Meadow,No,F,Bobolink,0,0,0,0,0,0,0,
Fruitlands,Patti MacGuire,2025,7,17,7:12,Old Meadow,No,G,Bobolink,0,0,0,0,0,0,0,
Fruitlands,Patti MacGuire,2025,7,17,NA,Old Meadow,No,H,Bobolink,NA,NA,NA,NA,NA,NA,NA,
Fruitlands,Patti MacGuire,2025,7,17,8:17,New Meadow,No,A,Savannah Sparrow,0,0,0,0,0,0,0,
Fruitlands,Patti MacGuire,2025,7,17,8:09,New Meadow,No,B,Savannah Sparrow,0,0,0,0,0,0,0,
Fruitlands,Patti MacGuire,2025,7,17,7:59,New Meadow,No,C,Savannah Sparrow,0,0,0,0,0,0,0,
Fruitlands,Patti MacGuire,2025,7,17,7:27,Old Meadow,No,D,Savannah Sparrow,0,0,0,0,0,0,0,
Fruitlands,Patti MacGuire,2025,7,17,7:41,Old Meadow,No,E,Savannah Sparrow,0,0,0,0,0,0,0,
Fruitlands,Patti MacGuire,2025,7,17,7:01,Old Meadow,No,F,Savannah Sparrow,0,0,0,0,0,0,0,
Fruitlands,Patti MacGuire,2025,7,17,7:12,Old Meadow,No,G,Savannah Sparrow,0,0,0,0,0,0,0,
Fruitlands,Patti MacGuire,2025,7,17,NA,Old Meadow,No,H,Savannah Sparrow,NA,NA,NA,NA,NA,NA,NA,
Fruitlands,Patti MacGuire,2025,7,17,8:17,New Meadow,No,A,Grasshopper Sparrow,0,0,0,0,0,0,0,
Fruitlands,Patti MacGuire,2025,7,17,8:09,New Meadow,No,B,Grasshopper Sparrow,0,0,0,0,0,0,0,
Fruitlands,Patti MacGuire,2025,7,17,7:59,New Meadow,No,C,Grasshopper Sparrow,0,0,0,0,0,0,0,
Fruitlands,Patti MacGuire,2025,7,17,7:27,Old Meadow,No,D,Grasshopper Sparrow,0,0,0,0,0,0,0,
Fruitlands,Patti MacGuire,2025,7,17,7:41,Old Meadow,No,E,Grasshopper Sparrow,0,0,0,0,0,0,0,
Fruitlands,Patti MacGuire,2025,7,17,7:01,Old Meadow,No,F,Grasshopper Sparrow,0,0,0,0,0,0,0,
Fruitlands,Patti MacGuire,2025,7,17,7:12,Old Meadow,No,G,Grasshopper Sparrow,0,0,0,0,0,0,0,
Fruitlands,Patti MacGuire,2025,7,17,NA,Old Meadow,No,H,Grasshopper Sparrow,NA,NA,NA,NA,NA,NA,NA,
Fruitlands,Patti MacGuire,2025,7,17,8:17,New Meadow,No,A,Eastern Meadowlark,0,0,0,0,0,0,0,
Fruitlands,Patti MacGuire,2025,7,17,8:09,New Meadow,No,B,Eastern Meadowlark,0,0,0,0,0,0,0,
Fruitlands,Patti MacGuire,2025,7,17,7:59,New Meadow,No,C,Eastern Meadowlark,0,0,0,0,0,0,0,
Fruitlands,Patti MacGuire,2025,7,17,7:27,Old Meadow,No,D,Eastern Meadowlark,0,0,0,0,0,0,0,
Fruitlands,Patti MacGuire,2025,7,17,7:41,Old Meadow,No,E,Eastern Meadowlark,0,0,0,0,0,0,0,
Fruitlands,Patti MacGuire,2025,7,17,7:01,Old Meadow,No,F,Eastern Meadowlark,0,0,0,0,0,0,0,
Fruitlands,Patti MacGuire,2025,7,17,7:12,Old Meadow,No,G,Eastern Meadowlark,0,0,0,0,0,0,0,
Fruitlands,Patti MacGuire,2025,7,17,NA,Old Meadow,No,H,Eastern Meadowlark,NA,NA,NA,NA,NA,NA,NA,
Fruitlands,Kathy Dia,2025,5,27,8:30,New Meadow,No,A,Bobolink,0,0,0,3,2,5,5,
Fruitlands,Kathy Dia,2025,5,27,8:10,New Meadow,No,B,Bobolink,0,0,0,0,0,0,0,
Fruitlands,Kathy Dia,2025,5,27,7:58,New Meadow,No,C,Bobolink,0,0,0,0,0,0,0,
Fruitlands,Kathy Dia,2025,5,27,7:15,Old Meadow,No,D,Bobolink,0,0,0,0,0,0,0,
Fruitlands,Kathy Dia,2025,5,27,7:22,Old Meadow,No,E,Bobolink,0,0,0,0,0,0,0,
Fruitlands,Kathy Dia,2025,5,27,6:40,Old Meadow,No,F,Bobolink,0,0,0,0,0,0,0,
Fruitlands,Kathy Dia,2025,5,27,6:51,Old Meadow,No,G,Bobolink,0,0,0,0,0,0,0,
Fruitlands,Kathy Dia,2025,5,27,7:03,Old Meadow,No,H,Bobolink,0,0,0,0,0,0,0,
Fruitlands,Kathy Dia,2025,5,27,8:30,New Meadow,No,A,Savannah Sparrow,0,0,0,0,0,0,0,
Fruitlands,Kathy Dia,2025,5,27,8:10,New Meadow,No,B,Savannah Sparrow,0,0,0,0,0,0,0,
Fruitlands,Kathy Dia,2025,5,27,7:58,New Meadow,No,C,Savannah Sparrow,0,0,0,0,0,0,0,
Fruitlands,Kathy Dia,2025,5,27,7:15,Old Meadow,No,D,Savannah Sparrow,0,0,0,0,0,0,0,
Fruitlands,Kathy Dia,2025,5,27,7:22,Old Meadow,No,E,Savannah Sparrow,0,0,0,0,0,0,0,
Fruitlands,Kathy Dia,2025,5,27,6:40,Old Meadow,No,F,Savannah Sparrow,0,0,0,0,0,0,0,
Fruitlands,Kathy Dia,2025,5,27,6:51,Old Meadow,No,G,Savannah Sparrow,0,0,0,0,0,0,0,
Fruitlands,Kathy Dia,2025,5,27,7:03,Old Meadow,No,H,Savannah Sparrow,0,0,0,0,0,0,0,
Fruitlands,Kathy Dia,2025,5,27,8:30,New Meadow,No,A,Grasshopper Sparrow,0,0,0,0,0,0,0,
Fruitlands,Kathy Dia,2025,5,27,8:10,New Meadow,No,B,Grasshopper Sparrow,0,0,0,0,0,0,0,
Fruitlands,Kathy Dia,2025,5,27,7:58,New Meadow,No,C,Grasshopper Sparrow,0,0,0,0,0,0,0,
Fruitlands,Kathy Dia,2025,5,27,7:15,Old Meadow,No,D,Grasshopper Sparrow,0,0,0,0,0,0,0,
Fruitlands,Kathy Dia,2025,5,27,7:22,Old Meadow,No,E,Grasshopper Sparrow,0,0,0,0,0,0,0,
Fruitlands,Kathy Dia,2025,5,27,6:40,Old Meadow,No,F,Grasshopper Sparrow,0,0,0,0,0,0,0,
Fruitlands,Kathy Dia,2025,5,27,6:51,Old Meadow,No,G,Grasshopper Sparrow,0,0,0,0,0,0,0,
Fruitlands,Kathy Dia,2025,5,27,7:03,Old Meadow,No,H,Grasshopper Sparrow,0,0,0,0,0,0,0,
Fruitlands,Kathy Dia,2025,5,27,8:30,New Meadow,No,A,Eastern Meadowlark,0,0,0,0,0,0,0,
Fruitlands,Kathy Dia,2025,5,27,8:10,New Meadow,No,B,Eastern Meadowlark,0,0,0,0,0,0,0,
Fruitlands,Kathy Dia,2025,5,27,7:58,New Meadow,No,C,Eastern Meadowlark,0,0,0,0,0,0,0,
Fruitlands,Kathy Dia,2025,5,27,7:15,Old Meadow,No,D,Eastern Meadowlark,0,0,0,0,0,0,0,
Fruitlands,Kathy Dia,2025,5,27,7:22,Old Meadow,No,E,Eastern Meadowlark,0,0,0,0,0,0,0,
Fruitlands,Kathy Dia,2025,5,27,6:40,Old Meadow,No,F,Eastern Meadowlark,0,0,0,0,0,0,0,
Fruitlands,Kathy Dia,2025,5,27,6:51,Old Meadow,No,G,Eastern Meadowlark,0,0,0,0,0,0,0,
Fruitlands,Kathy Dia,2025,5,27,7:03,Old Meadow,No,H,Eastern Meadowlark,0,0,0,0,0,0,0,
Fruitlands,Kathy Dia,2025,6,29,8:54,New Meadow,No,A,Bobolink,0,0,0,0,0,0,0,
Fruitlands,Kathy Dia,2025,6,29,8:48,New Meadow,No,B,Bobolink,0,0,0,0,0,0,0,
Fruitlands,Kathy Dia,2025,6,29,8:36,New Meadow,No,C,Bobolink,0,0,0,0,0,0,0,
Fruitlands,Kathy Dia,2025,6,29,7:35,Old Meadow,No,D,Bobolink,0,0,0,0,0,0,0,
Fruitlands,Kathy Dia,2025,6,29,7:49,Old Meadow,No,E,Bobolink,0,0,0,0,0,0,0,
Fruitlands,Kathy Dia,2025,6,29,7:57,Old Meadow,No,F,Bobolink,0,0,0,0,0,0,0,
Fruitlands,Kathy Dia,2025,6,29,8:10,Old Meadow,No,G,Bobolink,0,0,0,0,0,0,0,
Fruitlands,Kathy Dia,2025,6,29,8:19,Old Meadow,No,H,Bobolink,0,0,0,0,0,0,0,
Fruitlands,Kathy Dia,2025,6,29,8:54,New Meadow,No,A,Savannah Sparrow,0,0,0,0,0,0,0,
Fruitlands,Kathy Dia,2025,6,29,8:48,New Meadow,No,B,Savannah Sparrow,0,0,0,0,0,0,0,
Fruitlands,Kathy Dia,2025,6,29,8:36,New Meadow,No,C,Savannah Sparrow,0,0,0,0,0,0,0,
Fruitlands,Kathy Dia,2025,6,29,7:35,Old Meadow,No,D,Savannah Sparrow,0,0,0,0,0,0,0,
Fruitlands,Kathy Dia,2025,6,29,7:49,Old Meadow,No,E,Savannah Sparrow,0,0,0,0,0,0,0,
Fruitlands,Kathy Dia,2025,6,29,7:57,Old Meadow,No,F,Savannah Sparrow,0,0,0,0,0,0,0,
Fruitlands,Kathy Dia,2025,6,29,8:10,Old Meadow,No,G,Savannah Sparrow,0,0,0,0,0,0,0,
Fruitlands,Kathy Dia,2025,6,29,8:19,Old Meadow,No,H,Savannah Sparrow,0,0,0,0,0,0,0,
Fruitlands,Kathy Dia,2025,6,29,8:54,New Meadow,No,A,Grasshopper Sparrow,0,0,0,0,0,0,0,
Fruitlands,Kathy Dia,2025,6,29,8:48,New Meadow,No,B,Grasshopper Sparrow,0,0,0,0,0,0,0,
Fruitlands,Kathy Dia,2025,6,29,8:36,New Meadow,No,C,Grasshopper Sparrow,0,0,0,0,0,0,0,
Fruitlands,Kathy Dia,2025,6,29,7:35,Old Meadow,No,D,Grasshopper Sparrow,0,0,0,0,0,0,0,
Fruitlands,Kathy Dia,2025,6,29,7:49,Old Meadow,No,E,Grasshopper Sparrow,0,0,0,0,0,0,0,
Fruitlands,Kathy Dia,2025,6,29,7:57,Old Meadow,No,F,Grasshopper Sparrow,0,0,0,0,0,0,0,
Fruitlands,Kathy Dia,2025,6,29,8:10,Old Meadow,No,G,Grasshopper Sparrow,0,0,0,0,0,0,0,
Fruitlands,Kathy Dia,2025,6,29,8:19,Old Meadow,No,H,Grasshopper Sparrow,0,0,0,0,0,0,0,
Fruitlands,Kathy Dia,2025,6,29,8:54,New Meadow,No,A,Eastern Meadowlark,0,0,0,0,0,0,0,
Fruitlands,Kathy Dia,2025,6,29,8:48,New Meadow,No,B,Eastern Meadowlark,0,0,0,0,0,0,0,
Fruitlands,Kathy Dia,2025,6,29,8:36,New Meadow,No,C,Eastern Meadowlark,0,0,0,0,0,0,0,
Fruitlands,Kathy Dia,2025,6,29,7:35,Old Meadow,No,D,Eastern Meadowlark,0,0,0,0,0,0,0,
Fruitlands,Kathy Dia,2025,6,29,7:49,Old Meadow,No,E,Eastern Meadowlark,0,0,0,0,0,0,0,
Fruitlands,Kathy Dia,2025,6,29,7:57,Old Meadow,No,F,Eastern Meadowlark,0,0,0,0,0,0,0,
Fruitlands,Kathy Dia,2025,6,29,8:10,Old Meadow,No,G,Eastern Meadowlark,0,0,0,0,0,0,0,
Fruitlands,Kathy Dia,2025,6,29,8:19,Old Meadow,No,H,Eastern Meadowlark,0,0,0,0,0,0,0,
Greenwood Farm,Dean Baumeister,2025,5,7,10:05,Front Field,No,A,Bobolink,0,0,0,0,0,0,0,
Greenwood Farm,Dean Baumeister,2025,5,7,10:15,Front Field,No,B,Bobolink,0,0,0,0,0,0,0,
Greenwood Farm,Dean Baumeister,2025,5,7,10:22,Middle Field,No,C,Bobolink,0,0,0,0,0,0,0,
Greenwood Farm,Dean Baumeister,2025,5,7,10:34,Middle Field,No,D,Bobolink,0,0,0,0,0,0,0,
Greenwood Farm,Dean Baumeister,2025,5,7,10:05,Front Field,No,A,Savannah Sparrow,0,0,0,0,0,0,0,
Greenwood Farm,Dean Baumeister,2025,5,7,10:15,Front Field,No,B,Savannah Sparrow,0,0,1,0,0,0,1,Bird heard but not seen
Greenwood Farm,Dean Baumeister,2025,5,7,10:22,Middle Field,No,C,Savannah Sparrow,0,0,1,0,0,0,1,
Greenwood Farm,Dean Baumeister,2025,5,7,10:34,Middle Field,No,D,Savannah Sparrow,0,0,0,0,0,0,0,
Greenwood Farm,Dean Baumeister,2025,5,7,10:05,Front Field,No,A,Grasshopper Sparrow,0,0,0,0,0,0,0,
Greenwood Farm,Dean Baumeister,2025,5,7,10:15,Front Field,No,B,Grasshopper Sparrow,0,0,0,0,0,0,0,
Greenwood Farm,Dean Baumeister,2025,5,7,10:22,Middle Field,No,C,Grasshopper Sparrow,0,0,0,0,0,0,0,
Greenwood Farm,Dean Baumeister,2025,5,7,10:34,Middle Field,No,D,Grasshopper Sparrow,0,0,0,0,0,0,0,
Greenwood Farm,Dean Baumeister,2025,5,7,10:05,Front Field,No,A,Eastern Meadowlark,0,0,0,0,0,0,0,
Greenwood Farm,Dean Baumeister,2025,5,7,10:15,Front Field,No,B,Eastern Meadowlark,0,0,0,0,0,0,0,
Greenwood Farm,Dean Baumeister,2025,5,7,10:22,Middle Field,No,C,Eastern Meadowlark,0,0,0,0,0,0,0,
Greenwood Farm,Dean Baumeister,2025,5,7,10:34,Middle Field,No,D,Eastern Meadowlark,0,0,0,0,0,0,0,
Greenwood Farm,Dean Baumeister,2025,5,14,8:38,Front Field,No,A,Bobolink,0,0,0,0,0,0,0,
Greenwood Farm,Dean Baumeister,2025,5,14,8:45,Front Field,No,B,Bobolink,0,0,0,0,0,0,0,
Greenwood Farm,Dean Baumeister,2025,5,14,8:51,Middle Field,No,C,Bobolink,0,0,0,0,0,0,0,
Greenwood Farm,Dean Baumeister,2025,5,14,8:59,Middle Field,No,D,Bobolink,0,0,0,0,0,0,0,
Greenwood Farm,Dean Baumeister,2025,5,14,8:38,Front Field,No,A,Savannah Sparrow,0,0,0,0,0,0,0,
Greenwood Farm,Dean Baumeister,2025,5,14,8:45,Front Field,No,B,Savannah Sparrow,0,0,0,0,0,0,0,
Greenwood Farm,Dean Baumeister,2025,5,14,8:51,Middle Field,No,C,Savannah Sparrow,0,0,0,0,0,0,0,
Greenwood Farm,Dean Baumeister,2025,5,14,8:59,Middle Field,No,D,Savannah Sparrow,0,0,0,0,0,0,0,
Greenwood Farm,Dean Baumeister,2025,5,14,8:38,Front Field,No,A,Grasshopper Sparrow,0,0,0,0,0,0,0,
Greenwood Farm,Dean Baumeister,2025,5,14,8:45,Front Field,No,B,Grasshopper Sparrow,0,0,0,0,0,0,0,
Greenwood Farm,Dean Baumeister,2025,5,14,8:51,Middle Field,No,C,Grasshopper Sparrow,0,0,0,0,0,0,0,
Greenwood Farm,Dean Baumeister,2025,5,14,8:59,Middle Field,No,D,Grasshopper Sparrow,0,0,0,0,0,0,0,
Greenwood Farm,Dean Baumeister,2025,5,14,8:38,Front Field,No,A,Eastern Meadowlark,0,0,0,0,0,0,0,
Greenwood Farm,Dean Baumeister,2025,5,14,8:45,Front Field,No,B,Eastern Meadowlark,0,0,0,0,0,0,0,
Greenwood Farm,Dean Baumeister,2025,5,14,8:51,Middle Field,No,C,Eastern Meadowlark,0,0,0,0,0,0,0,
Greenwood Farm,Dean Baumeister,2025,5,14,8:59,Middle Field,No,D,Eastern Meadowlark,0,0,0,0,0,0,0,
Greenwood Farm,Dean Baumeister,2025,5,28,9:41,Front Field,No,A,Bobolink,0,0,0,0,0,0,0,
Greenwood Farm,Dean Baumeister,2025,5,28,9:49,Front Field,No,B,Bobolink,0,0,0,0,0,0,0,
Greenwood Farm,Dean Baumeister,2025,5,28,9:55,Middle Field,No,C,Bobolink,0,0,0,0,0,0,0,
Greenwood Farm,Dean Baumeister,2025,5,28,10:10,Middle Field,No,D,Bobolink,0,0,0,0,0,0,0,
Greenwood Farm,Dean Baumeister,2025,5,28,9:41,Front Field,No,A,Savannah Sparrow,0,0,0,0,0,0,0,
Greenwood Farm,Dean Baumeister,2025,5,28,9:49,Front Field,No,B,Savannah Sparrow,0,0,0,0,0,0,0,
Greenwood Farm,Dean Baumeister,2025,5,28,9:55,Middle Field,No,C,Savannah Sparrow,0,0,0,0,0,0,0,
Greenwood Farm,Dean Baumeister,2025,5,28,10:10,Middle Field,No,D,Savannah Sparrow,0,0,0,0,0,0,0,
Greenwood Farm,Dean Baumeister,2025,5,28,9:41,Front Field,No,A,Grasshopper Sparrow,0,0,0,0,0,0,0,
Greenwood Farm,Dean Baumeister,2025,5,28,9:49,Front Field,No,B,Grasshopper Sparrow,0,0,0,0,0,0,0,
Greenwood Farm,Dean Baumeister,2025,5,28,9:55,Middle Field,No,C,Grasshopper Sparrow,0,0,0,0,0,0,0,
Greenwood Farm,Dean Baumeister,2025,5,28,10:10,Middle Field,No,D,Grasshopper Sparrow,0,0,0,0,0,0,0,
Greenwood Farm,Dean Baumeister,2025,5,28,9:41,Front Field,No,A,Eastern Meadowlark,0,0,0,0,0,0,0,
Greenwood Farm,Dean Baumeister,2025,5,28,9:49,Front Field,No,B,Eastern Meadowlark,0,0,0,0,0,0,0,
Greenwood Farm,Dean Baumeister,2025,5,28,9:55,Middle Field,No,C,Eastern Meadowlark,0,0,0,0,0,0,0,
Greenwood Farm,Dean Baumeister,2025,5,28,10:10,Middle Field,No,D,Eastern Meadowlark,0,0,0,0,0,0,0,
Greenwood Farm,Dean Baumeister,2025,6,4,9:56,Front Field,No,A,Bobolink,0,0,0,0,0,0,0,
Greenwood Farm,Dean Baumeister,2025,6,4,10:05,Front Field,No,B,Bobolink,0,0,0,0,0,0,0,
Greenwood Farm,Dean Baumeister,2025,6,4,10:11,Middle Field,No,C,Bobolink,0,0,0,0,0,0,0,
Greenwood Farm,Dean Baumeister,2025,6,4,10:22,Middle Field,No,D,Bobolink,0,0,0,0,0,0,0,
Greenwood Farm,Dean Baumeister,2025,6,4,9:56,Front Field,No,A,Savannah Sparrow,0,0,0,0,0,0,0,
Greenwood Farm,Dean Baumeister,2025,6,4,10:05,Front Field,No,B,Savannah Sparrow,0,0,0,0,0,0,0,
Greenwood Farm,Dean Baumeister,2025,6,4,10:11,Middle Field,No,C,Savannah Sparrow,0,0,0,0,0,0,0,
Greenwood Farm,Dean Baumeister,2025,6,4,10:22,Middle Field,No,D,Savannah Sparrow,0,0,0,0,0,0,0,
Greenwood Farm,Dean Baumeister,2025,6,4,9:56,Front Field,No,A,Grasshopper Sparrow,0,0,0,0,0,0,0,
Greenwood Farm,Dean Baumeister,2025,6,4,10:05,Front Field,No,B,Grasshopper Sparrow,0,0,0,0,0,0,0,
Greenwood Farm,Dean Baumeister,2025,6,4,10:11,Middle Field,No,C,Grasshopper Sparrow,0,0,0,0,0,0,0,
Greenwood Farm,Dean Baumeister,2025,6,4,10:22,Middle Field,No,D,Grasshopper Sparrow,0,0,0,0,0,0,0,
Greenwood Farm,Dean Baumeister,2025,6,4,9:56,Front Field,No,A,Eastern Meadowlark,0,0,0,0,0,0,0,
Greenwood Farm,Dean Baumeister,2025,6,4,10:05,Front Field,No,B,Eastern Meadowlark,0,0,0,0,0,0,0,
Greenwood Farm,Dean Baumeister,2025,6,4,10:11,Middle Field,No,C,Eastern Meadowlark,0,0,0,0,0,0,0,
Greenwood Farm,Dean Baumeister,2025,6,4,10:22,Middle Field,No,D,Eastern Meadowlark,0,0,0,0,0,0,0,
Greenwood Farm,Dean Baumeister,2025,6,11,9:09,Front Field,No,A,Bobolink,0,0,0,0,0,0,0,
Greenwood Farm,Dean Baumeister,2025,6,11,9:16,Front Field,No,B,Bobolink,0,0,0,0,0,0,0,
Greenwood Farm,Dean Baumeister,2025,6,11,9:22,Middle Field,No,C,Bobolink,0,0,0,0,0,0,0,
Greenwood Farm,Dean Baumeister,2025,6,11,9:33,Middle Field,No,D,Bobolink,0,0,0,0,0,0,0,
Greenwood Farm,Dean Baumeister,2025,6,11,9:09,Front Field,No,A,Savannah Sparrow,0,0,0,0,0,0,0,
Greenwood Farm,Dean Baumeister,2025,6,11,9:16,Front Field,No,B,Savannah Sparrow,0,0,0,0,0,0,0,
Greenwood Farm,Dean Baumeister,2025,6,11,9:22,Middle Field,No,C,Savannah Sparrow,0,0,0,0,0,0,0,
Greenwood Farm,Dean Baumeister,2025,6,11,9:33,Middle Field,No,D,Savannah Sparrow,0,0,0,0,0,0,0,
Greenwood Farm,Dean Baumeister,2025,6,11,9:09,Front Field,No,A,Grasshopper Sparrow,0,0,0,0,0,0,0,
Greenwood Farm,Dean Baumeister,2025,6,11,9:16,Front Field,No,B,Grasshopper Sparrow,0,0,0,0,0,0,0,
Greenwood Farm,Dean Baumeister,2025,6,11,9:22,Middle Field,No,C,Grasshopper Sparrow,0,0,0,0,0,0,0,
Greenwood Farm,Dean Baumeister,2025,6,11,9:33,Middle Field,No,D,Grasshopper Sparrow,0,0,0,0,0,0,0,
Greenwood Farm,Dean Baumeister,2025,6,11,9:09,Front Field,No,A,Eastern Meadowlark,0,0,0,0,0,0,0,
Greenwood Farm,Dean Baumeister,2025,6,11,9:16,Front Field,No,B,Eastern Meadowlark,0,0,0,0,0,0,0,
Greenwood Farm,Dean Baumeister,2025,6,11,9:22,Middle Field,No,C,Eastern Meadowlark,0,0,0,0,0,0,0,
Greenwood Farm,Dean Baumeister,2025,6,11,9:33,Middle Field,No,D,Eastern Meadowlark,0,0,0,0,0,0,0,
Greenwood Farm,Dean Baumeister,2025,7,2,10:14,Front Field,No,A,Bobolink,0,0,0,0,0,0,0,
Greenwood Farm,Dean Baumeister,2025,7,2,10:22,Front Field,No,B,Bobolink,0,0,0,0,0,0,0,
Greenwood Farm,Dean Baumeister,2025,7,2,10:28,Middle Field,No,C,Bobolink,0,0,0,0,0,0,0,
Greenwood Farm,Dean Baumeister,2025,7,2,10:40,Middle Field,No,D,Bobolink,0,0,0,0,0,0,0,
Greenwood Farm,Dean Baumeister,2025,7,2,10:14,Front Field,No,A,Savannah Sparrow,0,0,0,0,0,0,0,
Greenwood Farm,Dean Baumeister,2025,7,2,10:22,Front Field,No,B,Savannah Sparrow,0,0,0,0,0,0,0,
Greenwood Farm,Dean Baumeister,2025,7,2,10:28,Middle Field,No,C,Savannah Sparrow,0,0,0,0,0,0,0,
Greenwood Farm,Dean Baumeister,2025,7,2,10:40,Middle Field,No,D,Savannah Sparrow,0,0,0,0,0,0,0,
Greenwood Farm,Dean Baumeister,2025,7,2,10:14,Front Field,No,A,Grasshopper Sparrow,0,0,0,0,0,0,0,
Greenwood Farm,Dean Baumeister,2025,7,2,10:22,Front Field,No,B,Grasshopper Sparrow,0,0,0,0,0,0,0,
Greenwood Farm,Dean Baumeister,2025,7,2,10:28,Middle Field,No,C,Grasshopper Sparrow,0,0,0,0,0,0,0,
Greenwood Farm,Dean Baumeister,2025,7,2,10:40,Middle Field,No,D,Grasshopper Sparrow,0,0,0,0,0,0,0,
Greenwood Farm,Dean Baumeister,2025,7,2,10:14,Front Field,No,A,Eastern Meadowlark,0,0,0,0,0,0,0,
Greenwood Farm,Dean Baumeister,2025,7,2,10:22,Front Field,No,B,Eastern Meadowlark,0,0,0,0,0,0,0,
Greenwood Farm,Dean Baumeister,2025,7,2,10:28,Middle Field,No,C,Eastern Meadowlark,0,0,0,0,0,0,0,
Greenwood Farm,Dean Baumeister,2025,7,2,10:40,Middle Field,No,D,Eastern Meadowlark,0,0,0,0,0,0,0,
Hamlin Reservation,Dean Baumeister,2025,5,7,8:27,East Field,No,A,Bobolink,0,0,0,0,0,0,0,
Hamlin Reservation,Dean Baumeister,2025,5,7,8:37,East Field,No,B,Bobolink,0,0,0,0,0,0,0,
Hamlin Reservation,Dean Baumeister,2025,5,7,8:47,East Field,No,C,Bobolink,0,0,0,0,0,0,0,
Hamlin Reservation,Dean Baumeister,2025,5,7,9:06,West Field,No,D,Bobolink,0,0,0,0,0,0,0,
Hamlin Reservation,Dean Baumeister,2025,5,7,9:19,West Field,No,E,Bobolink,0,0,0,0,0,0,0,
Hamlin Reservation,Dean Baumeister,2025,5,7,9:32,West Field,No,F,Bobolink,0,0,0,0,0,0,0,
Hamlin Reservation,Dean Baumeister,2025,5,7,8:27,East Field,No,A,Savannah Sparrow,0,0,1,0,0,0,1,Bird heard not seen
Hamlin Reservation,Dean Baumeister,2025,5,7,8:37,East Field,No,B,Savannah Sparrow,0,0,0,0,0,0,0,
Hamlin Reservation,Dean Baumeister,2025,5,7,8:47,East Field,No,C,Savannah Sparrow,0,0,1,0,0,0,1,Bird heard not seen
Hamlin Reservation,Dean Baumeister,2025,5,7,9:06,West Field,No,D,Savannah Sparrow,0,0,1,0,0,0,1,
Hamlin Reservation,Dean Baumeister,2025,5,7,9:19,West Field,No,E,Savannah Sparrow,0,0,0,0,0,0,0,
Hamlin Reservation,Dean Baumeister,2025,5,7,9:32,West Field,No,F,Savannah Sparrow,0,0,0,0,0,0,0,
Hamlin Reservation,Dean Baumeister,2025,5,7,8:27,East Field,No,A,Grasshopper Sparrow,0,0,0,0,0,0,0,
Hamlin Reservation,Dean Baumeister,2025,5,7,8:37,East Field,No,B,Grasshopper Sparrow,0,0,0,0,0,0,0,
Hamlin Reservation,Dean Baumeister,2025,5,7,8:47,East Field,No,C,Grasshopper Sparrow,0,0,0,0,0,0,0,
Hamlin Reservation,Dean Baumeister,2025,5,7,9:06,West Field,No,D,Grasshopper Sparrow,0,0,0,0,0,0,0,
Hamlin Reservation,Dean Baumeister,2025,5,7,9:19,West Field,No,E,Grasshopper Sparrow,0,0,0,0,0,0,0,
Hamlin Reservation,Dean Baumeister,2025,5,7,9:32,West Field,No,F,Grasshopper Sparrow,0,0,0,0,0,0,0,
Hamlin Reservation,Dean Baumeister,2025,5,7,8:27,East Field,No,A,Eastern Meadowlark,0,0,0,0,0,0,0,
Hamlin Reservation,Dean Baumeister,2025,5,7,8:37,East Field,No,B,Eastern Meadowlark,0,0,0,0,0,1,1,Bird heard not seen
Hamlin Reservation,Dean Baumeister,2025,5,7,8:47,East Field,No,C,Eastern Meadowlark,0,0,0,0,0,0,0,
Hamlin Reservation,Dean Baumeister,2025,5,7,9:06,West Field,No,D,Eastern Meadowlark,0,0,0,0,0,0,0,
Hamlin Reservation,Dean Baumeister,2025,5,7,9:19,West Field,No,E,Eastern Meadowlark,0,0,0,0,0,0,0,
Hamlin Reservation,Dean Baumeister,2025,5,7,9:32,West Field,No,F,Eastern Meadowlark,0,0,0,0,0,0,0,
Hamlin Reservation,Tom Lannon,2025,5,3,6:38,East Field,No,A,Bobolink,0,0,0,0,0,1,1,Bird heard not seen
Hamlin Reservation,Tom Lannon,2025,5,3,6:45,East Field,No,B,Bobolink,0,0,0,0,0,1,1,Bird heard not seen
Hamlin Reservation,Tom Lannon,2025,5,3,6:45,East Field,No,C,Bobolink,0,0,0,0,0,0,0,
Hamlin Reservation,Tom Lannon,2025,5,3,7:09,West Field,No,D,Bobolink,0,0,0,0,0,0,0,
Hamlin Reservation,Tom Lannon,2025,5,3,7:20,West Field,No,E,Bobolink,0,0,0,0,0,0,0,
Hamlin Reservation,Tom Lannon,2025,5,3,7:28,West Field,No,F,Bobolink,0,0,0,0,0,0,0,
Hamlin Reservation,Tom Lannon,2025,5,3,6:38,East Field,No,A,Savannah Sparrow,0,0,0,0,0,1,1,Bird heard not seen
Hamlin Reservation,Tom Lannon,2025,5,3,6:45,East Field,No,B,Savannah Sparrow,1,0,1,0,0,0,2,
Hamlin Reservation,Tom Lannon,2025,5,3,6:45,East Field,No,C,Savannah Sparrow,0,0,0,0,0,0,0,
Hamlin Reservation,Tom Lannon,2025,5,3,7:09,West Field,No,D,Savannah Sparrow,0,0,0,0,0,0,0,
Hamlin Reservation,Tom Lannon,2025,5,3,7:20,West Field,No,E,Savannah Sparrow,0,0,0,0,0,0,0,
Hamlin Reservation,Tom Lannon,2025,5,3,7:28,West Field,No,F,Savannah Sparrow,0,0,0,1,0,1,2,
Hamlin Reservation,Tom Lannon,2025,5,3,6:38,East Field,No,A,Grasshopper Sparrow,0,0,0,0,0,0,0,
Hamlin Reservation,Tom Lannon,2025,5,3,6:45,East Field,No,B,Grasshopper Sparrow,0,0,0,0,0,0,0,
Hamlin Reservation,Tom Lannon,2025,5,3,6:45,East Field,No,C,Grasshopper Sparrow,0,0,0,0,0,0,0,
Hamlin Reservation,Tom Lannon,2025,5,3,7:09,West Field,No,D,Grasshopper Sparrow,0,0,0,0,0,0,0,
Hamlin Reservation,Tom Lannon,2025,5,3,7:20,West Field,No,E,Grasshopper Sparrow,0,0,0,0,0,0,0,
Hamlin Reservation,Tom Lannon,2025,5,3,7:28,West Field,No,F,Grasshopper Sparrow,0,0,0,0,0,0,0,
Hamlin Reservation,Tom Lannon,2025,5,3,6:38,East Field,No,A,Eastern Meadowlark,0,0,0,0,0,0,0,
Hamlin Reservation,Tom Lannon,2025,5,3,6:45,East Field,No,B,Eastern Meadowlark,0,0,0,0,0,0,0,
Hamlin Reservation,Tom Lannon,2025,5,3,6:45,East Field,No,C,Eastern Meadowlark,0,0,0,0,0,0,0,
Hamlin Reservation,Tom Lannon,2025,5,3,7:09,West Field,No,D,Eastern Meadowlark,0,0,0,0,0,0,0,
Hamlin Reservation,Tom Lannon,2025,5,3,7:20,West Field,No,E,Eastern Meadowlark,0,0,0,0,0,0,0,
Hamlin Reservation,Tom Lannon,2025,5,3,7:28,West Field,No,F,Eastern Meadowlark,0,0,0,0,0,0,0,
Hamlin Reservation,Tom Lannon,2025,5,11,6:38,East Field,No,A,Bobolink,0,0,0,0,0,1,1,Bird heard not seen
Hamlin Reservation,Tom Lannon,2025,5,11,6:29,East Field,No,B,Bobolink,0,0,0,0,0,0,0,
Hamlin Reservation,Tom Lannon,2025,5,11,6:20,East Field,No,C,Bobolink,0,0,0,0,0,0,0,
Hamlin Reservation,Tom Lannon,2025,5,11,7:03,West Field,No,D,Bobolink,0,0,0,0,0,0,0,
Hamlin Reservation,Tom Lannon,2025,5,11,6:51,West Field,No,E,Bobolink,0,0,0,0,0,0,0,
Hamlin Reservation,Tom Lannon,2025,5,11,NA,West Field,No,F,Bobolink,NA,NA,NA,NA,NA,NA,NA,Not surveyed
Hamlin Reservation,Tom Lannon,2025,5,11,6:38,East Field,No,A,Savannah Sparrow,0,0,0,0,0,0,0,
Hamlin Reservation,Tom Lannon,2025,5,11,6:29,East Field,No,B,Savannah Sparrow,1,0,1,0,0,0,1,
Hamlin Reservation,Tom Lannon,2025,5,11,6:20,East Field,No,C,Savannah Sparrow,0,0,0,0,0,0,0,
Hamlin Reservation,Tom Lannon,2025,5,11,7:03,West Field,No,D,Savannah Sparrow,1,0,1,0,0,0,1,
Hamlin Reservation,Tom Lannon,2025,5,11,6:51,West Field,No,E,Savannah Sparrow,0,0,0,0,0,0,0,
Hamlin Reservation,Tom Lannon,2025,5,11,NA,West Field,No,F,Savannah Sparrow,NA,NA,NA,NA,NA,NA,NA,Not surveyed
Hamlin Reservation,Tom Lannon,2025,5,11,6:38,East Field,No,A,Grasshopper Sparrow,0,0,0,0,0,0,0,
Hamlin Reservation,Tom Lannon,2025,5,11,6:29,East Field,No,B,Grasshopper Sparrow,0,0,0,0,0,0,0,
Hamlin Reservation,Tom Lannon,2025,5,11,6:20,East Field,No,C,Grasshopper Sparrow,0,0,0,0,0,0,0,
Hamlin Reservation,Tom Lannon,2025,5,11,7:03,West Field,No,D,Grasshopper Sparrow,0,0,0,0,0,0,0,
Hamlin Reservation,Tom Lannon,2025,5,11,6:51,West Field,No,E,Grasshopper Sparrow,0,0,0,0,0,0,0,
Hamlin Reservation,Tom Lannon,2025,5,11,NA,West Field,No,F,Grasshopper Sparrow,NA,NA,NA,NA,NA,NA,NA,Not surveyed
Hamlin Reservation,Tom Lannon,2025,5,11,6:38,East Field,No,A,Eastern Meadowlark,0,0,0,0,0,1,1,Bird heard not seen
Hamlin Reservation,Tom Lannon,2025,5,11,6:29,East Field,No,B,Eastern Meadowlark,0,0,0,0,0,0,0,
Hamlin Reservation,Tom Lannon,2025,5,11,6:20,East Field,No,C,Eastern Meadowlark,0,0,0,0,0,0,0,
Hamlin Reservation,Tom Lannon,2025,5,11,7:03,West Field,No,D,Eastern Meadowlark,0,0,0,0,0,0,0,
Hamlin Reservation,Tom Lannon,2025,5,11,6:51,West Field,No,E,Eastern Meadowlark,0,0,0,0,0,0,0,
Hamlin Reservation,Tom Lannon,2025,5,11,NA,West Field,No,F,Eastern Meadowlark,NA,NA,NA,NA,NA,NA,NA,Not surveyed
Hamlin Reservation,Dean Baumeister,2025,5,14,7:22,East Field,No,A,Bobolink,0,0,0,0,0,0,0,
Hamlin Reservation,Dean Baumeister,2025,5,14,7:30,East Field,No,B,Bobolink,1,0,1,0,0,0,1,
Hamlin Reservation,Dean Baumeister,2025,5,14,7:38,East Field,No,C,Bobolink,0,0,0,0,0,1,1,Bird heard not seen
Hamlin Reservation,Dean Baumeister,2025,5,14,7:52,West Field,No,D,Bobolink,0,0,0,1,0,1,1,
Hamlin Reservation,Dean Baumeister,2025,5,14,8:02,West Field,No,E,Bobolink,0,0,0,0,0,0,0,
Hamlin Reservation,Dean Baumeister,2025,5,14,8:18,West Field,No,F,Bobolink,0,0,0,0,0,0,0,
Hamlin Reservation,Dean Baumeister,2025,5,14,7:22,East Field,No,A,Savannah Sparrow,0,0,0,0,0,0,0,
Hamlin Reservation,Dean Baumeister,2025,5,14,7:30,East Field,No,B,Savannah Sparrow,0,0,0,0,0,0,0,
Hamlin Reservation,Dean Baumeister,2025,5,14,7:38,East Field,No,C,Savannah Sparrow,0,0,0,0,0,0,0,
Hamlin Reservation,Dean Baumeister,2025,5,14,7:52,West Field,No,D,Savannah Sparrow,0,0,0,0,0,0,0,
Hamlin Reservation,Dean Baumeister,2025,5,14,8:02,West Field,No,E,Savannah Sparrow,0,0,0,0,0,1,1,Bird heard not seen
Hamlin Reservation,Dean Baumeister,2025,5,14,8:18,West Field,No,F,Savannah Sparrow,0,0,0,0,0,0,0,
Hamlin Reservation,Dean Baumeister,2025,5,14,7:22,East Field,No,A,Grasshopper Sparrow,0,0,0,0,0,0,0,
Hamlin Reservation,Dean Baumeister,2025,5,14,7:30,East Field,No,B,Grasshopper Sparrow,0,0,0,0,0,0,0,
Hamlin Reservation,Dean Baumeister,2025,5,14,7:38,East Field,No,C,Grasshopper Sparrow,0,0,0,0,0,0,0,
Hamlin Reservation,Dean Baumeister,2025,5,14,7:52,West Field,No,D,Grasshopper Sparrow,0,0,0,0,0,0,0,
Hamlin Reservation,Dean Baumeister,2025,5,14,8:02,West Field,No,E,Grasshopper Sparrow,0,0,0,0,0,0,0,
Hamlin Reservation,Dean Baumeister,2025,5,14,8:18,West Field,No,F,Grasshopper Sparrow,0,0,0,0,0,0,0,
Hamlin Reservation,Dean Baumeister,2025,5,14,7:22,East Field,No,A,Eastern Meadowlark,0,0,0,0,0,0,0,
Hamlin Reservation,Dean Baumeister,2025,5,14,7:30,East Field,No,B,Eastern Meadowlark,0,0,0,0,0,0,0,
Hamlin Reservation,Dean Baumeister,2025,5,14,7:38,East Field,No,C,Eastern Meadowlark,0,0,0,0,0,0,0,
Hamlin Reservation,Dean Baumeister,2025,5,14,7:52,West Field,No,D,Eastern Meadowlark,0,0,0,0,0,0,0,
Hamlin Reservation,Dean Baumeister,2025,5,14,8:02,West Field,No,E,Eastern Meadowlark,0,0,0,0,0,0,0,
Hamlin Reservation,Dean Baumeister,2025,5,14,8:18,West Field,No,F,Eastern Meadowlark,0,0,0,0,0,0,0,
Hamlin Reservation,Tom Lannon,2025,5,25,6:17,East Field,No,A,Bobolink,0,0,0,0,1,1,1,
Hamlin Reservation,Tom Lannon,2025,5,25,6:25,East Field,No,B,Bobolink,0,0,0,0,0,0,0,
Hamlin Reservation,Tom Lannon,2025,5,25,6:32,East Field,No,C,Bobolink,0,0,0,0,0,0,0,
Hamlin Reservation,Tom Lannon,2025,5,25,6:48,West Field,No,D,Bobolink,0,0,0,0,0,0,0,
Hamlin Reservation,Tom Lannon,2025,5,25,NA,West Field,No,E,Bobolink,NA,NA,NA,NA,NA,NA,NA,
Hamlin Reservation,Tom Lannon,2025,5,25,7:00,West Field,No,F,Bobolink,0,0,0,0,0,0,0,
Hamlin Reservation,Tom Lannon,2025,5,25,6:17,East Field,No,A,Savannah Sparrow,0,0,0,0,0,0,0,
Hamlin Reservation,Tom Lannon,2025,5,25,6:25,East Field,No,B,Savannah Sparrow,0,0,0,0,0,0,0,
Hamlin Reservation,Tom Lannon,2025,5,25,6:32,East Field,No,C,Savannah Sparrow,0,0,0,0,0,0,0,
Hamlin Reservation,Tom Lannon,2025,5,25,6:48,West Field,No,D,Savannah Sparrow,1,0,1,0,0,0,1,
Hamlin Reservation,Tom Lannon,2025,5,25,NA,West Field,No,E,Savannah Sparrow,NA,NA,NA,NA,NA,NA,NA,
Hamlin Reservation,Tom Lannon,2025,5,25,7:00,West Field,No,F,Savannah Sparrow,0,0,0,0,0,0,0,
Hamlin Reservation,Tom Lannon,2025,5,25,6:17,East Field,No,A,Grasshopper Sparrow,0,0,0,0,0,0,0,
Hamlin Reservation,Tom Lannon,2025,5,25,6:25,East Field,No,B,Grasshopper Sparrow,0,0,0,0,0,0,0,
Hamlin Reservation,Tom Lannon,2025,5,25,6:32,East Field,No,C,Grasshopper Sparrow,0,0,0,0,0,0,0,
Hamlin Reservation,Tom Lannon,2025,5,25,6:48,West Field,No,D,Grasshopper Sparrow,0,0,0,0,0,0,0,
Hamlin Reservation,Tom Lannon,2025,5,25,NA,West Field,No,E,Grasshopper Sparrow,NA,NA,NA,NA,NA,NA,NA,
Hamlin Reservation,Tom Lannon,2025,5,25,7:00,West Field,No,F,Grasshopper Sparrow,0,0,0,0,0,0,0,
Hamlin Reservation,Tom Lannon,2025,5,25,6:17,East Field,No,A,Eastern Meadowlark,0,0,0,0,0,0,0,
Hamlin Reservation,Tom Lannon,2025,5,25,6:25,East Field,No,B,Eastern Meadowlark,0,0,0,0,0,0,0,
Hamlin Reservation,Tom Lannon,2025,5,25,6:32,East Field,No,C,Eastern Meadowlark,1,0,1,0,0,0,1,
Hamlin Reservation,Tom Lannon,2025,5,25,6:48,West Field,No,D,Eastern Meadowlark,0,0,0,0,0,0,0,
Hamlin Reservation,Tom Lannon,2025,5,25,NA,West Field,No,E,Eastern Meadowlark,NA,NA,NA,NA,NA,NA,NA,
Hamlin Reservation,Tom Lannon,2025,5,25,7:00,West Field,No,F,Eastern Meadowlark,0,0,0,0,0,0,0,
Hamlin Reservation,Dean Baumeister,2025,5,28,7:50,East Field,No,A,Bobolink,0,0,0,0,0,0,0,
Hamlin Reservation,Dean Baumeister,2025,5,28,7:58,East Field,No,B,Bobolink,0,0,0,0,0,0,0,
Hamlin Reservation,Dean Baumeister,2025,5,28,8:06,East Field,No,C,Bobolink,0,0,0,0,0,1,1,Bird heard not seen
Hamlin Reservation,Dean Baumeister,2025,5,28,8:21,West Field,No,D,Bobolink,0,0,0,0,0,0,0,
Hamlin Reservation,Dean Baumeister,2025,5,28,8:30,West Field,No,E,Bobolink,0,0,0,0,0,0,0,
Hamlin Reservation,Dean Baumeister,2025,5,28,8:42,West Field,No,F,Bobolink,0,0,0,0,0,0,0,
Hamlin Reservation,Dean Baumeister,2025,5,28,7:50,East Field,No,A,Savannah Sparrow,0,0,0,0,0,0,0,
Hamlin Reservation,Dean Baumeister,2025,5,28,7:58,East Field,No,B,Savannah Sparrow,0,0,0,0,0,0,0,
Hamlin Reservation,Dean Baumeister,2025,5,28,8:06,East Field,No,C,Savannah Sparrow,0,0,0,0,0,0,0,
Hamlin Reservation,Dean Baumeister,2025,5,28,8:21,West Field,No,D,Savannah Sparrow,0,0,0,0,0,0,0,
Hamlin Reservation,Dean Baumeister,2025,5,28,8:30,West Field,No,E,Savannah Sparrow,0,0,0,0,0,0,0,
Hamlin Reservation,Dean Baumeister,2025,5,28,8:42,West Field,No,F,Savannah Sparrow,0,0,0,0,0,0,0,
Hamlin Reservation,Dean Baumeister,2025,5,28,7:50,East Field,No,A,Grasshopper Sparrow,0,0,0,0,0,0,0,
Hamlin Reservation,Dean Baumeister,2025,5,28,7:58,East Field,No,B,Grasshopper Sparrow,0,0,0,0,0,0,0,
Hamlin Reservation,Dean Baumeister,2025,5,28,8:06,East Field,No,C,Grasshopper Sparrow,0,0,0,0,0,0,0,
Hamlin Reservation,Dean Baumeister,2025,5,28,8:21,West Field,No,D,Grasshopper Sparrow,0,0,0,0,0,0,0,
Hamlin Reservation,Dean Baumeister,2025,5,28,8:30,West Field,No,E,Grasshopper Sparrow,0,0,0,0,0,0,0,
Hamlin Reservation,Dean Baumeister,2025,5,28,8:42,West Field,No,F,Grasshopper Sparrow,0,0,0,0,0,0,0,
Hamlin Reservation,Dean Baumeister,2025,5,28,7:50,East Field,No,A,Eastern Meadowlark,0,0,0,0,0,0,0,
Hamlin Reservation,Dean Baumeister,2025,5,28,7:58,East Field,No,B,Eastern Meadowlark,0,0,0,0,0,0,0,
Hamlin Reservation,Dean Baumeister,2025,5,28,8:06,East Field,No,C,Eastern Meadowlark,0,0,0,0,0,0,0,
Hamlin Reservation,Dean Baumeister,2025,5,28,8:21,West Field,No,D,Eastern Meadowlark,0,0,0,0,0,0,0,
Hamlin Reservation,Dean Baumeister,2025,5,28,8:30,West Field,No,E,Eastern Meadowlark,0,0,0,0,0,0,0,
Hamlin Reservation,Dean Baumeister,2025,5,28,8:42,West Field,No,F,Eastern Meadowlark,0,0,0,0,0,1,1,Bird heard not seen
Hamlin Reservation,Tom Lannon,2025,6,1,7:15,East Field,No,A,Bobolink,0,0,0,0,0,0,0,
Hamlin Reservation,Tom Lannon,2025,6,1,7:22,East Field,No,B,Bobolink,0,0,0,0,0,0,0,
Hamlin Reservation,Tom Lannon,2025,6,1,7:29,East Field,No,C,Bobolink,0,0,0,0,0,0,0,
Hamlin Reservation,Tom Lannon,2025,6,1,7:44,West Field,No,D,Bobolink,0,0,0,0,0,0,0,
Hamlin Reservation,Tom Lannon,2025,6,1,NA,West Field,No,E,Bobolink,NA,NA,NA,NA,NA,NA,NA,
Hamlin Reservation,Tom Lannon,2025,6,1,7:55,West Field,No,F,Bobolink,0,0,0,0,0,0,0,
Hamlin Reservation,Tom Lannon,2025,6,1,7:15,East Field,No,A,Savannah Sparrow,0,0,0,0,0,0,0,
Hamlin Reservation,Tom Lannon,2025,6,1,7:22,East Field,No,B,Savannah Sparrow,0,0,0,0,0,0,0,
Hamlin Reservation,Tom Lannon,2025,6,1,7:29,East Field,No,C,Savannah Sparrow,0,0,0,0,0,0,0,
Hamlin Reservation,Tom Lannon,2025,6,1,7:44,West Field,No,D,Savannah Sparrow,0,0,0,0,0,0,0,
Hamlin Reservation,Tom Lannon,2025,6,1,NA,West Field,No,E,Savannah Sparrow,NA,NA,NA,NA,NA,NA,NA,
Hamlin Reservation,Tom Lannon,2025,6,1,7:55,West Field,No,F,Savannah Sparrow,0,0,0,0,0,0,0,
Hamlin Reservation,Tom Lannon,2025,6,1,7:15,East Field,No,A,Grasshopper Sparrow,0,0,0,0,0,0,0,
Hamlin Reservation,Tom Lannon,2025,6,1,7:22,East Field,No,B,Grasshopper Sparrow,0,0,0,0,0,0,0,
Hamlin Reservation,Tom Lannon,2025,6,1,7:29,East Field,No,C,Grasshopper Sparrow,0,0,0,0,0,0,0,
Hamlin Reservation,Tom Lannon,2025,6,1,7:44,West Field,No,D,Grasshopper Sparrow,0,0,0,0,0,0,0,
Hamlin Reservation,Tom Lannon,2025,6,1,NA,West Field,No,E,Grasshopper Sparrow,NA,NA,NA,NA,NA,NA,NA,
Hamlin Reservation,Tom Lannon,2025,6,1,7:55,West Field,No,F,Grasshopper Sparrow,0,0,0,0,0,0,0,
Hamlin Reservation,Tom Lannon,2025,6,1,7:15,East Field,No,A,Eastern Meadowlark,0,0,0,0,0,0,0,
Hamlin Reservation,Tom Lannon,2025,6,1,7:22,East Field,No,B,Eastern Meadowlark,0,0,0,0,0,0,0,
Hamlin Reservation,Tom Lannon,2025,6,1,7:29,East Field,No,C,Eastern Meadowlark,0,0,0,0,0,0,0,
Hamlin Reservation,Tom Lannon,2025,6,1,7:44,West Field,No,D,Eastern Meadowlark,0,0,0,0,0,0,0,
Hamlin Reservation,Tom Lannon,2025,6,1,NA,West Field,No,E,Eastern Meadowlark,NA,NA,NA,NA,NA,NA,NA,
Hamlin Reservation,Tom Lannon,2025,6,1,7:55,West Field,No,F,Eastern Meadowlark,0,0,0,0,0,0,0,
Hamlin Reservation,Dean Baumeister,2025,6,4,8:40,East Field,No,A,Bobolink,0,1,1,0,0,0,1,
Hamlin Reservation,Dean Baumeister,2025,6,4,8:47,East Field,No,B,Bobolink,0,0,0,0,0,0,0,
Hamlin Reservation,Dean Baumeister,2025,6,4,8:53,East Field,No,C,Bobolink,0,0,0,0,0,0,0,
Hamlin Reservation,Dean Baumeister,2025,6,4,9:00,West Field,No,D,Bobolink,0,0,0,0,0,0,0,
Hamlin Reservation,Dean Baumeister,2025,6,4,9:15,West Field,No,E,Bobolink,0,0,0,0,0,0,0,
Hamlin Reservation,Dean Baumeister,2025,6,4,9:28,West Field,No,F,Bobolink,0,0,0,0,0,0,0,
Hamlin Reservation,Dean Baumeister,2025,6,4,8:40,East Field,No,A,Savannah Sparrow,0,0,0,0,0,0,0,
Hamlin Reservation,Dean Baumeister,2025,6,4,8:47,East Field,No,B,Savannah Sparrow,0,0,0,0,0,0,0,
Hamlin Reservation,Dean Baumeister,2025,6,4,8:53,East Field,No,C,Savannah Sparrow,0,0,0,0,0,0,0,
Hamlin Reservation,Dean Baumeister,2025,6,4,9:00,West Field,No,D,Savannah Sparrow,0,0,0,0,0,0,0,
Hamlin Reservation,Dean Baumeister,2025,6,4,9:15,West Field,No,E,Savannah Sparrow,0,0,0,0,0,0,0,
Hamlin Reservation,Dean Baumeister,2025,6,4,9:28,West Field,No,F,Savannah Sparrow,0,0,0,0,0,0,0,
Hamlin Reservation,Dean Baumeister,2025,6,4,8:40,East Field,No,A,Grasshopper Sparrow,0,0,0,0,0,0,0,
Hamlin Reservation,Dean Baumeister,2025,6,4,8:47,East Field,No,B,Grasshopper Sparrow,0,0,0,0,0,0,0,
Hamlin Reservation,Dean Baumeister,2025,6,4,8:53,East Field,No,C,Grasshopper Sparrow,0,0,0,0,0,0,0,
Hamlin Reservation,Dean Baumeister,2025,6,4,9:00,West Field,No,D,Grasshopper Sparrow,0,0,0,0,0,0,0,
Hamlin Reservation,Dean Baumeister,2025,6,4,9:15,West Field,No,E,Grasshopper Sparrow,0,0,0,0,0,0,0,
Hamlin Reservation,Dean Baumeister,2025,6,4,9:28,West Field,No,F,Grasshopper Sparrow,0,0,0,0,0,0,0,
Hamlin Reservation,Dean Baumeister,2025,6,4,8:40,East Field,No,A,Eastern Meadowlark,0,0,0,0,0,0,0,
Hamlin Reservation,Dean Baumeister,2025,6,4,8:47,East Field,No,B,Eastern Meadowlark,0,0,0,0,0,0,0,
Hamlin Reservation,Dean Baumeister,2025,6,4,8:53,East Field,No,C,Eastern Meadowlark,0,0,0,0,0,0,0,
Hamlin Reservation,Dean Baumeister,2025,6,4,9:00,West Field,No,D,Eastern Meadowlark,0,0,0,0,0,0,0,
Hamlin Reservation,Dean Baumeister,2025,6,4,9:15,West Field,No,E,Eastern Meadowlark,0,0,1,0,0,0,1,Bird heard not seen
Hamlin Reservation,Dean Baumeister,2025,6,4,9:28,West Field,No,F,Eastern Meadowlark,0,0,0,0,0,0,0,
Hamlin Reservation,Tom Lannon,2025,6,8,6:48,East Field,No,A,Bobolink,0,0,0,0,0,0,0,
Hamlin Reservation,Tom Lannon,2025,6,8,6:56,East Field,No,B,Bobolink,0,0,0,0,0,0,0,
Hamlin Reservation,Tom Lannon,2025,6,8,7:02,East Field,No,C,Bobolink,0,0,0,0,0,0,0,
Hamlin Reservation,Tom Lannon,2025,6,8,7:17,West Field,No,D,Bobolink,0,0,0,0,0,0,0,
Hamlin Reservation,Tom Lannon,2025,6,8,NA,West Field,No,E,Bobolink,NA,NA,NA,NA,NA,NA,NA,
Hamlin Reservation,Tom Lannon,2025,6,8,7:29,West Field,No,F,Bobolink,0,0,0,0,0,0,0,
Hamlin Reservation,Tom Lannon,2025,6,8,6:48,East Field,No,A,Savannah Sparrow,0,0,0,0,0,0,0,
Hamlin Reservation,Tom Lannon,2025,6,8,6:56,East Field,No,B,Savannah Sparrow,0,0,0,0,0,0,0,
Hamlin Reservation,Tom Lannon,2025,6,8,7:02,East Field,No,C,Savannah Sparrow,0,0,0,0,0,0,0,
Hamlin Reservation,Tom Lannon,2025,6,8,7:17,West Field,No,D,Savannah Sparrow,0,0,0,0,0,0,0,
Hamlin Reservation,Tom Lannon,2025,6,8,NA,West Field,No,E,Savannah Sparrow,NA,NA,NA,NA,NA,NA,NA,
Hamlin Reservation,Tom Lannon,2025,6,8,7:29,West Field,No,F,Savannah Sparrow,0,0,0,0,0,0,0,
Hamlin Reservation,Tom Lannon,2025,6,8,6:48,East Field,No,A,Grasshopper Sparrow,0,0,0,0,0,0,0,
Hamlin Reservation,Tom Lannon,2025,6,8,6:56,East Field,No,B,Grasshopper Sparrow,0,0,0,0,0,0,0,
Hamlin Reservation,Tom Lannon,2025,6,8,7:02,East Field,No,C,Grasshopper Sparrow,0,0,0,0,0,0,0,
Hamlin Reservation,Tom Lannon,2025,6,8,7:17,West Field,No,D,Grasshopper Sparrow,0,0,0,0,0,0,0,
Hamlin Reservation,Tom Lannon,2025,6,8,NA,West Field,No,E,Grasshopper Sparrow,NA,NA,NA,NA,NA,NA,NA,
Hamlin Reservation,Tom Lannon,2025,6,8,7:29,West Field,No,F,Grasshopper Sparrow,0,0,0,0,0,0,0,
Hamlin Reservation,Tom Lannon,2025,6,8,6:48,East Field,No,A,Eastern Meadowlark,0,0,0,0,0,0,0,
Hamlin Reservation,Tom Lannon,2025,6,8,6:56,East Field,No,B,Eastern Meadowlark,0,0,0,0,0,0,0,
Hamlin Reservation,Tom Lannon,2025,6,8,7:02,East Field,No,C,Eastern Meadowlark,0,0,0,0,0,0,0,
Hamlin Reservation,Tom Lannon,2025,6,8,7:17,West Field,No,D,Eastern Meadowlark,0,1,1,0,0,0,1,
Hamlin Reservation,Tom Lannon,2025,6,8,NA,West Field,No,E,Eastern Meadowlark,NA,NA,NA,NA,NA,NA,NA,
Hamlin Reservation,Tom Lannon,2025,6,8,7:29,West Field,No,F,Eastern Meadowlark,0,0,0,0,0,0,0,
Hamlin Reservation,Dean Baumeister,2025,6,11,7:48,East Field,No,A,Bobolink,0,0,0,0,0,0,0,
Hamlin Reservation,Dean Baumeister,2025,6,11,7:54,East Field,No,B,Bobolink,0,0,0,0,0,0,0,
Hamlin Reservation,Dean Baumeister,2025,6,11,8:01,East Field,No,C,Bobolink,0,0,0,1,0,1,1,
Hamlin Reservation,Dean Baumeister,2025,6,11,8:18,West Field,No,D,Bobolink,0,0,0,0,0,0,0,
Hamlin Reservation,Dean Baumeister,2025,6,11,8:27,West Field,No,E,Bobolink,0,0,0,0,0,0,0,
Hamlin Reservation,Dean Baumeister,2025,6,11,8:38,West Field,No,F,Bobolink,0,0,0,0,0,0,0,
Hamlin Reservation,Dean Baumeister,2025,6,11,7:48,East Field,No,A,Savannah Sparrow,0,0,1,0,0,0,1,Bird heard not seen
Hamlin Reservation,Dean Baumeister,2025,6,11,7:54,East Field,No,B,Savannah Sparrow,0,0,0,0,0,0,0,
Hamlin Reservation,Dean Baumeister,2025,6,11,8:01,East Field,No,C,Savannah Sparrow,0,0,0,0,0,0,0,
Hamlin Reservation,Dean Baumeister,2025,6,11,8:18,West Field,No,D,Savannah Sparrow,0,0,0,0,0,0,0,
Hamlin Reservation,Dean Baumeister,2025,6,11,8:27,West Field,No,E,Savannah Sparrow,0,0,0,0,0,0,0,
Hamlin Reservation,Dean Baumeister,2025,6,11,8:38,West Field,No,F,Savannah Sparrow,0,0,0,0,0,0,0,
Hamlin Reservation,Dean Baumeister,2025,6,11,7:48,East Field,No,A,Grasshopper Sparrow,0,0,0,0,0,0,0,
Hamlin Reservation,Dean Baumeister,2025,6,11,7:54,East Field,No,B,Grasshopper Sparrow,0,0,0,0,0,0,0,
Hamlin Reservation,Dean Baumeister,2025,6,11,8:01,East Field,No,C,Grasshopper Sparrow,0,0,0,0,0,0,0,
Hamlin Reservation,Dean Baumeister,2025,6,11,8:18,West Field,No,D,Grasshopper Sparrow,0,0,0,0,0,0,0,
Hamlin Reservation,Dean Baumeister,2025,6,11,8:27,West Field,No,E,Grasshopper Sparrow,0,0,0,0,0,0,0,
Hamlin Reservation,Dean Baumeister,2025,6,11,8:38,West Field,No,F,Grasshopper Sparrow,0,0,0,0,0,0,0,
Hamlin Reservation,Dean Baumeister,2025,6,11,7:48,East Field,No,A,Eastern Meadowlark,0,0,0,0,0,0,0,
Hamlin Reservation,Dean Baumeister,2025,6,11,7:54,East Field,No,B,Eastern Meadowlark,0,0,0,0,0,0,0,
Hamlin Reservation,Dean Baumeister,2025,6,11,8:01,East Field,No,C,Eastern Meadowlark,0,0,0,0,0,0,0,
Hamlin Reservation,Dean Baumeister,2025,6,11,8:18,West Field,No,D,Eastern Meadowlark,0,0,0,0,0,0,0,
Hamlin Reservation,Dean Baumeister,2025,6,11,8:27,West Field,No,E,Eastern Meadowlark,0,0,0,0,0,0,0,
Hamlin Reservation,Dean Baumeister,2025,6,11,8:38,West Field,No,F,Eastern Meadowlark,0,0,0,0,0,0,0,
Hamlin Reservation,Tom Lannon,2025,6,16,8:26,East Field,No,A,Bobolink,0,0,0,0,0,0,0,
Hamlin Reservation,Tom Lannon,2025,6,16,8:34,East Field,No,B,Bobolink,0,0,0,0,0,0,0,
Hamlin Reservation,Tom Lannon,2025,6,16,8:41,East Field,No,C,Bobolink,0,0,0,0,0,0,0,
Hamlin Reservation,Tom Lannon,2025,6,16,8:55,West Field,No,D,Bobolink,0,0,0,0,0,0,0,
Hamlin Reservation,Tom Lannon,2025,6,16,NA,West Field,No,E,Bobolink,NA,NA,NA,NA,NA,NA,NA,
Hamlin Reservation,Tom Lannon,2025,6,16,9:10,West Field,No,F,Bobolink,0,0,0,0,0,0,0,
Hamlin Reservation,Tom Lannon,2025,6,16,8:26,East Field,No,A,Savannah Sparrow,0,0,0,0,0,0,0,
Hamlin Reservation,Tom Lannon,2025,6,16,8:34,East Field,No,B,Savannah Sparrow,0,0,0,0,0,0,0,
Hamlin Reservation,Tom Lannon,2025,6,16,8:41,East Field,No,C,Savannah Sparrow,0,0,0,0,0,0,0,
Hamlin Reservation,Tom Lannon,2025,6,16,8:55,West Field,No,D,Savannah Sparrow,0,0,0,0,0,0,0,
Hamlin Reservation,Tom Lannon,2025,6,16,NA,West Field,No,E,Savannah Sparrow,NA,NA,NA,NA,NA,NA,NA,
Hamlin Reservation,Tom Lannon,2025,6,16,9:10,West Field,No,F,Savannah Sparrow,0,0,0,0,0,0,0,
Hamlin Reservation,Tom Lannon,2025,6,16,8:26,East Field,No,A,Grasshopper Sparrow,0,0,0,0,0,0,0,
Hamlin Reservation,Tom Lannon,2025,6,16,8:34,East Field,No,B,Grasshopper Sparrow,0,0,0,0,0,0,0,
Hamlin Reservation,Tom Lannon,2025,6,16,8:41,East Field,No,C,Grasshopper Sparrow,0,0,0,0,0,0,0,
Hamlin Reservation,Tom Lannon,2025,6,16,8:55,West Field,No,D,Grasshopper Sparrow,0,0,0,0,0,0,0,
Hamlin Reservation,Tom Lannon,2025,6,16,NA,West Field,No,E,Grasshopper Sparrow,NA,NA,NA,NA,NA,NA,NA,
Hamlin Reservation,Tom Lannon,2025,6,16,9:10,West Field,No,F,Grasshopper Sparrow,0,0,0,0,0,0,0,
Hamlin Reservation,Tom Lannon,2025,6,16,8:26,East Field,No,A,Eastern Meadowlark,0,0,0,0,0,0,0,
Hamlin Reservation,Tom Lannon,2025,6,16,8:34,East Field,No,B,Eastern Meadowlark,0,0,0,0,0,0,0,
Hamlin Reservation,Tom Lannon,2025,6,16,8:41,East Field,No,C,Eastern Meadowlark,0,0,0,0,0,0,0,
Hamlin Reservation,Tom Lannon,2025,6,16,8:55,West Field,No,D,Eastern Meadowlark,0,1,1,0,0,0,1,
Hamlin Reservation,Tom Lannon,2025,6,16,NA,West Field,No,E,Eastern Meadowlark,NA,NA,NA,NA,NA,NA,NA,
Hamlin Reservation,Tom Lannon,2025,6,16,9:10,West Field,No,F,Eastern Meadowlark,0,0,0,0,0,0,0,
Hamlin Reservation,Tom Lannon,2025,6,24,7:05,East Field,No,A,Bobolink,0,0,0,0,0,0,0,
Hamlin Reservation,Tom Lannon,2025,6,24,7:12,East Field,No,B,Bobolink,0,0,0,0,0,0,0,
Hamlin Reservation,Tom Lannon,2025,6,24,7:19,East Field,No,C,Bobolink,0,0,0,0,0,0,0,
Hamlin Reservation,Tom Lannon,2025,6,24,7:34,West Field,No,D,Bobolink,0,0,0,0,0,0,0,
Hamlin Reservation,Tom Lannon,2025,6,24,7:46,West Field,No,E,Bobolink,0,0,0,0,0,0,0,
Hamlin Reservation,Tom Lannon,2025,6,24,8:02,West Field,No,F,Bobolink,0,0,0,0,0,0,0,
Hamlin Reservation,Tom Lannon,2025,6,24,7:05,East Field,No,A,Savannah Sparrow,0,0,1,0,0,0,1,Bird heard not seen
Hamlin Reservation,Tom Lannon,2025,6,24,7:12,East Field,No,B,Savannah Sparrow,0,0,0,0,0,0,0,
Hamlin Reservation,Tom Lannon,2025,6,24,7:19,East Field,No,C,Savannah Sparrow,0,0,0,0,0,0,0,
Hamlin Reservation,Tom Lannon,2025,6,24,7:34,West Field,No,D,Savannah Sparrow,0,0,0,0,0,0,0,
Hamlin Reservation,Tom Lannon,2025,6,24,7:46,West Field,No,E,Savannah Sparrow,0,0,0,0,0,0,0,
Hamlin Reservation,Tom Lannon,2025,6,24,8:02,West Field,No,F,Savannah Sparrow,0,0,0,0,0,0,0,
Hamlin Reservation,Tom Lannon,2025,6,24,7:05,East Field,No,A,Grasshopper Sparrow,0,0,0,0,0,0,0,
Hamlin Reservation,Tom Lannon,2025,6,24,7:12,East Field,No,B,Grasshopper Sparrow,0,0,0,0,0,0,0,
Hamlin Reservation,Tom Lannon,2025,6,24,7:19,East Field,No,C,Grasshopper Sparrow,0,0,0,0,0,0,0,
Hamlin Reservation,Tom Lannon,2025,6,24,7:34,West Field,No,D,Grasshopper Sparrow,0,0,0,0,0,0,0,
Hamlin Reservation,Tom Lannon,2025,6,24,7:46,West Field,No,E,Grasshopper Sparrow,0,0,0,0,0,0,0,
Hamlin Reservation,Tom Lannon,2025,6,24,8:02,West Field,No,F,Grasshopper Sparrow,0,0,0,0,0,0,0,
Hamlin Reservation,Tom Lannon,2025,6,24,7:05,East Field,No,A,Eastern Meadowlark,0,0,1,0,0,0,1,Bird heard not seen
Hamlin Reservation,Tom Lannon,2025,6,24,7:12,East Field,No,B,Eastern Meadowlark,0,0,0,0,0,0,0,
Hamlin Reservation,Tom Lannon,2025,6,24,7:19,East Field,No,C,Eastern Meadowlark,0,0,0,0,0,0,0,
Hamlin Reservation,Tom Lannon,2025,6,24,7:34,West Field,No,D,Eastern Meadowlark,0,0,0,0,0,0,0,
Hamlin Reservation,Tom Lannon,2025,6,24,7:46,West Field,No,E,Eastern Meadowlark,0,0,0,0,0,0,0,
Hamlin Reservation,Tom Lannon,2025,6,24,8:02,West Field,No,F,Eastern Meadowlark,0,0,0,0,0,0,0,
Hamlin Reservation,Tom Lannon,2025,7,4,7:39,East Field,No,A,Bobolink,0,0,0,0,0,0,0,
Hamlin Reservation,Tom Lannon,2025,7,4,7:46,East Field,No,B,Bobolink,0,0,0,0,0,0,0,
Hamlin Reservation,Tom Lannon,2025,7,4,7:55,East Field,No,C,Bobolink,0,0,0,0,0,0,0,
Hamlin Reservation,Tom Lannon,2025,7,4,8:08,West Field,No,D,Bobolink,0,0,0,0,0,0,0,
Hamlin Reservation,Tom Lannon,2025,7,4,8:20,West Field,No,E,Bobolink,0,0,0,0,0,0,0,
Hamlin Reservation,Tom Lannon,2025,7,4,8:30,West Field,No,F,Bobolink,0,0,0,0,0,0,0,
Hamlin Reservation,Tom Lannon,2025,7,4,7:39,East Field,No,A,Savannah Sparrow,0,0,0,0,0,0,0,
Hamlin Reservation,Tom Lannon,2025,7,4,7:46,East Field,No,B,Savannah Sparrow,0,0,0,0,0,0,0,
Hamlin Reservation,Tom Lannon,2025,7,4,7:55,East Field,No,C,Savannah Sparrow,0,0,0,0,0,0,0,
Hamlin Reservation,Tom Lannon,2025,7,4,8:08,West Field,No,D,Savannah Sparrow,0,0,0,0,0,0,0,
Hamlin Reservation,Tom Lannon,2025,7,4,8:20,West Field,No,E,Savannah Sparrow,0,0,0,0,0,0,0,
Hamlin Reservation,Tom Lannon,2025,7,4,8:30,West Field,No,F,Savannah Sparrow,0,0,0,0,0,0,0,
Hamlin Reservation,Tom Lannon,2025,7,4,7:39,East Field,No,A,Grasshopper Sparrow,0,0,0,0,0,0,0,
Hamlin Reservation,Tom Lannon,2025,7,4,7:46,East Field,No,B,Grasshopper Sparrow,0,0,0,0,0,0,0,
Hamlin Reservation,Tom Lannon,2025,7,4,7:55,East Field,No,C,Grasshopper Sparrow,0,0,0,0,0,0,0,
Hamlin Reservation,Tom Lannon,2025,7,4,8:08,West Field,No,D,Grasshopper Sparrow,0,0,0,0,0,0,0,
Hamlin Reservation,Tom Lannon,2025,7,4,8:20,West Field,No,E,Grasshopper Sparrow,0,0,0,0,0,0,0,
Hamlin Reservation,Tom Lannon,2025,7,4,8:30,West Field,No,F,Grasshopper Sparrow,0,0,0,0,0,0,0,
Hamlin Reservation,Tom Lannon,2025,7,4,7:39,East Field,No,A,Eastern Meadowlark,0,0,0,0,0,0,0,
Hamlin Reservation,Tom Lannon,2025,7,4,7:46,East Field,No,B,Eastern Meadowlark,0,0,0,0,0,0,0,
Hamlin Reservation,Tom Lannon,2025,7,4,7:55,East Field,No,C,Eastern Meadowlark,0,0,0,0,0,0,0,
Hamlin Reservation,Tom Lannon,2025,7,4,8:08,West Field,No,D,Eastern Meadowlark,0,0,0,0,0,0,0,
Hamlin Reservation,Tom Lannon,2025,7,4,8:20,West Field,No,E,Eastern Meadowlark,0,0,0,0,0,0,0,
Hamlin Reservation,Tom Lannon,2025,7,4,8:30,West Field,No,F,Eastern Meadowlark,0,0,0,0,0,0,0,
Holmes Reservation,Tom Callanan,2025,5,4,9:40,South Field,No,A,Bobolink,0,0,0,0,0,0,0,
Holmes Reservation,Tom Callanan,2025,5,4,9:45,South Field,No,B,Bobolink,0,0,0,0,0,0,0,
Holmes Reservation,Tom Callanan,2025,5,4,9:50,South Field,No,C,Bobolink,0,0,0,0,0,0,0,
Holmes Reservation,Tom Callanan,2025,5,4,9:40,South Field,No,A,Savannah Sparrow,0,0,0,0,0,0,0,
Holmes Reservation,Tom Callanan,2025,5,4,9:45,South Field,No,B,Savannah Sparrow,0,0,0,0,0,0,0,
Holmes Reservation,Tom Callanan,2025,5,4,9:50,South Field,No,C,Savannah Sparrow,0,0,0,0,0,0,0,
Holmes Reservation,Tom Callanan,2025,5,4,9:40,South Field,No,A,Grasshopper Sparrow,0,0,0,0,0,0,0,
Holmes Reservation,Tom Callanan,2025,5,4,9:45,South Field,No,B,Grasshopper Sparrow,0,0,0,0,0,0,0,
Holmes Reservation,Tom Callanan,2025,5,4,9:50,South Field,No,C,Grasshopper Sparrow,0,0,0,0,0,0,0,
Holmes Reservation,Tom Callanan,2025,5,4,9:40,South Field,No,A,Eastern Meadowlark,0,0,0,0,0,0,0,
Holmes Reservation,Tom Callanan,2025,5,4,9:45,South Field,No,B,Eastern Meadowlark,0,0,0,0,0,0,0,
Holmes Reservation,Tom Callanan,2025,5,4,9:50,South Field,No,C,Eastern Meadowlark,0,0,0,0,0,0,0,
Holmes Reservation,Tom Callanan,2025,5,31,9:44,South Field,No,A,Bobolink,0,0,0,0,0,0,0,
Holmes Reservation,Tom Callanan,2025,5,31,9:50,South Field,No,B,Bobolink,0,0,0,0,0,0,0,
Holmes Reservation,Tom Callanan,2025,5,31,9:55,South Field,No,C,Bobolink,0,0,0,0,0,0,0,
Holmes Reservation,Tom Callanan,2025,5,31,9:44,South Field,No,A,Savannah Sparrow,0,0,0,0,0,0,0,
Holmes Reservation,Tom Callanan,2025,5,31,9:50,South Field,No,B,Savannah Sparrow,0,0,0,0,0,0,0,
Holmes Reservation,Tom Callanan,2025,5,31,9:55,South Field,No,C,Savannah Sparrow,0,0,0,0,0,0,0,
Holmes Reservation,Tom Callanan,2025,5,31,9:44,South Field,No,A,Grasshopper Sparrow,0,0,0,0,0,0,0,
Holmes Reservation,Tom Callanan,2025,5,31,9:50,South Field,No,B,Grasshopper Sparrow,0,0,0,0,0,1,1,
Holmes Reservation,Tom Callanan,2025,5,31,9:55,South Field,No,C,Grasshopper Sparrow,0,0,0,0,0,0,0,
Holmes Reservation,Tom Callanan,2025,5,31,9:44,South Field,No,A,Eastern Meadowlark,0,0,0,0,0,0,0,
Holmes Reservation,Tom Callanan,2025,5,31,9:50,South Field,No,B,Eastern Meadowlark,0,0,0,0,0,0,0,
Holmes Reservation,Tom Callanan,2025,5,31,9:55,South Field,No,C,Eastern Meadowlark,0,0,0,0,0,0,0,
Holmes Reservation,Tom Callanan,2025,6,25,9:40,South Field,No,A,Bobolink,0,0,0,0,0,0,0,
Holmes Reservation,Tom Callanan,2025,6,25,9:45,South Field,No,B,Bobolink,0,0,0,0,0,0,0,
Holmes Reservation,Tom Callanan,2025,6,25,9:50,South Field,No,C,Bobolink,0,0,0,0,0,0,0,
Holmes Reservation,Tom Callanan,2025,6,25,9:40,South Field,No,A,Savannah Sparrow,0,0,0,0,0,0,0,
Holmes Reservation,Tom Callanan,2025,6,25,9:45,South Field,No,B,Savannah Sparrow,0,0,0,0,0,0,0,
Holmes Reservation,Tom Callanan,2025,6,25,9:50,South Field,No,C,Savannah Sparrow,0,0,0,0,0,0,0,
Holmes Reservation,Tom Callanan,2025,6,25,9:40,South Field,No,A,Grasshopper Sparrow,0,0,0,0,0,0,0,
Holmes Reservation,Tom Callanan,2025,6,25,9:45,South Field,No,B,Grasshopper Sparrow,0,0,0,0,0,0,0,
Holmes Reservation,Tom Callanan,2025,6,25,9:50,South Field,No,C,Grasshopper Sparrow,0,0,0,0,0,0,0,
Holmes Reservation,Tom Callanan,2025,6,25,9:40,South Field,No,A,Eastern Meadowlark,0,0,0,0,0,0,0,
Holmes Reservation,Tom Callanan,2025,6,25,9:45,South Field,No,B,Eastern Meadowlark,0,0,0,0,0,0,0,
Holmes Reservation,Tom Callanan,2025,6,25,9:50,South Field,No,C,Eastern Meadowlark,0,0,0,0,0,0,0,
Holmes Reservation,Tom Callanan,2025,7,11,9:44,South Field,No,A,Bobolink,0,0,0,0,0,0,0,
Holmes Reservation,Tom Callanan,2025,7,11,9:50,South Field,No,B,Bobolink,0,0,0,0,0,0,0,
Holmes Reservation,Tom Callanan,2025,7,11,9:55,South Field,No,C,Bobolink,0,0,0,0,0,0,0,
Holmes Reservation,Tom Callanan,2025,7,11,9:44,South Field,No,A,Savannah Sparrow,0,0,0,0,0,0,0,
Holmes Reservation,Tom Callanan,2025,7,11,9:50,South Field,No,B,Savannah Sparrow,0,0,0,0,0,0,0,
Holmes Reservation,Tom Callanan,2025,7,11,9:55,South Field,No,C,Savannah Sparrow,0,0,0,0,0,0,0,
Holmes Reservation,Tom Callanan,2025,7,11,9:44,South Field,No,A,Grasshopper Sparrow,0,0,0,0,0,0,0,
Holmes Reservation,Tom Callanan,2025,7,11,9:50,South Field,No,B,Grasshopper Sparrow,0,0,0,0,0,1,1,
Holmes Reservation,Tom Callanan,2025,7,11,9:55,South Field,No,C,Grasshopper Sparrow,0,0,0,0,0,0,0,
Holmes Reservation,Tom Callanan,2025,7,11,9:44,South Field,No,A,Eastern Meadowlark,0,0,0,0,0,0,0,
Holmes Reservation,Tom Callanan,2025,7,11,9:50,South Field,No,B,Eastern Meadowlark,0,0,0,0,0,0,0,
Holmes Reservation,Tom Callanan,2025,7,11,9:55,South Field,No,C,Eastern Meadowlark,0,0,0,0,0,0,0,
Jewell Hill,Bob Kitchen,2025,5,7,10:05,Nut Orchard,No,A,Bobolink,0,0,0,0,0,1,1,Bird heard but not seen
Jewell Hill,Bob Kitchen,2025,5,7,7:40,Barn Pasture,No,B,Bobolink,0,0,2,0,0,0,2,
Jewell Hill,Bob Kitchen,2025,5,7,,Windmill,No,C,Bobolink,0,0,0,0,0,1,1,Bird heard but not seen
Jewell Hill,Bob Kitchen,2025,5,7,8:20,Windmill,No,D,Bobolink,0,0,0,0,0,1,1,Bird heard but not seen
Jewell Hill,Bob Kitchen,2025,5,7,8:25,Caswell,No,D,Bobolink,0,0,0,0,0,0,0,
Jewell Hill,Bob Kitchen,2025,5,7,8:45,Caswell,No,E,Bobolink,0,0,0,0,0,1,1,Bird heard but not seen
Jewell Hill,Bob Kitchen,2025,5,7,8:50,WIllard,No,E,Bobolink,0,0,0,0,0,0,0,
Jewell Hill,Bob Kitchen,2025,5,7,9:15,Fox Pasture,No,F,Bobolink,0,0,0,0,0,0,0,
Jewell Hill,Bob Kitchen,2025,5,7,8:00,Knoll,No,G,Bobolink,0,0,0,0,0,2,2,
Jewell Hill,Bob Kitchen,2025,5,7,9:55,Lupine,No,H,Bobolink,0,0,0,0,0,4,4,
Jewell Hill,Bob Kitchen,2025,5,7,8:10,Wildcat,No,I,Bobolink,0,0,0,0,0,0,0,
Jewell Hill,Bob Kitchen,2025,5,7,7:50,Lupine,No,J,Bobolink,4,0,4,0,0,0,8,
Jewell Hill,Bob Kitchen,2025,5,7,10:05,Nut Orchard,No,A,Savannah Sparrow,0,0,0,0,0,0,0,
Jewell Hill,Bob Kitchen,2025,5,7,7:40,Barn Pasture,No,B,Savannah Sparrow,0,0,0,0,0,0,0,
Jewell Hill,Bob Kitchen,2025,5,7,,Windmill,No,C,Savannah Sparrow,0,0,1,0,0,0,1,
Jewell Hill,Bob Kitchen,2025,5,7,8:20,Windmill,No,D,Savannah Sparrow,0,0,1,0,0,0,1,
Jewell Hill,Bob Kitchen,2025,5,7,8:25,Caswell,No,D,Savannah Sparrow,0,0,0,0,0,0,0,
Jewell Hill,Bob Kitchen,2025,5,7,8:45,Caswell,No,E,Savannah Sparrow,0,0,0,0,0,0,0,
Jewell Hill,Bob Kitchen,2025,5,7,8:50,WIllard,No,E,Savannah Sparrow,0,0,0,0,0,0,0,
Jewell Hill,Bob Kitchen,2025,5,7,9:15,Fox Pasture,No,F,Savannah Sparrow,0,0,0,0,0,0,0,
Jewell Hill,Bob Kitchen,2025,5,7,8:00,Knoll,No,G,Savannah Sparrow,0,0,0,0,0,0,0,
Jewell Hill,Bob Kitchen,2025,5,7,9:55,Lupine,No,H,Savannah Sparrow,0,0,1,0,0,0,1,Bird heard but not seen
Jewell Hill,Bob Kitchen,2025,5,7,8:10,Wildcat,No,I,Savannah Sparrow,0,0,1,0,0,0,1,Bird heard but not seen
Jewell Hill,Bob Kitchen,2025,5,7,7:50,Lupine,No,J,Savannah Sparrow,0,0,0,0,0,0,0,
Jewell Hill,Bob Kitchen,2025,5,7,10:05,Nut Orchard,No,A,Grasshopper Sparrow,0,0,0,0,0,0,0,
Jewell Hill,Bob Kitchen,2025,5,7,7:40,Barn Pasture,No,B,Grasshopper Sparrow,0,0,0,0,0,0,0,
Jewell Hill,Bob Kitchen,2025,5,7,,Windmill,No,C,Grasshopper Sparrow,0,0,0,0,0,0,0,
Jewell Hill,Bob Kitchen,2025,5,7,8:20,Windmill,No,D,Grasshopper Sparrow,0,0,0,0,0,0,0,
Jewell Hill,Bob Kitchen,2025,5,7,8:25,Caswell,No,D,Grasshopper Sparrow,0,0,0,0,0,0,0,
Jewell Hill,Bob Kitchen,2025,5,7,8:45,Caswell,No,E,Grasshopper Sparrow,0,0,0,0,0,0,0,
Jewell Hill,Bob Kitchen,2025,5,7,8:50,WIllard,No,E,Grasshopper Sparrow,0,0,0,0,0,0,0,
Jewell Hill,Bob Kitchen,2025,5,7,9:15,Fox Pasture,No,F,Grasshopper Sparrow,0,0,0,0,0,0,0,
Jewell Hill,Bob Kitchen,2025,5,7,8:00,Knoll,No,G,Grasshopper Sparrow,0,0,0,0,0,0,0,
Jewell Hill,Bob Kitchen,2025,5,7,9:55,Lupine,No,H,Grasshopper Sparrow,0,0,0,0,0,0,0,
Jewell Hill,Bob Kitchen,2025,5,7,8:10,Wildcat,No,I,Grasshopper Sparrow,0,0,0,0,0,0,0,
Jewell Hill,Bob Kitchen,2025,5,7,7:50,Lupine,No,J,Grasshopper Sparrow,0,0,0,0,0,0,0,
Jewell Hill,Bob Kitchen,2025,5,7,10:05,Nut Orchard,No,A,Eastern Meadowlark,0,0,0,0,0,0,0,
Jewell Hill,Bob Kitchen,2025,5,7,7:40,Barn Pasture,No,B,Eastern Meadowlark,0,0,0,0,0,0,0,
Jewell Hill,Bob Kitchen,2025,5,7,,Windmill,No,C,Eastern Meadowlark,0,0,0,0,0,0,0,
Jewell Hill,Bob Kitchen,2025,5,7,8:20,Windmill,No,D,Eastern Meadowlark,0,0,0,0,0,0,0,
Jewell Hill,Bob Kitchen,2025,5,7,8:25,Caswell,No,D,Eastern Meadowlark,0,0,0,0,0,0,0,
Jewell Hill,Bob Kitchen,2025,5,7,8:45,Caswell,No,E,Eastern Meadowlark,0,0,0,0,0,0,0,
Jewell Hill,Bob Kitchen,2025,5,7,8:50,WIllard,No,E,Eastern Meadowlark,0,0,0,0,0,0,0,
Jewell Hill,Bob Kitchen,2025,5,7,9:15,Fox Pasture,No,F,Eastern Meadowlark,0,0,0,0,0,0,0,
Jewell Hill,Bob Kitchen,2025,5,7,8:00,Knoll,No,G,Eastern Meadowlark,0,0,0,0,0,0,0,
Jewell Hill,Bob Kitchen,2025,5,7,9:55,Lupine,No,H,Eastern Meadowlark,0,0,0,0,0,0,0,
Jewell Hill,Bob Kitchen,2025,5,7,8:10,Wildcat,No,I,Eastern Meadowlark,0,0,0,0,0,0,0,
Jewell Hill,Bob Kitchen,2025,5,7,7:50,Lupine,No,J,Eastern Meadowlark,0,0,0,0,0,0,0,
Jewell Hill,Bob Kitchen,2025,5,12,7:50,Nut Orchard,No,A,Bobolink,0,0,0,0,0,0,0,
Jewell Hill,Bob Kitchen,2025,5,12,7:40,Barn Pasture,No,B,Bobolink,1,0,1,0,0,2,2,Bird heard not seen
Jewell Hill,Bob Kitchen,2025,5,12,8:45,Windmill,No,C,Bobolink,2,0,2,0,1,1,3,
Jewell Hill,Bob Kitchen,2025,5,12,8:30,Windmill,No,D,Bobolink,0,0,0,3,1,4,4,
Jewell Hill,Bob Kitchen,2025,5,12,8:35,Caswell,No,D,Bobolink,0,0,0,2,0,2,2,
Jewell Hill,Bob Kitchen,2025,5,12,8:45,Caswell,No,E,Bobolink,1,0,1,2,0,2,3,
Jewell Hill,Bob Kitchen,2025,5,12,8:50,WIllard,No,E,Bobolink,0,0,0,0,0,0,0,
Jewell Hill,Bob Kitchen,2025,5,12,9:10,Fox Pasture,No,F,Bobolink,0,0,0,0,0,0,0,
Jewell Hill,Bob Kitchen,2025,5,12,8:15,Knoll,No,G,Bobolink,1,0,1,2,0,2,3,
Jewell Hill,Bob Kitchen,2025,5,12,8:00,Lupine,No,H,Bobolink,1,0,1,3,1,4,5,
Jewell Hill,Bob Kitchen,2025,5,12,8:20,Wildcat,No,I,Bobolink,1,0,1,0,0,0,1,
Jewell Hill,Bob Kitchen,2025,5,12,8:10,Lupine,No,J,Bobolink,3,1,4,2,0,2,6,
Jewell Hill,Bob Kitchen,2025,5,12,7:50,Nut Orchard,No,A,Savannah Sparrow,0,0,0,0,0,0,0,
Jewell Hill,Bob Kitchen,2025,5,12,7:40,Barn Pasture,No,B,Savannah Sparrow,0,0,0,0,0,0,0,
Jewell Hill,Bob Kitchen,2025,5,12,8:45,Windmill,No,C,Savannah Sparrow,1,0,1,0,0,0,1,
Jewell Hill,Bob Kitchen,2025,5,12,8:30,Windmill,No,D,Savannah Sparrow,1,0,1,0,0,0,1,
Jewell Hill,Bob Kitchen,2025,5,12,8:35,Caswell,No,D,Savannah Sparrow,0,0,0,0,0,0,0,
Jewell Hill,Bob Kitchen,2025,5,12,8:45,Caswell,No,E,Savannah Sparrow,0,0,0,0,0,0,0,
Jewell Hill,Bob Kitchen,2025,5,12,8:50,WIllard,No,E,Savannah Sparrow,2,0,2,0,0,0,2,
Jewell Hill,Bob Kitchen,2025,5,12,9:10,Fox Pasture,No,F,Savannah Sparrow,0,0,0,0,0,0,0,
Jewell Hill,Bob Kitchen,2025,5,12,8:15,Knoll,No,G,Savannah Sparrow,0,0,0,0,0,0,0,
Jewell Hill,Bob Kitchen,2025,5,12,8:00,Lupine,No,H,Savannah Sparrow,0,0,0,0,0,0,0,
Jewell Hill,Bob Kitchen,2025,5,12,8:20,Wildcat,No,I,Savannah Sparrow,0,0,0,0,0,0,0,
Jewell Hill,Bob Kitchen,2025,5,12,8:10,Lupine,No,J,Savannah Sparrow,0,0,1,0,0,0,1,Bird heard not seen
Jewell Hill,Bob Kitchen,2025,5,12,7:50,Nut Orchard,No,A,Grasshopper Sparrow,0,0,0,0,0,0,0,
Jewell Hill,Bob Kitchen,2025,5,12,7:40,Barn Pasture,No,B,Grasshopper Sparrow,0,0,0,0,0,0,0,
Jewell Hill,Bob Kitchen,2025,5,12,8:45,Windmill,No,C,Grasshopper Sparrow,0,0,0,0,0,0,0,
Jewell Hill,Bob Kitchen,2025,5,12,8:30,Windmill,No,D,Grasshopper Sparrow,0,0,0,0,0,0,0,
Jewell Hill,Bob Kitchen,2025,5,12,8:35,Caswell,No,D,Grasshopper Sparrow,0,0,0,0,0,0,0,
Jewell Hill,Bob Kitchen,2025,5,12,8:45,Caswell,No,E,Grasshopper Sparrow,0,0,0,0,0,0,0,
Jewell Hill,Bob Kitchen,2025,5,12,8:50,WIllard,No,E,Grasshopper Sparrow,0,0,0,0,0,0,0,
Jewell Hill,Bob Kitchen,2025,5,12,9:10,Fox Pasture,No,F,Grasshopper Sparrow,0,0,0,0,0,0,0,
Jewell Hill,Bob Kitchen,2025,5,12,8:15,Knoll,No,G,Grasshopper Sparrow,0,0,0,0,0,0,0,
Jewell Hill,Bob Kitchen,2025,5,12,8:00,Lupine,No,H,Grasshopper Sparrow,0,0,0,0,0,0,0,
Jewell Hill,Bob Kitchen,2025,5,12,8:20,Wildcat,No,I,Grasshopper Sparrow,0,0,0,0,0,0,0,
Jewell Hill,Bob Kitchen,2025,5,12,8:10,Lupine,No,J,Grasshopper Sparrow,0,0,0,0,0,0,0,
Jewell Hill,Bob Kitchen,2025,5,12,7:50,Nut Orchard,No,A,Eastern Meadowlark,0,0,0,0,0,0,0,
Jewell Hill,Bob Kitchen,2025,5,12,7:40,Barn Pasture,No,B,Eastern Meadowlark,0,0,0,0,0,0,0,
Jewell Hill,Bob Kitchen,2025,5,12,8:45,Windmill,No,C,Eastern Meadowlark,0,0,0,0,0,0,0,
Jewell Hill,Bob Kitchen,2025,5,12,8:30,Windmill,No,D,Eastern Meadowlark,0,0,0,0,0,0,0,
Jewell Hill,Bob Kitchen,2025,5,12,8:35,Caswell,No,D,Eastern Meadowlark,0,0,0,0,0,0,0,
Jewell Hill,Bob Kitchen,2025,5,12,8:45,Caswell,No,E,Eastern Meadowlark,0,0,0,0,0,0,0,
Jewell Hill,Bob Kitchen,2025,5,12,8:50,WIllard,No,E,Eastern Meadowlark,0,0,0,0,0,0,0,
Jewell Hill,Bob Kitchen,2025,5,12,9:10,Fox Pasture,No,F,Eastern Meadowlark,0,0,0,0,0,0,0,
Jewell Hill,Bob Kitchen,2025,5,12,8:15,Knoll,No,G,Eastern Meadowlark,0,0,0,0,0,0,0,
Jewell Hill,Bob Kitchen,2025,5,12,8:00,Lupine,No,H,Eastern Meadowlark,0,0,0,0,0,0,0,
Jewell Hill,Bob Kitchen,2025,5,12,8:20,Wildcat,No,I,Eastern Meadowlark,0,0,0,0,0,0,0,
Jewell Hill,Bob Kitchen,2025,5,12,8:10,Lupine,No,J,Eastern Meadowlark,0,0,0,0,0,0,0,
Jewell Hill,Bill Lafely,2025,5,11,6:59,Nut Orchard,No,A,Bobolink,2,0,2,1,1,2,4,Flyovers
Jewell Hill,Bill Lafely,2025,5,11,7:07,Barn Pasture,No,B,Bobolink,2,0,2,1,0,1,3,
Jewell Hill,Bill Lafely,2025,5,11,7:15,Windmill,No,C,Bobolink,2,0,2,1,0,2,4,Flyovers
Jewell Hill,Bill Lafely,2025,5,11,7:23,Windmill,No,D,Bobolink,1,0,1,1,0,1,2,
Jewell Hill,Bill Lafely,2025,5,11,7:28,Caswell,No,D,Bobolink,3,0,3,1,0,1,4,
Jewell Hill,Bill Lafely,2025,5,11,7:36,Caswell,No,E,Bobolink,0,0,0,0,0,0,0,
Jewell Hill,Bill Lafely,2025,5,11,7:41,WIllard,No,E,Bobolink,0,0,0,0,0,0,0,
Jewell Hill,Bill Lafely,2025,5,11,7:59,Fox Pasture,No,F,Bobolink,0,0,0,0,0,1,1,Flyovers
Jewell Hill,Bill Lafely,2025,5,11,8:32,Knoll,No,G,Bobolink,2,0,2,2,0,2,4,
Jewell Hill,Bill Lafely,2025,5,11,8:55,Lupine,No,H,Bobolink,1,0,1,1,0,1,2,
Jewell Hill,Bill Lafely,2025,5,11,8:23,Wildcat,No,I,Bobolink,2,0,2,0,0,0,2,
Jewell Hill,Bill Lafely,2025,5,11,8:38,Lupine,No,J,Bobolink,6,0,6,0,0,0,6,
Jewell Hill,Bill Lafely,2025,5,11,6:59,Nut Orchard,No,A,Savannah Sparrow,0,0,0,0,0,0,0,
Jewell Hill,Bill Lafely,2025,5,11,7:07,Barn Pasture,No,B,Savannah Sparrow,0,0,1,0,0,0,1,Bird heard not seen
Jewell Hill,Bill Lafely,2025,5,11,7:15,Windmill,No,C,Savannah Sparrow,1,0,1,0,0,0,1,
Jewell Hill,Bill Lafely,2025,5,11,7:23,Windmill,No,D,Savannah Sparrow,1,0,1,0,0,0,1,
Jewell Hill,Bill Lafely,2025,5,11,7:28,Caswell,No,D,Savannah Sparrow,1,0,1,0,0,0,1,
Jewell Hill,Bill Lafely,2025,5,11,7:36,Caswell,No,E,Savannah Sparrow,0,0,0,1,0,1,1,
Jewell Hill,Bill Lafely,2025,5,11,7:41,WIllard,No,E,Savannah Sparrow,0,0,0,0,0,0,0,
Jewell Hill,Bill Lafely,2025,5,11,7:59,Fox Pasture,No,F,Savannah Sparrow,0,0,0,0,0,0,0,
Jewell Hill,Bill Lafely,2025,5,11,8:32,Knoll,No,G,Savannah Sparrow,0,0,0,0,0,0,0,
Jewell Hill,Bill Lafely,2025,5,11,8:55,Lupine,No,H,Savannah Sparrow,0,0,0,0,0,0,0,
Jewell Hill,Bill Lafely,2025,5,11,8:23,Wildcat,No,I,Savannah Sparrow,0,0,0,0,0,0,0,
Jewell Hill,Bill Lafely,2025,5,11,8:38,Lupine,No,J,Savannah Sparrow,1,0,1,0,0,0,1,
Jewell Hill,Bill Lafely,2025,5,11,6:59,Nut Orchard,No,A,Grasshopper Sparrow,0,0,0,0,0,0,0,
Jewell Hill,Bill Lafely,2025,5,11,7:07,Barn Pasture,No,B,Grasshopper Sparrow,0,0,0,0,0,0,0,
Jewell Hill,Bill Lafely,2025,5,11,7:15,Windmill,No,C,Grasshopper Sparrow,0,0,0,0,0,0,0,
Jewell Hill,Bill Lafely,2025,5,11,7:23,Windmill,No,D,Grasshopper Sparrow,0,0,0,0,0,0,0,
Jewell Hill,Bill Lafely,2025,5,11,7:28,Caswell,No,D,Grasshopper Sparrow,0,0,0,0,0,0,0,
Jewell Hill,Bill Lafely,2025,5,11,7:36,Caswell,No,E,Grasshopper Sparrow,0,0,0,0,0,0,0,
Jewell Hill,Bill Lafely,2025,5,11,7:41,WIllard,No,E,Grasshopper Sparrow,0,0,0,0,0,0,0,
Jewell Hill,Bill Lafely,2025,5,11,7:59,Fox Pasture,No,F,Grasshopper Sparrow,0,0,0,0,0,0,0,
Jewell Hill,Bill Lafely,2025,5,11,8:32,Knoll,No,G,Grasshopper Sparrow,1,0,1,0,0,0,1,
Jewell Hill,Bill Lafely,2025,5,11,8:55,Lupine,No,H,Grasshopper Sparrow,0,0,0,0,0,0,0,
Jewell Hill,Bill Lafely,2025,5,11,8:23,Wildcat,No,I,Grasshopper Sparrow,0,0,0,0,0,0,0,
Jewell Hill,Bill Lafely,2025,5,11,8:38,Lupine,No,J,Grasshopper Sparrow,0,0,0,0,0,0,0,
Jewell Hill,Bill Lafely,2025,5,11,6:59,Nut Orchard,No,A,Eastern Meadowlark,0,0,0,0,0,0,0,
Jewell Hill,Bill Lafely,2025,5,11,7:07,Barn Pasture,No,B,Eastern Meadowlark,0,0,0,0,0,0,0,
Jewell Hill,Bill Lafely,2025,5,11,7:15,Windmill,No,C,Eastern Meadowlark,0,0,0,0,0,0,0,
Jewell Hill,Bill Lafely,2025,5,11,7:23,Windmill,No,D,Eastern Meadowlark,0,0,0,0,0,0,0,
Jewell Hill,Bill Lafely,2025,5,11,7:28,Caswell,No,D,Eastern Meadowlark,0,0,0,0,0,0,0,
Jewell Hill,Bill Lafely,2025,5,11,7:36,Caswell,No,E,Eastern Meadowlark,0,0,0,0,0,0,0,
Jewell Hill,Bill Lafely,2025,5,11,7:41,WIllard,No,E,Eastern Meadowlark,0,0,0,0,0,0,0,
Jewell Hill,Bill Lafely,2025,5,11,7:59,Fox Pasture,No,F,Eastern Meadowlark,0,0,0,0,0,0,0,
Jewell Hill,Bill Lafely,2025,5,11,8:32,Knoll,No,G,Eastern Meadowlark,0,0,0,0,0,0,0,
Jewell Hill,Bill Lafely,2025,5,11,8:55,Lupine,No,H,Eastern Meadowlark,0,0,0,0,0,0,0,
Jewell Hill,Bill Lafely,2025,5,11,8:23,Wildcat,No,I,Eastern Meadowlark,0,0,0,0,0,0,0,
Jewell Hill,Bill Lafely,2025,5,11,8:38,Lupine,No,J,Eastern Meadowlark,0,0,0,0,0,0,0,
Jewell Hill,Bob Kitchen,2025,5,27,7:30,Nut Orchard,No,A,Bobolink,0,0,0,0,0,0,0,
Jewell Hill,Bob Kitchen,2025,5,27,7:20,Barn Pasture,No,B,Bobolink,2,0,2,0,0,0,2,
Jewell Hill,Bob Kitchen,2025,5,27,8:30,Windmill,No,C,Bobolink,1,0,1,0,0,0,1,
Jewell Hill,Bob Kitchen,2025,5,27,8:20,Windmill,No,D,Bobolink,4,0,4,3,0,3,7,
Jewell Hill,Bob Kitchen,2025,5,27,8:25,Caswell,No,D,Bobolink,1,0,1,1,0,1,2,
Jewell Hill,Bob Kitchen,2025,5,27,8:50,Caswell,No,E,Bobolink,2,0,2,0,0,0,2,
Jewell Hill,Bob Kitchen,2025,5,27,8:45,WIllard,No,E,Bobolink,0,0,0,0,0,0,0,
Jewell Hill,Bob Kitchen,2025,5,27,9:10,Fox Pasture,No,F,Bobolink,0,0,0,0,0,0,0,
Jewell Hill,Bob Kitchen,2025,5,27,8:00,Knoll,No,G,Bobolink,4,3,7,3,0,3,10,
Jewell Hill,Bob Kitchen,2025,5,27,7:40,Lupine,No,H,Bobolink,0,0,0,2,0,2,2,
Jewell Hill,Bob Kitchen,2025,5,27,8:05,Wildcat,No,I,Bobolink,2,1,3,0,0,0,3,
Jewell Hill,Bob Kitchen,2025,5,27,7:50,Lupine,No,J,Bobolink,2,0,2,4,0,4,6,
Jewell Hill,Bob Kitchen,2025,5,27,7:30,Nut Orchard,No,A,Savannah Sparrow,0,0,0,0,0,0,0,
Jewell Hill,Bob Kitchen,2025,5,27,7:20,Barn Pasture,No,B,Savannah Sparrow,0,0,0,0,0,0,0,
Jewell Hill,Bob Kitchen,2025,5,27,8:30,Windmill,No,C,Savannah Sparrow,0,0,0,0,0,0,0,
Jewell Hill,Bob Kitchen,2025,5,27,8:20,Windmill,No,D,Savannah Sparrow,0,0,1,0,0,0,1,
Jewell Hill,Bob Kitchen,2025,5,27,8:25,Caswell,No,D,Savannah Sparrow,0,0,0,0,0,0,0,
Jewell Hill,Bob Kitchen,2025,5,27,8:50,Caswell,No,E,Savannah Sparrow,0,0,0,0,0,0,0,
Jewell Hill,Bob Kitchen,2025,5,27,8:45,WIllard,No,E,Savannah Sparrow,0,0,0,0,0,0,0,
Jewell Hill,Bob Kitchen,2025,5,27,9:10,Fox Pasture,No,F,Savannah Sparrow,0,0,0,0,0,0,0,
Jewell Hill,Bob Kitchen,2025,5,27,8:00,Knoll,No,G,Savannah Sparrow,0,0,0,0,0,0,0,
Jewell Hill,Bob Kitchen,2025,5,27,7:40,Lupine,No,H,Savannah Sparrow,0,0,0,0,0,0,0,
Jewell Hill,Bob Kitchen,2025,5,27,8:05,Wildcat,No,I,Savannah Sparrow,0,0,0,0,0,0,0,
Jewell Hill,Bob Kitchen,2025,5,27,7:50,Lupine,No,J,Savannah Sparrow,0,0,0,0,0,0,0,
Jewell Hill,Bob Kitchen,2025,5,27,7:30,Nut Orchard,No,A,Grasshopper Sparrow,0,0,0,0,0,0,0,
Jewell Hill,Bob Kitchen,2025,5,27,7:20,Barn Pasture,No,B,Grasshopper Sparrow,0,0,0,0,0,0,0,
Jewell Hill,Bob Kitchen,2025,5,27,8:30,Windmill,No,C,Grasshopper Sparrow,0,0,0,0,0,0,0,
Jewell Hill,Bob Kitchen,2025,5,27,8:20,Windmill,No,D,Grasshopper Sparrow,0,0,0,0,0,0,0,
Jewell Hill,Bob Kitchen,2025,5,27,8:25,Caswell,No,D,Grasshopper Sparrow,0,0,0,0,0,0,0,
Jewell Hill,Bob Kitchen,2025,5,27,8:50,Caswell,No,E,Grasshopper Sparrow,0,0,0,0,0,0,0,
Jewell Hill,Bob Kitchen,2025,5,27,8:45,WIllard,No,E,Grasshopper Sparrow,0,0,0,0,0,0,0,
Jewell Hill,Bob Kitchen,2025,5,27,9:10,Fox Pasture,No,F,Grasshopper Sparrow,0,0,0,0,0,0,0,
Jewell Hill,Bob Kitchen,2025,5,27,8:00,Knoll,No,G,Grasshopper Sparrow,0,0,0,0,0,0,0,
Jewell Hill,Bob Kitchen,2025,5,27,7:40,Lupine,No,H,Grasshopper Sparrow,0,0,0,0,0,0,0,
Jewell Hill,Bob Kitchen,2025,5,27,8:05,Wildcat,No,I,Grasshopper Sparrow,0,0,0,0,0,0,0,
Jewell Hill,Bob Kitchen,2025,5,27,7:50,Lupine,No,J,Grasshopper Sparrow,0,0,0,0,0,0,0,
Jewell Hill,Bob Kitchen,2025,5,27,7:30,Nut Orchard,No,A,Eastern Meadowlark,0,0,0,0,0,0,0,
Jewell Hill,Bob Kitchen,2025,5,27,7:20,Barn Pasture,No,B,Eastern Meadowlark,0,0,0,0,0,0,0,
Jewell Hill,Bob Kitchen,2025,5,27,8:30,Windmill,No,C,Eastern Meadowlark,0,0,0,0,0,0,0,
Jewell Hill,Bob Kitchen,2025,5,27,8:20,Windmill,No,D,Eastern Meadowlark,0,0,0,0,0,0,0,
Jewell Hill,Bob Kitchen,2025,5,27,8:25,Caswell,No,D,Eastern Meadowlark,0,0,0,0,0,0,0,
Jewell Hill,Bob Kitchen,2025,5,27,8:50,Caswell,No,E,Eastern Meadowlark,0,0,0,0,0,0,0,
Jewell Hill,Bob Kitchen,2025,5,27,8:45,WIllard,No,E,Eastern Meadowlark,0,0,0,0,0,0,0,
Jewell Hill,Bob Kitchen,2025,5,27,9:10,Fox Pasture,No,F,Eastern Meadowlark,0,0,0,0,0,0,0,
Jewell Hill,Bob Kitchen,2025,5,27,8:00,Knoll,No,G,Eastern Meadowlark,0,0,0,0,0,0,0,
Jewell Hill,Bob Kitchen,2025,5,27,7:40,Lupine,No,H,Eastern Meadowlark,0,0,0,0,0,0,0,
Jewell Hill,Bob Kitchen,2025,5,27,8:05,Wildcat,No,I,Eastern Meadowlark,0,0,0,0,0,0,0,
Jewell Hill,Bob Kitchen,2025,5,27,7:50,Lupine,No,J,Eastern Meadowlark,0,0,0,0,0,0,0,
Jewell Hill,Bob Kitchen,2025,5,21,7:30,Nut Orchard,No,A,Bobolink,0,0,2,0,0,1,3,Bird heard not seen
Jewell Hill,Bob Kitchen,2025,5,21,7:20,Barn Pasture,No,B,Bobolink,2,1,3,0,0,1,4,Bird heard not seen
Jewell Hill,Bob Kitchen,2025,5,21,8:30,Windmill,No,C,Bobolink,2,0,2,0,0,1,3,Bird heard not seen
Jewell Hill,Bob Kitchen,2025,5,21,8:20,Windmill,No,D,Bobolink,0,0,2,1,0,1,3,Bird heard not seen
Jewell Hill,Bob Kitchen,2025,5,21,8:25,Caswell,No,D,Bobolink,0,0,1,0,0,1,2,Bird heard not seen
Jewell Hill,Bob Kitchen,2025,5,21,8:40,Caswell,No,E,Bobolink,0,0,1,0,0,0,1,Bird heard not seen
Jewell Hill,Bob Kitchen,2025,5,21,8:45,WIllard,No,E,Bobolink,0,0,0,0,0,0,0,
Jewell Hill,Bob Kitchen,2025,5,21,9:05,Fox Pasture,No,F,Bobolink,0,0,0,0,0,0,0,
Jewell Hill,Bob Kitchen,2025,5,21,8:00,Knoll,No,G,Bobolink,3,1,4,3,1,4,8,
Jewell Hill,Bob Kitchen,2025,5,21,7:40,Lupine,No,H,Bobolink,0,1,3,0,0,1,4,Bird heard not seen
Jewell Hill,Bob Kitchen,2025,5,21,8:10,Wildcat,No,I,Bobolink,2,0,2,0,0,0,2,
Jewell Hill,Bob Kitchen,2025,5,21,7:50,Lupine,No,J,Bobolink,2,1,3,3,2,5,8,
Jewell Hill,Bob Kitchen,2025,5,21,7:30,Nut Orchard,No,A,Savannah Sparrow,0,0,0,0,0,0,0,
Jewell Hill,Bob Kitchen,2025,5,21,7:20,Barn Pasture,No,B,Savannah Sparrow,0,0,0,0,0,0,0,
Jewell Hill,Bob Kitchen,2025,5,21,8:30,Windmill,No,C,Savannah Sparrow,0,0,1,0,0,0,1,Bird heard not seen
Jewell Hill,Bob Kitchen,2025,5,21,8:20,Windmill,No,D,Savannah Sparrow,0,0,1,0,0,0,1,
Jewell Hill,Bob Kitchen,2025,5,21,8:25,Caswell,No,D,Savannah Sparrow,0,0,0,0,0,0,0,
Jewell Hill,Bob Kitchen,2025,5,21,8:40,Caswell,No,E,Savannah Sparrow,0,0,1,0,0,0,1,Bird heard not seen
Jewell Hill,Bob Kitchen,2025,5,21,8:45,WIllard,No,E,Savannah Sparrow,0,0,0,0,0,0,0,
Jewell Hill,Bob Kitchen,2025,5,21,9:05,Fox Pasture,No,F,Savannah Sparrow,0,0,0,0,0,0,0,
Jewell Hill,Bob Kitchen,2025,5,21,8:00,Knoll,No,G,Savannah Sparrow,0,0,0,0,0,0,0,
Jewell Hill,Bob Kitchen,2025,5,21,7:40,Lupine,No,H,Savannah Sparrow,0,0,0,0,0,0,0,
Jewell Hill,Bob Kitchen,2025,5,21,8:10,Wildcat,No,I,Savannah Sparrow,0,0,0,0,0,0,0,
Jewell Hill,Bob Kitchen,2025,5,21,7:50,Lupine,No,J,Savannah Sparrow,0,0,0,0,0,0,0,
Jewell Hill,Bob Kitchen,2025,5,21,7:30,Nut Orchard,No,A,Grasshopper Sparrow,0,0,0,0,0,0,0,
Jewell Hill,Bob Kitchen,2025,5,21,7:20,Barn Pasture,No,B,Grasshopper Sparrow,0,0,0,0,0,0,0,
Jewell Hill,Bob Kitchen,2025,5,21,8:30,Windmill,No,C,Grasshopper Sparrow,0,0,0,0,0,0,0,
Jewell Hill,Bob Kitchen,2025,5,21,8:20,Windmill,No,D,Grasshopper Sparrow,0,0,0,0,0,0,0,
Jewell Hill,Bob Kitchen,2025,5,21,8:25,Caswell,No,D,Grasshopper Sparrow,0,0,0,0,0,0,0,
Jewell Hill,Bob Kitchen,2025,5,21,8:40,Caswell,No,E,Grasshopper Sparrow,0,0,0,0,0,0,0,
Jewell Hill,Bob Kitchen,2025,5,21,8:45,WIllard,No,E,Grasshopper Sparrow,0,0,0,0,0,0,0,
Jewell Hill,Bob Kitchen,2025,5,21,9:05,Fox Pasture,No,F,Grasshopper Sparrow,0,0,0,0,0,0,0,
Jewell Hill,Bob Kitchen,2025,5,21,8:00,Knoll,No,G,Grasshopper Sparrow,0,0,0,0,0,0,0,
Jewell Hill,Bob Kitchen,2025,5,21,7:40,Lupine,No,H,Grasshopper Sparrow,0,0,0,0,0,0,0,
Jewell Hill,Bob Kitchen,2025,5,21,8:10,Wildcat,No,I,Grasshopper Sparrow,0,0,0,0,0,0,0,
Jewell Hill,Bob Kitchen,2025,5,21,7:50,Lupine,No,J,Grasshopper Sparrow,0,0,0,0,0,0,0,
Jewell Hill,Bob Kitchen,2025,5,21,7:30,Nut Orchard,No,A,Eastern Meadowlark,0,0,0,0,0,0,0,
Jewell Hill,Bob Kitchen,2025,5,21,7:20,Barn Pasture,No,B,Eastern Meadowlark,0,0,0,0,0,0,0,
Jewell Hill,Bob Kitchen,2025,5,21,8:30,Windmill,No,C,Eastern Meadowlark,0,0,0,0,0,0,0,
Jewell Hill,Bob Kitchen,2025,5,21,8:20,Windmill,No,D,Eastern Meadowlark,0,0,0,0,0,0,0,
Jewell Hill,Bob Kitchen,2025,5,21,8:25,Caswell,No,D,Eastern Meadowlark,0,0,0,0,0,0,0,
Jewell Hill,Bob Kitchen,2025,5,21,8:40,Caswell,No,E,Eastern Meadowlark,0,0,0,0,0,0,0,
Jewell Hill,Bob Kitchen,2025,5,21,8:45,WIllard,No,E,Eastern Meadowlark,0,0,0,0,0,0,0,
Jewell Hill,Bob Kitchen,2025,5,21,9:05,Fox Pasture,No,F,Eastern Meadowlark,0,0,0,0,0,0,0,
Jewell Hill,Bob Kitchen,2025,5,21,8:00,Knoll,No,G,Eastern Meadowlark,0,0,0,0,0,0,0,
Jewell Hill,Bob Kitchen,2025,5,21,7:40,Lupine,No,H,Eastern Meadowlark,0,0,0,0,0,0,0,
Jewell Hill,Bob Kitchen,2025,5,21,8:10,Wildcat,No,I,Eastern Meadowlark,0,0,0,0,0,0,0,
Jewell Hill,Bob Kitchen,2025,5,21,7:50,Lupine,No,J,Eastern Meadowlark,0,0,0,0,0,0,0,
Jewell Hill,Bill Lafley,2025,5,26,7:00,Nut Orchard,No,A,Bobolink,0,0,0,0,0,0,0,
Jewell Hill,Bill Lafley,2025,5,26,7:08,Barn Pasture,No,B,Bobolink,2,1,3,2,1,3,6,
Jewell Hill,Bill Lafley,2025,5,26,7:15,Windmill,No,C,Bobolink,2,1,3,1,0,1,4,
Jewell Hill,Bill Lafley,2025,5,26,7:22,Windmill,No,D,Bobolink,2,0,2,1,0,1,3,
Jewell Hill,Bill Lafley,2025,5,26,7:27,Caswell,No,D,Bobolink,2,0,2,1,0,1,3,
Jewell Hill,Bill Lafley,2025,5,26,7:35,Caswell,No,E,Bobolink,0,0,0,0,0,0,0,
Jewell Hill,Bill Lafley,2025,5,26,7:45,WIllard,No,E,Bobolink,0,0,0,0,0,0,0,
Jewell Hill,Bill Lafley,2025,5,26,8:02,Fox Pasture,No,F,Bobolink,0,0,0,0,0,0,0,
Jewell Hill,Bill Lafley,2025,5,26,8:32,Knoll,No,G,Bobolink,1,1,2,2,0,2,4,
Jewell Hill,Bill Lafley,2025,5,26,8:39,Lupine,No,H,Bobolink,2,1,3,0,0,0,3,
Jewell Hill,Bill Lafley,2025,5,26,8:23,Wildcat,No,I,Bobolink,0,0,0,0,0,0,0,
Jewell Hill,Bill Lafley,2025,5,26,8:47,Lupine,No,J,Bobolink,2,1,3,0,0,0,3,
Jewell Hill,Bill Lafley,2025,5,26,7:00,Nut Orchard,No,A,Savannah Sparrow,0,0,0,0,0,0,0,
Jewell Hill,Bill Lafley,2025,5,26,7:08,Barn Pasture,No,B,Savannah Sparrow,0,0,0,0,0,0,0,
Jewell Hill,Bill Lafley,2025,5,26,7:15,Windmill,No,C,Savannah Sparrow,0,0,1,0,0,0,1,Bird heard not seen
Jewell Hill,Bill Lafley,2025,5,26,7:22,Windmill,No,D,Savannah Sparrow,0,0,0,0,0,0,0,
Jewell Hill,Bill Lafley,2025,5,26,7:27,Caswell,No,D,Savannah Sparrow,0,0,0,0,0,0,0,
Jewell Hill,Bill Lafley,2025,5,26,7:35,Caswell,No,E,Savannah Sparrow,0,0,0,0,0,1,1,Bird heard not seen
Jewell Hill,Bill Lafley,2025,5,26,7:45,WIllard,No,E,Savannah Sparrow,0,0,0,0,0,0,0,
Jewell Hill,Bill Lafley,2025,5,26,8:02,Fox Pasture,No,F,Savannah Sparrow,0,0,0,0,0,0,0,
Jewell Hill,Bill Lafley,2025,5,26,8:32,Knoll,No,G,Savannah Sparrow,1,0,1,0,0,0,1,
Jewell Hill,Bill Lafley,2025,5,26,8:39,Lupine,No,H,Savannah Sparrow,0,0,0,0,0,0,0,
Jewell Hill,Bill Lafley,2025,5,26,8:23,Wildcat,No,I,Savannah Sparrow,0,0,0,0,0,0,0,
Jewell Hill,Bill Lafley,2025,5,26,8:47,Lupine,No,J,Savannah Sparrow,0,0,0,0,0,0,0,
Jewell Hill,Bill Lafley,2025,5,26,7:00,Nut Orchard,No,A,Grasshopper Sparrow,0,0,0,0,0,0,0,
Jewell Hill,Bill Lafley,2025,5,26,7:08,Barn Pasture,No,B,Grasshopper Sparrow,0,0,0,0,0,0,0,
Jewell Hill,Bill Lafley,2025,5,26,7:15,Windmill,No,C,Grasshopper Sparrow,0,0,0,0,0,0,0,
Jewell Hill,Bill Lafley,2025,5,26,7:22,Windmill,No,D,Grasshopper Sparrow,0,0,0,0,0,0,0,
Jewell Hill,Bill Lafley,2025,5,26,7:27,Caswell,No,D,Grasshopper Sparrow,0,0,0,0,0,0,0,
Jewell Hill,Bill Lafley,2025,5,26,7:35,Caswell,No,E,Grasshopper Sparrow,0,0,0,0,0,0,0,
Jewell Hill,Bill Lafley,2025,5,26,7:45,WIllard,No,E,Grasshopper Sparrow,0,0,0,0,0,0,0,
Jewell Hill,Bill Lafley,2025,5,26,8:02,Fox Pasture,No,F,Grasshopper Sparrow,0,0,0,0,0,0,0,
Jewell Hill,Bill Lafley,2025,5,26,8:32,Knoll,No,G,Grasshopper Sparrow,0,0,0,0,0,0,0,
Jewell Hill,Bill Lafley,2025,5,26,8:39,Lupine,No,H,Grasshopper Sparrow,0,0,0,0,0,0,0,
Jewell Hill,Bill Lafley,2025,5,26,8:23,Wildcat,No,I,Grasshopper Sparrow,0,0,0,0,0,0,0,
Jewell Hill,Bill Lafley,2025,5,26,8:47,Lupine,No,J,Grasshopper Sparrow,0,0,0,0,0,0,0,
Jewell Hill,Bill Lafley,2025,5,26,7:00,Nut Orchard,No,A,Eastern Meadowlark,0,0,0,0,0,0,0,
Jewell Hill,Bill Lafley,2025,5,26,7:08,Barn Pasture,No,B,Eastern Meadowlark,0,0,0,0,0,0,0,
Jewell Hill,Bill Lafley,2025,5,26,7:15,Windmill,No,C,Eastern Meadowlark,0,0,0,0,0,0,0,
Jewell Hill,Bill Lafley,2025,5,26,7:22,Windmill,No,D,Eastern Meadowlark,0,0,0,0,0,0,0,
Jewell Hill,Bill Lafley,2025,5,26,7:27,Caswell,No,D,Eastern Meadowlark,0,0,0,0,0,0,0,
Jewell Hill,Bill Lafley,2025,5,26,7:35,Caswell,No,E,Eastern Meadowlark,0,0,0,0,0,0,0,
Jewell Hill,Bill Lafley,2025,5,26,7:45,WIllard,No,E,Eastern Meadowlark,0,0,0,0,0,0,0,
Jewell Hill,Bill Lafley,2025,5,26,8:02,Fox Pasture,No,F,Eastern Meadowlark,0,0,0,0,0,0,0,
Jewell Hill,Bill Lafley,2025,5,26,8:32,Knoll,No,G,Eastern Meadowlark,0,0,0,0,0,0,0,
Jewell Hill,Bill Lafley,2025,5,26,8:39,Lupine,No,H,Eastern Meadowlark,0,0,0,0,0,0,0,
Jewell Hill,Bill Lafley,2025,5,26,8:23,Wildcat,No,I,Eastern Meadowlark,0,0,0,0,0,0,0,
Jewell Hill,Bill Lafley,2025,5,26,8:47,Lupine,No,J,Eastern Meadowlark,0,0,0,0,0,0,0,
Jewell Hill,Bob Kitchen,2025,6,3,7:25,Nut Orchard,No,A,Bobolink,0,0,0,1,0,1,1,
Jewell Hill,Bob Kitchen,2025,6,3,7:15,Barn Pasture,No,B,Bobolink,1,0,1,1,0,1,2,
Jewell Hill,Bob Kitchen,2025,6,3,8:15,Windmill,No,C,Bobolink,0,0,1,2,0,3,4,Bird heard not seen
Jewell Hill,Bob Kitchen,2025,6,3,8:20,Windmill,No,D,Bobolink,4,1,5,2,0,2,7,
Jewell Hill,Bob Kitchen,2025,6,3,8:25,Caswell,No,D,Bobolink,4,0,4,2,0,2,6,
Jewell Hill,Bob Kitchen,2025,6,3,8:35,Caswell,No,E,Bobolink,0,0,1,0,0,1,2,Bird heard not seen
Jewell Hill,Bob Kitchen,2025,6,3,8:40,WIllard,No,E,Bobolink,0,0,0,0,0,0,0,
Jewell Hill,Bob Kitchen,2025,6,3,9:00,Fox Pasture,No,F,Bobolink,0,0,0,0,0,0,0,
Jewell Hill,Bob Kitchen,2025,6,3,7:55,Knoll,No,G,Bobolink,0,0,1,0,0,1,2,Bird heard not seen
Jewell Hill,Bob Kitchen,2025,6,3,7:30,Lupine,No,H,Bobolink,3,0,3,2,0,2,5,
Jewell Hill,Bob Kitchen,2025,6,3,8:05,Wildcat,No,I,Bobolink,0,1,1,0,0,0,1,
Jewell Hill,Bob Kitchen,2025,6,3,7:50,Lupine,No,J,Bobolink,4,2,7,2,0,3,10,
Jewell Hill,Bob Kitchen,2025,6,3,7:25,Nut Orchard,No,A,Savannah Sparrow,0,0,0,0,0,0,0,
Jewell Hill,Bob Kitchen,2025,6,3,7:15,Barn Pasture,No,B,Savannah Sparrow,0,0,0,0,0,0,0,
Jewell Hill,Bob Kitchen,2025,6,3,8:15,Windmill,No,C,Savannah Sparrow,0,0,0,0,0,0,0,
Jewell Hill,Bob Kitchen,2025,6,3,8:20,Windmill,No,D,Savannah Sparrow,0,0,1,0,0,0,1,
Jewell Hill,Bob Kitchen,2025,6,3,8:25,Caswell,No,D,Savannah Sparrow,0,0,0,0,0,0,0,
Jewell Hill,Bob Kitchen,2025,6,3,8:35,Caswell,No,E,Savannah Sparrow,0,0,0,0,0,0,0,
Jewell Hill,Bob Kitchen,2025,6,3,8:40,WIllard,No,E,Savannah Sparrow,0,0,0,0,0,0,0,
Jewell Hill,Bob Kitchen,2025,6,3,9:00,Fox Pasture,No,F,Savannah Sparrow,0,0,0,0,0,0,0,
Jewell Hill,Bob Kitchen,2025,6,3,7:55,Knoll,No,G,Savannah Sparrow,0,0,0,0,0,0,0,
Jewell Hill,Bob Kitchen,2025,6,3,7:30,Lupine,No,H,Savannah Sparrow,0,0,0,0,0,0,0,
Jewell Hill,Bob Kitchen,2025,6,3,8:05,Wildcat,No,I,Savannah Sparrow,0,0,0,0,0,0,0,
Jewell Hill,Bob Kitchen,2025,6,3,7:50,Lupine,No,J,Savannah Sparrow,0,0,0,0,0,0,0,
Jewell Hill,Bob Kitchen,2025,6,3,7:25,Nut Orchard,No,A,Grasshopper Sparrow,0,0,0,0,0,0,0,
Jewell Hill,Bob Kitchen,2025,6,3,7:15,Barn Pasture,No,B,Grasshopper Sparrow,0,0,0,0,0,0,0,
Jewell Hill,Bob Kitchen,2025,6,3,8:15,Windmill,No,C,Grasshopper Sparrow,0,0,0,0,0,0,0,
Jewell Hill,Bob Kitchen,2025,6,3,8:20,Windmill,No,D,Grasshopper Sparrow,0,0,0,0,0,0,0,
Jewell Hill,Bob Kitchen,2025,6,3,8:25,Caswell,No,D,Grasshopper Sparrow,0,0,0,0,0,0,0,
Jewell Hill,Bob Kitchen,2025,6,3,8:35,Caswell,No,E,Grasshopper Sparrow,0,0,0,0,0,0,0,
Jewell Hill,Bob Kitchen,2025,6,3,8:40,WIllard,No,E,Grasshopper Sparrow,0,0,0,0,0,0,0,
Jewell Hill,Bob Kitchen,2025,6,3,9:00,Fox Pasture,No,F,Grasshopper Sparrow,0,0,0,0,0,0,0,
Jewell Hill,Bob Kitchen,2025,6,3,7:55,Knoll,No,G,Grasshopper Sparrow,0,0,0,0,0,0,0,
Jewell Hill,Bob Kitchen,2025,6,3,7:30,Lupine,No,H,Grasshopper Sparrow,0,0,0,0,0,0,0,
Jewell Hill,Bob Kitchen,2025,6,3,8:05,Wildcat,No,I,Grasshopper Sparrow,0,0,0,0,0,0,0,
Jewell Hill,Bob Kitchen,2025,6,3,7:50,Lupine,No,J,Grasshopper Sparrow,0,0,0,0,0,0,0,
Jewell Hill,Bob Kitchen,2025,6,3,7:25,Nut Orchard,No,A,Eastern Meadowlark,0,0,0,0,0,0,0,
Jewell Hill,Bob Kitchen,2025,6,3,7:15,Barn Pasture,No,B,Eastern Meadowlark,0,0,0,0,0,0,0,
Jewell Hill,Bob Kitchen,2025,6,3,8:15,Windmill,No,C,Eastern Meadowlark,0,0,0,0,0,0,0,
Jewell Hill,Bob Kitchen,2025,6,3,8:20,Windmill,No,D,Eastern Meadowlark,0,0,0,0,0,0,0,
Jewell Hill,Bob Kitchen,2025,6,3,8:25,Caswell,No,D,Eastern Meadowlark,0,0,0,0,0,0,0,
Jewell Hill,Bob Kitchen,2025,6,3,8:35,Caswell,No,E,Eastern Meadowlark,0,0,0,0,0,0,0,
Jewell Hill,Bob Kitchen,2025,6,3,8:40,WIllard,No,E,Eastern Meadowlark,0,0,0,0,0,0,0,
Jewell Hill,Bob Kitchen,2025,6,3,9:00,Fox Pasture,No,F,Eastern Meadowlark,0,0,0,0,0,0,0,
Jewell Hill,Bob Kitchen,2025,6,3,7:55,Knoll,No,G,Eastern Meadowlark,0,0,0,0,0,0,0,
Jewell Hill,Bob Kitchen,2025,6,3,7:30,Lupine,No,H,Eastern Meadowlark,0,0,0,0,0,0,0,
Jewell Hill,Bob Kitchen,2025,6,3,8:05,Wildcat,No,I,Eastern Meadowlark,0,0,0,0,0,0,0,
Jewell Hill,Bob Kitchen,2025,6,3,7:50,Lupine,No,J,Eastern Meadowlark,0,0,0,0,0,0,0,
Jewell Hill,Bill Lafley,2025,6,8,7:10,Nut Orchard,No,A,Bobolink,0,0,0,0,0,0,0,
Jewell Hill,Bill Lafley,2025,6,8,7:18,Barn Pasture,No,B,Bobolink,1,0,1,1,0,1,2,
Jewell Hill,Bill Lafley,2025,6,8,7:29,Windmill,No,C,Bobolink,1,1,2,1,0,1,3,
Jewell Hill,Bill Lafley,2025,6,8,7:36,Windmill,No,D,Bobolink,0,1,1,0,0,0,1,
Jewell Hill,Bill Lafley,2025,6,8,7:41,Caswell,No,D,Bobolink,2,1,3,1,1,2,5,
Jewell Hill,Bill Lafley,2025,6,8,7:53,Caswell,No,E,Bobolink,0,0,0,0,0,0,0,
Jewell Hill,Bill Lafley,2025,6,8,7:58,WIllard,No,E,Bobolink,0,0,0,0,0,0,0,
Jewell Hill,Bill Lafley,2025,6,8,8:17,Fox Pasture,No,F,Bobolink,0,0,0,0,0,0,0,
Jewell Hill,Bill Lafley,2025,6,8,8:43,Knoll,No,G,Bobolink,0,1,1,0,0,0,1,
Jewell Hill,Bill Lafley,2025,6,8,9:04,Lupine,No,H,Bobolink,2,1,3,0,1,1,4,
Jewell Hill,Bill Lafley,2025,6,8,8:52,Wildcat,No,I,Bobolink,0,0,0,0,0,0,0,
Jewell Hill,Bill Lafley,2025,6,8,9:27,Lupine,No,J,Bobolink,0,0,0,0,0,0,0,
Jewell Hill,Bill Lafley,2025,6,8,7:10,Nut Orchard,No,A,Savannah Sparrow,0,0,0,0,0,0,0,
Jewell Hill,Bill Lafley,2025,6,8,7:18,Barn Pasture,No,B,Savannah Sparrow,0,0,0,0,0,0,0,
Jewell Hill,Bill Lafley,2025,6,8,7:29,Windmill,No,C,Savannah Sparrow,0,0,0,0,0,0,0,
Jewell Hill,Bill Lafley,2025,6,8,7:36,Windmill,No,D,Savannah Sparrow,0,0,0,0,0,0,0,
Jewell Hill,Bill Lafley,2025,6,8,7:41,Caswell,No,D,Savannah Sparrow,0,0,0,0,0,1,1,
Jewell Hill,Bill Lafley,2025,6,8,7:53,Caswell,No,E,Savannah Sparrow,0,0,0,0,0,0,0,
Jewell Hill,Bill Lafley,2025,6,8,7:58,WIllard,No,E,Savannah Sparrow,0,0,0,0,0,0,0,
Jewell Hill,Bill Lafley,2025,6,8,8:17,Fox Pasture,No,F,Savannah Sparrow,0,0,0,0,0,0,0,
Jewell Hill,Bill Lafley,2025,6,8,8:43,Knoll,No,G,Savannah Sparrow,0,0,0,0,0,0,0,
Jewell Hill,Bill Lafley,2025,6,8,9:04,Lupine,No,H,Savannah Sparrow,0,0,0,0,0,0,0,
Jewell Hill,Bill Lafley,2025,6,8,8:52,Wildcat,No,I,Savannah Sparrow,0,0,0,0,0,0,0,
Jewell Hill,Bill Lafley,2025,6,8,9:27,Lupine,No,J,Savannah Sparrow,0,0,0,0,0,0,0,
Jewell Hill,Bill Lafley,2025,6,8,7:10,Nut Orchard,No,A,Grasshopper Sparrow,0,0,0,0,0,0,0,
Jewell Hill,Bill Lafley,2025,6,8,7:18,Barn Pasture,No,B,Grasshopper Sparrow,0,0,0,0,0,0,0,
Jewell Hill,Bill Lafley,2025,6,8,7:29,Windmill,No,C,Grasshopper Sparrow,0,0,0,0,0,0,0,
Jewell Hill,Bill Lafley,2025,6,8,7:36,Windmill,No,D,Grasshopper Sparrow,0,0,0,0,0,0,0,
Jewell Hill,Bill Lafley,2025,6,8,7:41,Caswell,No,D,Grasshopper Sparrow,0,0,0,0,0,0,0,
Jewell Hill,Bill Lafley,2025,6,8,7:53,Caswell,No,E,Grasshopper Sparrow,0,0,0,0,0,0,0,
Jewell Hill,Bill Lafley,2025,6,8,7:58,WIllard,No,E,Grasshopper Sparrow,0,0,0,0,0,0,0,
Jewell Hill,Bill Lafley,2025,6,8,8:17,Fox Pasture,No,F,Grasshopper Sparrow,0,0,0,0,0,0,0,
Jewell Hill,Bill Lafley,2025,6,8,8:43,Knoll,No,G,Grasshopper Sparrow,0,0,0,0,0,0,0,
Jewell Hill,Bill Lafley,2025,6,8,9:04,Lupine,No,H,Grasshopper Sparrow,0,0,0,0,0,0,0,
Jewell Hill,Bill Lafley,2025,6,8,8:52,Wildcat,No,I,Grasshopper Sparrow,0,0,0,0,0,0,0,
Jewell Hill,Bill Lafley,2025,6,8,9:27,Lupine,No,J,Grasshopper Sparrow,0,0,0,0,0,0,0,
Jewell Hill,Bill Lafley,2025,6,8,7:10,Nut Orchard,No,A,Eastern Meadowlark,0,0,0,0,0,0,0,
Jewell Hill,Bill Lafley,2025,6,8,7:18,Barn Pasture,No,B,Eastern Meadowlark,0,0,0,0,0,0,0,
Jewell Hill,Bill Lafley,2025,6,8,7:29,Windmill,No,C,Eastern Meadowlark,0,0,0,0,0,0,0,
Jewell Hill,Bill Lafley,2025,6,8,7:36,Windmill,No,D,Eastern Meadowlark,0,0,0,0,0,0,0,
Jewell Hill,Bill Lafley,2025,6,8,7:41,Caswell,No,D,Eastern Meadowlark,0,0,0,0,0,0,0,
Jewell Hill,Bill Lafley,2025,6,8,7:53,Caswell,No,E,Eastern Meadowlark,0,0,0,0,0,0,0,
Jewell Hill,Bill Lafley,2025,6,8,7:58,WIllard,No,E,Eastern Meadowlark,0,0,0,0,0,0,0,
Jewell Hill,Bill Lafley,2025,6,8,8:17,Fox Pasture,No,F,Eastern Meadowlark,0,0,0,0,0,0,0,
Jewell Hill,Bill Lafley,2025,6,8,8:43,Knoll,No,G,Eastern Meadowlark,0,0,0,0,0,0,0,
Jewell Hill,Bill Lafley,2025,6,8,9:04,Lupine,No,H,Eastern Meadowlark,0,0,0,0,0,0,0,
Jewell Hill,Bill Lafley,2025,6,8,8:52,Wildcat,No,I,Eastern Meadowlark,0,0,0,0,0,0,0,
Jewell Hill,Bill Lafley,2025,6,8,9:27,Lupine,No,J,Eastern Meadowlark,0,0,0,0,0,0,0,
Jewell Hill,Bob Kitchen,2025,6,11,7:35,Nut Orchard,No,A,Bobolink,0,0,0,0,0,0,0,
Jewell Hill,Bob Kitchen,2025,6,11,7:25,Barn Pasture,No,B,Bobolink,3,1,4,2,2,4,8,
Jewell Hill,Bob Kitchen,2025,6,11,8:45,Windmill,No,C,Bobolink,4,0,4,0,1,2,6,Bird heard not seen
Jewell Hill,Bob Kitchen,2025,6,11,8:30,Windmill,No,D,Bobolink,1,0,1,0,0,1,2,Bird heard not seen
Jewell Hill,Bob Kitchen,2025,6,11,8:35,Caswell,No,D,Bobolink,4,1,5,0,0,1,6,Bird heard not seen
Jewell Hill,Bob Kitchen,2025,6,11,8:55,Caswell,No,E,Bobolink,0,0,0,1,0,1,1,
Jewell Hill,Bob Kitchen,2025,6,11,9:00,WIllard,No,E,Bobolink,0,0,0,0,0,0,0,
Jewell Hill,Bob Kitchen,2025,6,11,9:10,Fox Pasture,No,F,Bobolink,0,0,0,0,0,0,0,
Jewell Hill,Bob Kitchen,2025,6,11,8:15,Knoll,No,G,Bobolink,1,0,1,2,0,2,3,
Jewell Hill,Bob Kitchen,2025,6,11,7:45,Lupine,No,H,Bobolink,1,0,2,3,0,4,6,Bird heard not seen
Jewell Hill,Bob Kitchen,2025,6,11,8:20,Wildcat,No,I,Bobolink,1,1,2,0,0,0,2,
Jewell Hill,Bob Kitchen,2025,6,11,8:05,Lupine,No,J,Bobolink,2,0,2,4,1,5,7,
Jewell Hill,Bob Kitchen,2025,6,11,7:35,Nut Orchard,No,A,Savannah Sparrow,0,0,0,0,0,0,0,
Jewell Hill,Bob Kitchen,2025,6,11,7:25,Barn Pasture,No,B,Savannah Sparrow,0,0,0,0,0,0,0,
Jewell Hill,Bob Kitchen,2025,6,11,8:45,Windmill,No,C,Savannah Sparrow,0,0,0,0,0,0,0,
Jewell Hill,Bob Kitchen,2025,6,11,8:30,Windmill,No,D,Savannah Sparrow,0,0,0,0,0,0,0,
Jewell Hill,Bob Kitchen,2025,6,11,8:35,Caswell,No,D,Savannah Sparrow,0,0,0,0,0,0,0,
Jewell Hill,Bob Kitchen,2025,6,11,8:55,Caswell,No,E,Savannah Sparrow,0,0,0,0,0,0,0,
Jewell Hill,Bob Kitchen,2025,6,11,9:00,WIllard,No,E,Savannah Sparrow,0,0,0,0,0,0,0,
Jewell Hill,Bob Kitchen,2025,6,11,9:10,Fox Pasture,No,F,Savannah Sparrow,0,0,0,0,0,0,0,
Jewell Hill,Bob Kitchen,2025,6,11,8:15,Knoll,No,G,Savannah Sparrow,0,0,0,0,0,0,0,
Jewell Hill,Bob Kitchen,2025,6,11,7:45,Lupine,No,H,Savannah Sparrow,0,0,0,0,0,0,0,
Jewell Hill,Bob Kitchen,2025,6,11,8:20,Wildcat,No,I,Savannah Sparrow,0,0,0,0,0,0,0,
Jewell Hill,Bob Kitchen,2025,6,11,8:05,Lupine,No,J,Savannah Sparrow,0,0,0,0,0,0,0,
Jewell Hill,Bob Kitchen,2025,6,11,7:35,Nut Orchard,No,A,Grasshopper Sparrow,0,0,0,0,0,0,0,
Jewell Hill,Bob Kitchen,2025,6,11,7:25,Barn Pasture,No,B,Grasshopper Sparrow,0,0,0,0,0,0,0,
Jewell Hill,Bob Kitchen,2025,6,11,8:45,Windmill,No,C,Grasshopper Sparrow,0,0,0,0,0,0,0,
Jewell Hill,Bob Kitchen,2025,6,11,8:30,Windmill,No,D,Grasshopper Sparrow,0,0,0,0,0,0,0,
Jewell Hill,Bob Kitchen,2025,6,11,8:35,Caswell,No,D,Grasshopper Sparrow,0,0,0,0,0,0,0,
Jewell Hill,Bob Kitchen,2025,6,11,8:55,Caswell,No,E,Grasshopper Sparrow,0,0,0,0,0,0,0,
Jewell Hill,Bob Kitchen,2025,6,11,9:00,WIllard,No,E,Grasshopper Sparrow,0,0,0,0,0,0,0,
Jewell Hill,Bob Kitchen,2025,6,11,9:10,Fox Pasture,No,F,Grasshopper Sparrow,0,0,0,0,0,0,0,
Jewell Hill,Bob Kitchen,2025,6,11,8:15,Knoll,No,G,Grasshopper Sparrow,0,0,0,0,0,0,0,
Jewell Hill,Bob Kitchen,2025,6,11,7:45,Lupine,No,H,Grasshopper Sparrow,0,0,0,0,0,0,0,
Jewell Hill,Bob Kitchen,2025,6,11,8:20,Wildcat,No,I,Grasshopper Sparrow,0,0,0,0,0,0,0,
Jewell Hill,Bob Kitchen,2025,6,11,8:05,Lupine,No,J,Grasshopper Sparrow,0,0,0,0,0,0,0,
Jewell Hill,Bob Kitchen,2025,6,11,7:35,Nut Orchard,No,A,Eastern Meadowlark,0,0,0,0,0,0,0,
Jewell Hill,Bob Kitchen,2025,6,11,7:25,Barn Pasture,No,B,Eastern Meadowlark,0,0,0,0,0,0,0,
Jewell Hill,Bob Kitchen,2025,6,11,8:45,Windmill,No,C,Eastern Meadowlark,0,0,0,0,0,0,0,
Jewell Hill,Bob Kitchen,2025,6,11,8:30,Windmill,No,D,Eastern Meadowlark,0,0,0,0,0,0,0,
Jewell Hill,Bob Kitchen,2025,6,11,8:35,Caswell,No,D,Eastern Meadowlark,0,0,0,0,0,0,0,
Jewell Hill,Bob Kitchen,2025,6,11,8:55,Caswell,No,E,Eastern Meadowlark,0,0,0,0,0,0,0,
Jewell Hill,Bob Kitchen,2025,6,11,9:00,WIllard,No,E,Eastern Meadowlark,0,0,0,0,0,0,0,
Jewell Hill,Bob Kitchen,2025,6,11,9:10,Fox Pasture,No,F,Eastern Meadowlark,0,0,0,0,0,0,0,
Jewell Hill,Bob Kitchen,2025,6,11,8:15,Knoll,No,G,Eastern Meadowlark,0,0,0,0,0,0,0,
Jewell Hill,Bob Kitchen,2025,6,11,7:45,Lupine,No,H,Eastern Meadowlark,0,0,0,0,0,0,0,
Jewell Hill,Bob Kitchen,2025,6,11,8:20,Wildcat,No,I,Eastern Meadowlark,0,0,0,0,0,0,0,
Jewell Hill,Bob Kitchen,2025,6,11,8:05,Lupine,No,J,Eastern Meadowlark,0,0,0,0,0,0,0,
Jewell Hill,Bob Kitchen,2025,6,20,7:30,Nut Orchard,No,A,Bobolink,1,1,2,0,0,0,2,
Jewell Hill,Bob Kitchen,2025,6,20,7:20,Barn Pasture,No,B,Bobolink,3,0,3,1,0,1,4,
Jewell Hill,Bob Kitchen,2025,6,20,8:40,Windmill,Yes,C,Bobolink,4,2,6,1,0,1,7,
Jewell Hill,Bob Kitchen,2025,6,20,8:25,Windmill,Yes,D,Bobolink,2,2,4,1,0,1,5,
Jewell Hill,Bob Kitchen,2025,6,20,8:30,Caswell,Yes,D,Bobolink,3,1,4,0,0,0,4,
Jewell Hill,Bob Kitchen,2025,6,20,8:50,Caswell,Yes,E,Bobolink,0,0,0,0,0,0,0,
Jewell Hill,Bob Kitchen,2025,6,20,8:55,WIllard,No,E,Bobolink,0,0,0,0,0,0,0,
Jewell Hill,Bob Kitchen,2025,6,20,9:10,Fox Pasture,No,F,Bobolink,0,0,0,0,0,0,0,
Jewell Hill,Bob Kitchen,2025,6,20,8:00,Knoll,No,G,Bobolink,4,2,6,2,0,2,8,
Jewell Hill,Bob Kitchen,2025,6,20,7:40,Lupine,No,H,Bobolink,0,0,0,2,0,2,2,
Jewell Hill,Bob Kitchen,2025,6,20,8:10,Wildcat,No,I,Bobolink,1,2,3,0,0,0,3,
Jewell Hill,Bob Kitchen,2025,6,20,8:05,Lupine,No,J,Bobolink,3,1,4,0,0,0,4,
Jewell Hill,Bob Kitchen,2025,6,20,7:30,Nut Orchard,No,A,Savannah Sparrow,0,0,0,0,0,0,0,
Jewell Hill,Bob Kitchen,2025,6,20,7:20,Barn Pasture,No,B,Savannah Sparrow,0,0,0,0,0,0,0,
Jewell Hill,Bob Kitchen,2025,6,20,8:40,Windmill,Yes,C,Savannah Sparrow,0,0,0,0,0,0,0,
Jewell Hill,Bob Kitchen,2025,6,20,8:25,Windmill,Yes,D,Savannah Sparrow,0,0,1,0,0,0,1,
Jewell Hill,Bob Kitchen,2025,6,20,8:30,Caswell,Yes,D,Savannah Sparrow,0,0,0,0,0,0,0,
Jewell Hill,Bob Kitchen,2025,6,20,8:50,Caswell,Yes,E,Savannah Sparrow,0,0,0,0,0,0,0,
Jewell Hill,Bob Kitchen,2025,6,20,8:55,WIllard,No,E,Savannah Sparrow,0,0,0,0,0,0,0,
Jewell Hill,Bob Kitchen,2025,6,20,9:10,Fox Pasture,No,F,Savannah Sparrow,0,0,0,0,0,0,0,
Jewell Hill,Bob Kitchen,2025,6,20,8:00,Knoll,No,G,Savannah Sparrow,0,0,0,0,0,0,0,
Jewell Hill,Bob Kitchen,2025,6,20,7:40,Lupine,No,H,Savannah Sparrow,0,0,0,0,0,0,0,
Jewell Hill,Bob Kitchen,2025,6,20,8:10,Wildcat,No,I,Savannah Sparrow,0,0,0,0,0,0,0,
Jewell Hill,Bob Kitchen,2025,6,20,8:05,Lupine,No,J,Savannah Sparrow,0,0,0,0,0,0,0,
Jewell Hill,Bob Kitchen,2025,6,20,7:30,Nut Orchard,No,A,Grasshopper Sparrow,0,0,0,0,0,0,0,
Jewell Hill,Bob Kitchen,2025,6,20,7:20,Barn Pasture,No,B,Grasshopper Sparrow,0,0,0,0,0,0,0,
Jewell Hill,Bob Kitchen,2025,6,20,8:40,Windmill,Yes,C,Grasshopper Sparrow,0,0,0,0,0,0,0,
Jewell Hill,Bob Kitchen,2025,6,20,8:25,Windmill,Yes,D,Grasshopper Sparrow,0,0,0,0,0,0,0,
Jewell Hill,Bob Kitchen,2025,6,20,8:30,Caswell,Yes,D,Grasshopper Sparrow,0,0,0,0,0,0,0,
Jewell Hill,Bob Kitchen,2025,6,20,8:50,Caswell,Yes,E,Grasshopper Sparrow,0,0,0,0,0,0,0,
Jewell Hill,Bob Kitchen,2025,6,20,8:55,WIllard,No,E,Grasshopper Sparrow,0,0,0,0,0,0,0,
Jewell Hill,Bob Kitchen,2025,6,20,9:10,Fox Pasture,No,F,Grasshopper Sparrow,0,0,0,0,0,0,0,
Jewell Hill,Bob Kitchen,2025,6,20,8:00,Knoll,No,G,Grasshopper Sparrow,0,0,0,0,0,0,0,
Jewell Hill,Bob Kitchen,2025,6,20,7:40,Lupine,No,H,Grasshopper Sparrow,0,0,0,0,0,0,0,
Jewell Hill,Bob Kitchen,2025,6,20,8:10,Wildcat,No,I,Grasshopper Sparrow,0,0,0,0,0,0,0,
Jewell Hill,Bob Kitchen,2025,6,20,8:05,Lupine,No,J,Grasshopper Sparrow,0,0,0,0,0,0,0,
Jewell Hill,Bob Kitchen,2025,6,20,7:30,Nut Orchard,No,A,Eastern Meadowlark,0,0,0,0,0,0,0,
Jewell Hill,Bob Kitchen,2025,6,20,7:20,Barn Pasture,No,B,Eastern Meadowlark,0,0,0,0,0,0,0,
Jewell Hill,Bob Kitchen,2025,6,20,8:40,Windmill,Yes,C,Eastern Meadowlark,0,0,0,0,0,0,0,
Jewell Hill,Bob Kitchen,2025,6,20,8:25,Windmill,Yes,D,Eastern Meadowlark,0,0,0,0,0,0,0,
Jewell Hill,Bob Kitchen,2025,6,20,8:30,Caswell,Yes,D,Eastern Meadowlark,0,0,0,0,0,0,0,
Jewell Hill,Bob Kitchen,2025,6,20,8:50,Caswell,Yes,E,Eastern Meadowlark,0,0,0,0,0,0,0,
Jewell Hill,Bob Kitchen,2025,6,20,8:55,WIllard,No,E,Eastern Meadowlark,0,0,0,0,0,0,0,
Jewell Hill,Bob Kitchen,2025,6,20,9:10,Fox Pasture,No,F,Eastern Meadowlark,0,0,0,0,0,0,0,
Jewell Hill,Bob Kitchen,2025,6,20,8:00,Knoll,No,G,Eastern Meadowlark,0,0,0,0,0,0,0,
Jewell Hill,Bob Kitchen,2025,6,20,7:40,Lupine,No,H,Eastern Meadowlark,0,0,0,0,0,0,0,
Jewell Hill,Bob Kitchen,2025,6,20,8:10,Wildcat,No,I,Eastern Meadowlark,0,0,0,0,0,0,0,
Jewell Hill,Bob Kitchen,2025,6,20,8:05,Lupine,No,J,Eastern Meadowlark,0,0,0,0,0,0,0,
Jewell Hill,Bill Lafley,2025,6,27,7:25,Nut Orchard,Yes,A,Bobolink,0,0,0,0,0,0,0,
Jewell Hill,Bill Lafley,2025,6,27,7:33,Barn Pasture,No,B,Bobolink,0,0,0,0,0,0,0,
Jewell Hill,Bill Lafley,2025,6,27,7:42,Windmill,Yes,C,Bobolink,0,0,0,0,0,0,0,
Jewell Hill,Bill Lafley,2025,6,27,7:48,Windmill,Yes,D,Bobolink,0,0,0,0,0,0,0,
Jewell Hill,Bill Lafley,2025,6,27,7:53,Caswell,Yes,D,Bobolink,0,0,0,0,0,0,0,
Jewell Hill,Bill Lafley,2025,6,27,7:59,Caswell,Yes,E,Bobolink,0,0,0,0,0,0,0,
Jewell Hill,Bill Lafley,2025,6,27,8:04,WIllard,Yes,E,Bobolink,0,0,0,0,0,0,0,
Jewell Hill,Bill Lafley,2025,6,27,8:20,Fox Pasture,No,F,Bobolink,0,0,0,0,0,0,0,
Jewell Hill,Bill Lafley,2025,6,27,8:50,Knoll,No,G,Bobolink,3,0,3,0,1,1,4,
Jewell Hill,Bill Lafley,2025,6,27,9:33,Lupine,No,H,Bobolink,0,0,0,0,0,0,0,
Jewell Hill,Bill Lafley,2025,6,27,9:01,Wildcat,No,I,Bobolink,7,1,8,0,0,0,8,
Jewell Hill,Bill Lafley,2025,6,27,9:14,Lupine,No,J,Bobolink,1,1,2,0,0,0,2,
Jewell Hill,Bill Lafley,2025,6,27,7:25,Nut Orchard,Yes,A,Savannah Sparrow,0,0,0,0,0,0,0,
Jewell Hill,Bill Lafley,2025,6,27,7:33,Barn Pasture,No,B,Savannah Sparrow,0,0,0,0,0,0,0,
Jewell Hill,Bill Lafley,2025,6,27,7:42,Windmill,Yes,C,Savannah Sparrow,0,0,0,0,0,0,0,
Jewell Hill,Bill Lafley,2025,6,27,7:48,Windmill,Yes,D,Savannah Sparrow,1,0,1,0,0,0,1,
Jewell Hill,Bill Lafley,2025,6,27,7:53,Caswell,Yes,D,Savannah Sparrow,0,0,0,0,0,0,0,
Jewell Hill,Bill Lafley,2025,6,27,7:59,Caswell,Yes,E,Savannah Sparrow,0,0,0,0,0,0,0,
Jewell Hill,Bill Lafley,2025,6,27,8:04,WIllard,Yes,E,Savannah Sparrow,0,0,0,0,0,0,0,
Jewell Hill,Bill Lafley,2025,6,27,8:20,Fox Pasture,No,F,Savannah Sparrow,0,0,0,0,0,0,0,
Jewell Hill,Bill Lafley,2025,6,27,8:50,Knoll,No,G,Savannah Sparrow,0,0,1,0,0,0,1,
Jewell Hill,Bill Lafley,2025,6,27,9:33,Lupine,No,H,Savannah Sparrow,0,0,0,0,0,0,0,
Jewell Hill,Bill Lafley,2025,6,27,9:01,Wildcat,No,I,Savannah Sparrow,0,0,0,0,0,0,0,
Jewell Hill,Bill Lafley,2025,6,27,9:14,Lupine,No,J,Savannah Sparrow,0,0,0,0,0,0,0,
Jewell Hill,Bill Lafley,2025,6,27,7:25,Nut Orchard,Yes,A,Grasshopper Sparrow,0,0,0,0,0,0,0,
Jewell Hill,Bill Lafley,2025,6,27,7:33,Barn Pasture,No,B,Grasshopper Sparrow,0,0,0,0,0,0,0,
Jewell Hill,Bill Lafley,2025,6,27,7:42,Windmill,Yes,C,Grasshopper Sparrow,0,0,0,0,0,0,0,
Jewell Hill,Bill Lafley,2025,6,27,7:48,Windmill,Yes,D,Grasshopper Sparrow,0,0,0,0,0,0,0,
Jewell Hill,Bill Lafley,2025,6,27,7:53,Caswell,Yes,D,Grasshopper Sparrow,0,0,0,0,0,0,0,
Jewell Hill,Bill Lafley,2025,6,27,7:59,Caswell,Yes,E,Grasshopper Sparrow,0,0,0,0,0,0,0,
Jewell Hill,Bill Lafley,2025,6,27,8:04,WIllard,Yes,E,Grasshopper Sparrow,0,0,0,0,0,0,0,
Jewell Hill,Bill Lafley,2025,6,27,8:20,Fox Pasture,No,F,Grasshopper Sparrow,0,0,0,0,0,0,0,
Jewell Hill,Bill Lafley,2025,6,27,8:50,Knoll,No,G,Grasshopper Sparrow,0,0,0,0,0,0,0,
Jewell Hill,Bill Lafley,2025,6,27,9:33,Lupine,No,H,Grasshopper Sparrow,0,0,0,0,0,0,0,
Jewell Hill,Bill Lafley,2025,6,27,9:01,Wildcat,No,I,Grasshopper Sparrow,0,0,0,0,0,0,0,
Jewell Hill,Bill Lafley,2025,6,27,9:14,Lupine,No,J,Grasshopper Sparrow,0,0,0,0,0,0,0,
Jewell Hill,Bill Lafley,2025,6,27,7:25,Nut Orchard,Yes,A,Eastern Meadowlark,0,0,0,0,0,0,0,
Jewell Hill,Bill Lafley,2025,6,27,7:33,Barn Pasture,No,B,Eastern Meadowlark,0,0,0,0,0,0,0,
Jewell Hill,Bill Lafley,2025,6,27,7:42,Windmill,Yes,C,Eastern Meadowlark,0,0,0,0,0,0,0,
Jewell Hill,Bill Lafley,2025,6,27,7:48,Windmill,Yes,D,Eastern Meadowlark,0,0,0,0,0,0,0,
Jewell Hill,Bill Lafley,2025,6,27,7:53,Caswell,Yes,D,Eastern Meadowlark,0,0,0,0,0,0,0,
Jewell Hill,Bill Lafley,2025,6,27,7:59,Caswell,Yes,E,Eastern Meadowlark,0,0,0,0,0,0,0,
Jewell Hill,Bill Lafley,2025,6,27,8:04,WIllard,Yes,E,Eastern Meadowlark,0,0,0,0,0,0,0,
Jewell Hill,Bill Lafley,2025,6,27,8:20,Fox Pasture,No,F,Eastern Meadowlark,0,0,0,0,0,0,0,
Jewell Hill,Bill Lafley,2025,6,27,8:50,Knoll,No,G,Eastern Meadowlark,0,0,0,0,0,0,0,
Jewell Hill,Bill Lafley,2025,6,27,9:33,Lupine,No,H,Eastern Meadowlark,0,0,0,0,0,0,0,
Jewell Hill,Bill Lafley,2025,6,27,9:01,Wildcat,No,I,Eastern Meadowlark,0,0,0,0,0,0,0,
Jewell Hill,Bill Lafley,2025,6,27,9:14,Lupine,No,J,Eastern Meadowlark,0,0,0,0,0,0,0,
Jewell Hill,Bob Kitchen,2025,7,2,7:35,Nut Orchard,Yes,A,Bobolink,2,3,5,0,0,0,5,
Jewell Hill,Bob Kitchen,2025,7,2,7:25,Barn Pasture,No,B,Bobolink,0,0,0,1,1,2,2,
Jewell Hill,Bob Kitchen,2025,7,2,8:35,Windmill,Yes,C,Bobolink,0,0,0,0,0,0,0,
Jewell Hill,Bob Kitchen,2025,7,2,8:25,Windmill,Yes,D,Bobolink,0,0,0,0,0,0,0,
Jewell Hill,Bob Kitchen,2025,7,2,8:30,Caswell,Yes,D,Bobolink,0,0,0,0,0,0,0,
Jewell Hill,Bob Kitchen,2025,7,2,8:45,Caswell,Yes,E,Bobolink,0,0,0,0,0,0,0,
Jewell Hill,Bob Kitchen,2025,7,2,8:45,WIllard,Yes,E,Bobolink,0,0,0,0,0,0,0,
Jewell Hill,Bob Kitchen,2025,7,2,9:00,Fox Pasture,No,F,Bobolink,0,0,0,0,0,0,0,
Jewell Hill,Bob Kitchen,2025,7,2,8:05,Knoll,No,G,Bobolink,0,0,0,0,0,0,0,
Jewell Hill,Bob Kitchen,2025,7,2,7:45,Lupine,Yes,H,Bobolink,4,6,10,0,0,0,10,
Jewell Hill,Bob Kitchen,2025,7,2,8:15,Wildcat,Yes,I,Bobolink,0,0,0,0,0,0,0,
Jewell Hill,Bob Kitchen,2025,7,2,8:00,Lupine,Yes,J,Bobolink,2,2,4,0,0,0,4,
Jewell Hill,Bob Kitchen,2025,7,2,7:35,Nut Orchard,Yes,A,Savannah Sparrow,0,0,0,0,0,0,0,
Jewell Hill,Bob Kitchen,2025,7,2,7:25,Barn Pasture,No,B,Savannah Sparrow,0,0,0,0,0,0,0,
Jewell Hill,Bob Kitchen,2025,7,2,8:35,Windmill,Yes,C,Savannah Sparrow,0,0,0,0,0,0,0,
Jewell Hill,Bob Kitchen,2025,7,2,8:25,Windmill,Yes,D,Savannah Sparrow,0,0,0,0,0,0,0,
Jewell Hill,Bob Kitchen,2025,7,2,8:30,Caswell,Yes,D,Savannah Sparrow,0,0,0,0,0,0,0,
Jewell Hill,Bob Kitchen,2025,7,2,8:45,Caswell,Yes,E,Savannah Sparrow,0,0,0,0,0,0,0,
Jewell Hill,Bob Kitchen,2025,7,2,8:45,WIllard,Yes,E,Savannah Sparrow,0,0,0,0,0,0,0,
Jewell Hill,Bob Kitchen,2025,7,2,9:00,Fox Pasture,No,F,Savannah Sparrow,0,0,0,0,0,0,0,
Jewell Hill,Bob Kitchen,2025,7,2,8:05,Knoll,No,G,Savannah Sparrow,0,0,0,0,0,0,0,
Jewell Hill,Bob Kitchen,2025,7,2,7:45,Lupine,Yes,H,Savannah Sparrow,0,0,0,0,0,0,0,
Jewell Hill,Bob Kitchen,2025,7,2,8:15,Wildcat,Yes,I,Savannah Sparrow,0,0,0,0,0,0,0,
Jewell Hill,Bob Kitchen,2025,7,2,8:00,Lupine,Yes,J,Savannah Sparrow,0,0,0,0,0,0,0,
Jewell Hill,Bob Kitchen,2025,7,2,7:35,Nut Orchard,Yes,A,Grasshopper Sparrow,0,0,0,0,0,0,0,
Jewell Hill,Bob Kitchen,2025,7,2,7:25,Barn Pasture,No,B,Grasshopper Sparrow,0,0,0,0,0,0,0,
Jewell Hill,Bob Kitchen,2025,7,2,8:35,Windmill,Yes,C,Grasshopper Sparrow,0,0,0,0,0,0,0,
Jewell Hill,Bob Kitchen,2025,7,2,8:25,Windmill,Yes,D,Grasshopper Sparrow,0,0,0,0,0,0,0,
Jewell Hill,Bob Kitchen,2025,7,2,8:30,Caswell,Yes,D,Grasshopper Sparrow,0,0,0,0,0,0,0,
Jewell Hill,Bob Kitchen,2025,7,2,8:45,Caswell,Yes,E,Grasshopper Sparrow,0,0,0,0,0,0,0,
Jewell Hill,Bob Kitchen,2025,7,2,8:45,WIllard,Yes,E,Grasshopper Sparrow,0,0,0,0,0,0,0,
Jewell Hill,Bob Kitchen,2025,7,2,9:00,Fox Pasture,No,F,Grasshopper Sparrow,0,0,0,0,0,0,0,
Jewell Hill,Bob Kitchen,2025,7,2,8:05,Knoll,No,G,Grasshopper Sparrow,0,0,0,0,0,0,0,
Jewell Hill,Bob Kitchen,2025,7,2,7:45,Lupine,Yes,H,Grasshopper Sparrow,0,0,0,0,0,0,0,
Jewell Hill,Bob Kitchen,2025,7,2,8:15,Wildcat,Yes,I,Grasshopper Sparrow,0,0,0,0,0,0,0,
Jewell Hill,Bob Kitchen,2025,7,2,8:00,Lupine,Yes,J,Grasshopper Sparrow,0,0,0,0,0,0,0,
Jewell Hill,Bob Kitchen,2025,7,2,7:35,Nut Orchard,Yes,A,Eastern Meadowlark,0,0,0,0,0,0,0,
Jewell Hill,Bob Kitchen,2025,7,2,7:25,Barn Pasture,No,B,Eastern Meadowlark,0,0,0,0,0,0,0,
Jewell Hill,Bob Kitchen,2025,7,2,8:35,Windmill,Yes,C,Eastern Meadowlark,0,0,0,0,0,0,0,
Jewell Hill,Bob Kitchen,2025,7,2,8:25,Windmill,Yes,D,Eastern Meadowlark,0,0,0,0,0,0,0,
Jewell Hill,Bob Kitchen,2025,7,2,8:30,Caswell,Yes,D,Eastern Meadowlark,0,0,0,0,0,0,0,
Jewell Hill,Bob Kitchen,2025,7,2,8:45,Caswell,Yes,E,Eastern Meadowlark,0,0,0,0,0,0,0,
Jewell Hill,Bob Kitchen,2025,7,2,8:45,WIllard,Yes,E,Eastern Meadowlark,0,0,0,0,0,0,0,
Jewell Hill,Bob Kitchen,2025,7,2,9:00,Fox Pasture,No,F,Eastern Meadowlark,0,0,0,0,0,0,0,
Jewell Hill,Bob Kitchen,2025,7,2,8:05,Knoll,No,G,Eastern Meadowlark,0,0,0,0,0,0,0,
Jewell Hill,Bob Kitchen,2025,7,2,7:45,Lupine,Yes,H,Eastern Meadowlark,0,0,0,0,0,0,0,
Jewell Hill,Bob Kitchen,2025,7,2,8:15,Wildcat,Yes,I,Eastern Meadowlark,0,0,0,0,0,0,0,
Jewell Hill,Bob Kitchen,2025,7,2,8:00,Lupine,Yes,J,Eastern Meadowlark,0,0,0,0,0,0,0,
Jewell Hill,Bill Lafley,2025,7,13,7:13,Nut Orchard,Yes,A,Bobolink,0,0,0,0,0,0,0,
Jewell Hill,Bill Lafley,2025,7,13,7:20,Barn Pasture,No,B,Bobolink,0,0,0,6,4,10,10,
Jewell Hill,Bill Lafley,2025,7,13,7:32,Windmill,Yes,C,Bobolink,0,0,0,0,0,0,0,
Jewell Hill,Bill Lafley,2025,7,13,7:38,Windmill,Yes,D,Bobolink,0,0,0,0,0,0,0,
Jewell Hill,Bill Lafley,2025,7,13,7:43,Caswell,Yes,D,Bobolink,0,0,0,0,0,0,0,
Jewell Hill,Bill Lafley,2025,7,13,7:50,Caswell,Yes,E,Bobolink,0,0,0,0,0,0,0,
Jewell Hill,Bill Lafley,2025,7,13,7:55,WIllard,Yes,E,Bobolink,0,0,0,0,0,0,0,
Jewell Hill,Bill Lafley,2025,7,13,8:09,Fox Pasture,No,F,Bobolink,0,0,0,0,0,0,0,
Jewell Hill,Bill Lafley,2025,7,13,8:39,Knoll,Yes,G,Bobolink,0,0,0,0,0,0,0,
Jewell Hill,Bill Lafley,2025,7,13,8:45,Lupine,No,H,Bobolink,0,0,0,0,0,0,0,
Jewell Hill,Bill Lafley,2025,7,13,8:31,Wildcat,Yes,I,Bobolink,0,0,0,0,0,0,0,
Jewell Hill,Bill Lafley,2025,7,13,9:02,Lupine,No,J,Bobolink,0,0,0,1,0,1,1,
Jewell Hill,Bill Lafley,2025,7,13,7:13,Nut Orchard,Yes,A,Savannah Sparrow,0,0,0,0,0,0,0,
Jewell Hill,Bill Lafley,2025,7,13,7:20,Barn Pasture,No,B,Savannah Sparrow,0,0,0,0,0,0,0,
Jewell Hill,Bill Lafley,2025,7,13,7:32,Windmill,Yes,C,Savannah Sparrow,0,0,0,0,0,0,0,
Jewell Hill,Bill Lafley,2025,7,13,7:38,Windmill,Yes,D,Savannah Sparrow,0,0,1,0,0,0,1,Bird heard not seen
Jewell Hill,Bill Lafley,2025,7,13,7:43,Caswell,Yes,D,Savannah Sparrow,0,0,0,0,0,0,0,
Jewell Hill,Bill Lafley,2025,7,13,7:50,Caswell,Yes,E,Savannah Sparrow,0,0,0,0,0,0,0,
Jewell Hill,Bill Lafley,2025,7,13,7:55,WIllard,Yes,E,Savannah Sparrow,0,0,0,0,0,0,0,
Jewell Hill,Bill Lafley,2025,7,13,8:09,Fox Pasture,No,F,Savannah Sparrow,0,0,0,0,0,0,0,
Jewell Hill,Bill Lafley,2025,7,13,8:39,Knoll,Yes,G,Savannah Sparrow,0,0,0,0,0,0,0,
Jewell Hill,Bill Lafley,2025,7,13,8:45,Lupine,No,H,Savannah Sparrow,0,0,0,0,0,0,0,
Jewell Hill,Bill Lafley,2025,7,13,8:31,Wildcat,Yes,I,Savannah Sparrow,0,0,0,0,0,0,0,
Jewell Hill,Bill Lafley,2025,7,13,9:02,Lupine,No,J,Savannah Sparrow,0,0,0,0,0,0,0,
Jewell Hill,Bill Lafley,2025,7,13,7:13,Nut Orchard,Yes,A,Grasshopper Sparrow,0,0,0,0,0,0,0,
Jewell Hill,Bill Lafley,2025,7,13,7:20,Barn Pasture,No,B,Grasshopper Sparrow,0,0,0,0,0,0,0,
Jewell Hill,Bill Lafley,2025,7,13,7:32,Windmill,Yes,C,Grasshopper Sparrow,0,0,0,0,0,0,0,
Jewell Hill,Bill Lafley,2025,7,13,7:38,Windmill,Yes,D,Grasshopper Sparrow,0,0,0,0,0,0,0,
Jewell Hill,Bill Lafley,2025,7,13,7:43,Caswell,Yes,D,Grasshopper Sparrow,0,0,0,0,0,0,0,
Jewell Hill,Bill Lafley,2025,7,13,7:50,Caswell,Yes,E,Grasshopper Sparrow,0,0,0,0,0,0,0,
Jewell Hill,Bill Lafley,2025,7,13,7:55,WIllard,Yes,E,Grasshopper Sparrow,0,0,0,0,0,0,0,
Jewell Hill,Bill Lafley,2025,7,13,8:09,Fox Pasture,No,F,Grasshopper Sparrow,0,0,0,0,0,0,0,
Jewell Hill,Bill Lafley,2025,7,13,8:39,Knoll,Yes,G,Grasshopper Sparrow,0,0,0,0,0,0,0,
Jewell Hill,Bill Lafley,2025,7,13,8:45,Lupine,No,H,Grasshopper Sparrow,0,0,0,0,0,0,0,
Jewell Hill,Bill Lafley,2025,7,13,8:31,Wildcat,Yes,I,Grasshopper Sparrow,0,0,0,0,0,0,0,
Jewell Hill,Bill Lafley,2025,7,13,9:02,Lupine,No,J,Grasshopper Sparrow,0,0,0,0,0,0,0,
Jewell Hill,Bill Lafley,2025,7,13,7:13,Nut Orchard,Yes,A,Eastern Meadowlark,0,0,0,0,0,0,0,
Jewell Hill,Bill Lafley,2025,7,13,7:20,Barn Pasture,No,B,Eastern Meadowlark,0,0,0,0,0,0,0,
Jewell Hill,Bill Lafley,2025,7,13,7:32,Windmill,Yes,C,Eastern Meadowlark,0,0,0,0,0,0,0,
Jewell Hill,Bill Lafley,2025,7,13,7:38,Windmill,Yes,D,Eastern Meadowlark,0,0,0,0,0,0,0,
Jewell Hill,Bill Lafley,2025,7,13,7:43,Caswell,Yes,D,Eastern Meadowlark,0,0,0,0,0,0,0,
Jewell Hill,Bill Lafley,2025,7,13,7:50,Caswell,Yes,E,Eastern Meadowlark,0,0,0,0,0,0,0,
Jewell Hill,Bill Lafley,2025,7,13,7:55,WIllard,Yes,E,Eastern Meadowlark,0,0,0,0,0,0,0,
Jewell Hill,Bill Lafley,2025,7,13,8:09,Fox Pasture,No,F,Eastern Meadowlark,0,0,0,0,0,0,0,
Jewell Hill,Bill Lafley,2025,7,13,8:39,Knoll,Yes,G,Eastern Meadowlark,0,0,0,0,0,0,0,
Jewell Hill,Bill Lafley,2025,7,13,8:45,Lupine,No,H,Eastern Meadowlark,0,0,0,0,0,0,0,
Jewell Hill,Bill Lafley,2025,7,13,8:31,Wildcat,Yes,I,Eastern Meadowlark,0,0,0,0,0,0,0,
Jewell Hill,Bill Lafley,2025,7,13,9:02,Lupine,No,J,Eastern Meadowlark,0,0,0,0,0,0,0,
Jewell Hill,Bob Kitchen,2025,7,14,7:25,Nut Orchard,Yes,A,Bobolink,0,0,0,0,0,0,0,
Jewell Hill,Bob Kitchen,2025,7,14,7:20,Barn Pasture,No,B,Bobolink,0,0,0,10,8,18,18,
Jewell Hill,Bob Kitchen,2025,7,14,8:15,Windmill,Yes,C,Bobolink,0,0,0,0,0,0,0,
Jewell Hill,Bob Kitchen,2025,7,14,8:10,Windmill,Yes,D,Bobolink,0,0,0,0,0,0,0,
Jewell Hill,Bob Kitchen,2025,7,14,8:10,Caswell,Yes,D,Bobolink,0,0,0,0,0,0,0,
Jewell Hill,Bob Kitchen,2025,7,14,8:25,Caswell,Yes,E,Bobolink,0,0,0,0,0,0,0,
Jewell Hill,Bob Kitchen,2025,7,14,8:25,WIllard,Yes,E,Bobolink,0,0,0,0,0,0,0,
Jewell Hill,Bob Kitchen,2025,7,14,8:50,Fox Pasture,Yes,F,Bobolink,0,0,0,0,0,0,0,
Jewell Hill,Bob Kitchen,2025,7,14,7:55,Knoll,Yes,G,Bobolink,0,0,0,0,0,0,0,
Jewell Hill,Bob Kitchen,2025,7,14,7:35,Lupine,No,H,Bobolink,0,0,0,0,0,0,0,
Jewell Hill,Bob Kitchen,2025,7,14,8:00,Wildcat,Yes,I,Bobolink,0,0,0,0,0,0,0,
Jewell Hill,Bob Kitchen,2025,7,14,7:50,Lupine,No,J,Bobolink,0,0,0,0,0,0,0,
Jewell Hill,Bob Kitchen,2025,7,14,7:25,Nut Orchard,Yes,A,Savannah Sparrow,0,0,0,0,0,0,0,
Jewell Hill,Bob Kitchen,2025,7,14,7:20,Barn Pasture,No,B,Savannah Sparrow,0,0,0,0,0,0,0,
Jewell Hill,Bob Kitchen,2025,7,14,8:15,Windmill,Yes,C,Savannah Sparrow,0,0,1,0,0,0,1,
Jewell Hill,Bob Kitchen,2025,7,14,8:10,Windmill,Yes,D,Savannah Sparrow,0,0,1,0,0,0,1,
Jewell Hill,Bob Kitchen,2025,7,14,8:25,Caswell,Yes,D,Savannah Sparrow,0,0,0,0,0,0,0,
Jewell Hill,Bob Kitchen,2025,7,14,8:25,Caswell,Yes,E,Savannah Sparrow,0,0,1,0,0,0,1,Bird heard not seen
Jewell Hill,Bob Kitchen,2025,7,14,NA,WIllard,Yes,E,Savannah Sparrow,0,0,0,0,0,0,0,
Jewell Hill,Bob Kitchen,2025,7,14,8:50,Fox Pasture,Yes,F,Savannah Sparrow,0,0,0,0,0,0,0,
Jewell Hill,Bob Kitchen,2025,7,14,7:55,Knoll,Yes,G,Savannah Sparrow,0,0,0,0,0,2,2,
Jewell Hill,Bob Kitchen,2025,7,14,7:35,Lupine,No,H,Savannah Sparrow,0,0,0,0,0,0,0,
Jewell Hill,Bob Kitchen,2025,7,14,8:00,Wildcat,Yes,I,Savannah Sparrow,0,0,0,0,0,0,0,
Jewell Hill,Bob Kitchen,2025,7,14,7:50,Lupine,No,J,Savannah Sparrow,0,0,0,0,0,0,0,
Jewell Hill,Bob Kitchen,2025,7,14,7:25,Nut Orchard,Yes,A,Grasshopper Sparrow,0,0,0,0,0,0,0,
Jewell Hill,Bob Kitchen,2025,7,14,7:20,Barn Pasture,No,B,Grasshopper Sparrow,0,0,0,0,0,0,0,
Jewell Hill,Bob Kitchen,2025,7,14,8:15,Windmill,Yes,C,Grasshopper Sparrow,0,0,0,0,0,0,0,
Jewell Hill,Bob Kitchen,2025,7,14,8:10,Windmill,Yes,D,Grasshopper Sparrow,0,0,0,0,0,0,0,
Jewell Hill,Bob Kitchen,2025,7,14,8:25,Caswell,Yes,D,Grasshopper Sparrow,0,0,0,0,0,0,0,
Jewell Hill,Bob Kitchen,2025,7,14,8:25,Caswell,Yes,E,Grasshopper Sparrow,0,0,0,0,0,0,0,
Jewell Hill,Bob Kitchen,2025,7,14,NA,WIllard,Yes,E,Grasshopper Sparrow,0,0,0,0,0,0,0,
Jewell Hill,Bob Kitchen,2025,7,14,8:50,Fox Pasture,Yes,F,Grasshopper Sparrow,0,0,0,0,0,0,0,
Jewell Hill,Bob Kitchen,2025,7,14,7:55,Knoll,Yes,G,Grasshopper Sparrow,0,0,0,0,0,0,0,
Jewell Hill,Bob Kitchen,2025,7,14,7:35,Lupine,No,H,Grasshopper Sparrow,0,0,0,0,0,0,0,
Jewell Hill,Bob Kitchen,2025,7,14,8:00,Wildcat,Yes,I,Grasshopper Sparrow,0,0,0,0,0,0,0,
Jewell Hill,Bob Kitchen,2025,7,14,7:50,Lupine,No,J,Grasshopper Sparrow,0,0,0,0,0,0,0,
Jewell Hill,Bob Kitchen,2025,7,14,7:25,Nut Orchard,Yes,A,Eastern Meadowlark,0,0,0,0,0,0,0,
Jewell Hill,Bob Kitchen,2025,7,14,7:20,Barn Pasture,No,B,Eastern Meadowlark,0,0,0,0,0,0,0,
Jewell Hill,Bob Kitchen,2025,7,14,8:15,Windmill,Yes,C,Eastern Meadowlark,0,0,0,0,0,0,0,
Jewell Hill,Bob Kitchen,2025,7,14,8:10,Windmill,Yes,D,Eastern Meadowlark,0,0,0,0,0,0,0,
Jewell Hill,Bob Kitchen,2025,7,14,8:25,Caswell,Yes,D,Eastern Meadowlark,0,0,0,0,0,0,0,
Jewell Hill,Bob Kitchen,2025,7,14,8:25,Caswell,Yes,E,Eastern Meadowlark,0,0,0,0,0,0,0,
Jewell Hill,Bob Kitchen,2025,7,14,NA,WIllard,Yes,E,Eastern Meadowlark,0,0,0,0,0,0,0,
Jewell Hill,Bob Kitchen,2025,7,14,8:50,Fox Pasture,Yes,F,Eastern Meadowlark,0,0,0,0,0,0,0,
Jewell Hill,Bob Kitchen,2025,7,14,7:55,Knoll,Yes,G,Eastern Meadowlark,0,0,0,0,0,0,0,
Jewell Hill,Bob Kitchen,2025,7,14,7:35,Lupine,No,H,Eastern Meadowlark,0,0,0,0,0,0,0,
Jewell Hill,Bob Kitchen,2025,7,14,8:00,Wildcat,Yes,I,Eastern Meadowlark,0,0,0,0,0,0,0,
Jewell Hill,Bob Kitchen,2025,7,14,7:50,Lupine,No,J,Eastern Meadowlark,0,0,0,0,0,0,0,
Millborn Farm,Tracey Hogan,2025,6,3,7:32,Millborn 1,No,A,Bobolink,0,0,0,0,0,0,0,
Millborn Farm,Tracey Hogan,2025,6,3,7:39,Millborn 2,No,B,Bobolink,0,0,0,0,0,0,0,
Millborn Farm,Tracey Hogan,2025,6,3,7:47,Millborn 3,No,C,Bobolink,0,0,0,0,0,0,0,
Millborn Farm,Tracey Hogan,2025,6,3,7:53,Millborn 4,No,D,Bobolink,0,0,0,0,0,1,1,
Millborn Farm,Tracey Hogan,2025,6,3,9:03,Millborn 5,Yes,E,Bobolink,0,0,1,0,0,0,1,
Millborn Farm,Tracey Hogan,2025,6,3,9:10,Millborn 6,No,F,Bobolink,0,0,0,0,0,0,0,
Millborn Farm,Tracey Hogan,2025,6,3,8:07,Millborn 7,No,G,Bobolink,0,0,0,0,0,0,0,
Millborn Farm,Tracey Hogan,2025,6,3,8:22,Millborn 7,No,H,Bobolink,0,0,0,0,0,0,0,
Millborn Farm,Tracey Hogan,2025,6,3,7:32,Millborn 1,No,A,Savannah Sparrow,0,0,0,0,0,0,0,
Millborn Farm,Tracey Hogan,2025,6,3,7:39,Millborn 2,No,B,Savannah Sparrow,0,0,0,0,0,0,0,
Millborn Farm,Tracey Hogan,2025,6,3,7:47,Millborn 3,No,C,Savannah Sparrow,0,0,0,0,0,0,0,
Millborn Farm,Tracey Hogan,2025,6,3,7:53,Millborn 4,No,D,Savannah Sparrow,0,0,0,0,0,0,0,
Millborn Farm,Tracey Hogan,2025,6,3,9:03,Millborn 5,Yes,E,Savannah Sparrow,0,0,0,0,0,0,0,
Millborn Farm,Tracey Hogan,2025,6,3,9:10,Millborn 6,No,F,Savannah Sparrow,0,0,0,0,0,0,0,
Millborn Farm,Tracey Hogan,2025,6,3,8:07,Millborn 7,No,G,Savannah Sparrow,0,0,0,0,0,0,0,
Millborn Farm,Tracey Hogan,2025,6,3,8:22,Millborn 7,No,H,Savannah Sparrow,0,0,0,0,0,0,0,
Millborn Farm,Tracey Hogan,2025,6,3,7:32,Millborn 1,No,A,Grasshopper Sparrow,0,0,0,0,0,0,0,
Millborn Farm,Tracey Hogan,2025,6,3,7:39,Millborn 2,No,B,Grasshopper Sparrow,0,0,0,0,0,0,0,
Millborn Farm,Tracey Hogan,2025,6,3,7:47,Millborn 3,No,C,Grasshopper Sparrow,0,0,0,0,0,0,0,
Millborn Farm,Tracey Hogan,2025,6,3,7:53,Millborn 4,No,D,Grasshopper Sparrow,0,0,0,0,0,0,0,
Millborn Farm,Tracey Hogan,2025,6,3,9:03,Millborn 5,Yes,E,Grasshopper Sparrow,0,0,0,0,0,0,0,
Millborn Farm,Tracey Hogan,2025,6,3,9:10,Millborn 6,No,F,Grasshopper Sparrow,0,0,0,0,0,0,0,
Millborn Farm,Tracey Hogan,2025,6,3,8:07,Millborn 7,No,G,Grasshopper Sparrow,0,0,0,0,0,0,0,
Millborn Farm,Tracey Hogan,2025,6,3,8:22,Millborn 7,No,H,Grasshopper Sparrow,0,0,0,0,0,0,0,
Millborn Farm,Tracey Hogan,2025,6,3,7:32,Millborn 1,No,A,Eastern Meadowlark,0,0,0,0,0,0,0,
Millborn Farm,Tracey Hogan,2025,6,3,7:39,Millborn 2,No,B,Eastern Meadowlark,0,0,0,0,0,0,0,
Millborn Farm,Tracey Hogan,2025,6,3,7:47,Millborn 3,No,C,Eastern Meadowlark,0,0,0,0,0,0,0,
Millborn Farm,Tracey Hogan,2025,6,3,7:53,Millborn 4,No,D,Eastern Meadowlark,0,0,0,0,0,0,0,
Millborn Farm,Tracey Hogan,2025,6,3,9:03,Millborn 5,Yes,E,Eastern Meadowlark,0,0,0,0,0,0,0,
Millborn Farm,Tracey Hogan,2025,6,3,9:10,Millborn 6,No,F,Eastern Meadowlark,0,0,0,0,0,0,0,
Millborn Farm,Tracey Hogan,2025,6,3,8:07,Millborn 7,No,G,Eastern Meadowlark,0,0,0,0,0,0,0,
Millborn Farm,Tracey Hogan,2025,6,3,8:22,Millborn 7,No,H,Eastern Meadowlark,0,0,0,0,0,0,0,
Millborn Farm,Tracey Hogan,2025,6,30,6:02,Millborn 1,No,A,Bobolink,0,0,0,0,0,0,0,
Millborn Farm,Tracey Hogan,2025,6,30,6:09,Millborn 2,No,B,Bobolink,0,0,0,0,0,0,0,
Millborn Farm,Tracey Hogan,2025,6,30,7:24,Millborn 3,No,C,Bobolink,0,0,0,0,0,0,0,
Millborn Farm,Tracey Hogan,2025,6,30,6:39,Millborn 4,No,D,Bobolink,0,0,0,0,0,0,0,
Millborn Farm,Tracey Hogan,2025,6,30,6:33,Millborn 5,No,E,Bobolink,0,0,0,0,0,0,0,
Millborn Farm,Tracey Hogan,2025,6,30,6:26,Millborn 6,No,F,Bobolink,0,0,0,0,0,0,0,
Millborn Farm,Tracey Hogan,2025,6,30,6:49,Millborn 7,No,G,Bobolink,0,0,0,0,0,0,0,
Millborn Farm,Tracey Hogan,2025,6,30,7:02,Millborn 7,No,H,Bobolink,0,0,0,0,0,0,0,
Millborn Farm,Tracey Hogan,2025,6,30,6:02,Millborn 1,No,A,Savannah Sparrow,0,0,0,0,0,0,0,
Millborn Farm,Tracey Hogan,2025,6,30,6:09,Millborn 2,No,B,Savannah Sparrow,0,0,0,0,0,0,0,
Millborn Farm,Tracey Hogan,2025,6,30,7:24,Millborn 3,No,C,Savannah Sparrow,0,0,0,0,0,0,0,
Millborn Farm,Tracey Hogan,2025,6,30,6:39,Millborn 4,No,D,Savannah Sparrow,0,0,0,0,0,0,0,
Millborn Farm,Tracey Hogan,2025,6,30,6:33,Millborn 5,No,E,Savannah Sparrow,0,0,0,0,0,0,0,
Millborn Farm,Tracey Hogan,2025,6,30,6:26,Millborn 6,No,F,Savannah Sparrow,0,0,0,0,0,0,0,
Millborn Farm,Tracey Hogan,2025,6,30,6:49,Millborn 7,No,G,Savannah Sparrow,0,0,0,0,0,0,0,
Millborn Farm,Tracey Hogan,2025,6,30,7:02,Millborn 7,No,H,Savannah Sparrow,0,0,0,0,0,0,0,
Millborn Farm,Tracey Hogan,2025,6,30,6:02,Millborn 1,No,A,Grasshopper Sparrow,0,0,0,0,0,0,0,
Millborn Farm,Tracey Hogan,2025,6,30,6:09,Millborn 2,No,B,Grasshopper Sparrow,0,0,0,0,0,0,0,
Millborn Farm,Tracey Hogan,2025,6,30,7:24,Millborn 3,No,C,Grasshopper Sparrow,0,0,0,0,0,0,0,
Millborn Farm,Tracey Hogan,2025,6,30,6:39,Millborn 4,No,D,Grasshopper Sparrow,0,0,0,0,0,0,0,
Millborn Farm,Tracey Hogan,2025,6,30,6:33,Millborn 5,No,E,Grasshopper Sparrow,0,0,0,0,0,0,0,
Millborn Farm,Tracey Hogan,2025,6,30,6:26,Millborn 6,No,F,Grasshopper Sparrow,0,0,0,0,0,0,0,
Millborn Farm,Tracey Hogan,2025,6,30,6:49,Millborn 7,No,G,Grasshopper Sparrow,0,0,0,0,0,0,0,
Millborn Farm,Tracey Hogan,2025,6,30,7:02,Millborn 7,No,H,Grasshopper Sparrow,0,0,0,0,0,0,0,
Millborn Farm,Tracey Hogan,2025,6,30,6:02,Millborn 1,No,A,Eastern Meadowlark,0,0,0,0,0,0,0,
Millborn Farm,Tracey Hogan,2025,6,30,6:09,Millborn 2,No,B,Eastern Meadowlark,0,0,0,0,0,0,0,
Millborn Farm,Tracey Hogan,2025,6,30,7:24,Millborn 3,No,C,Eastern Meadowlark,0,0,0,0,0,0,0,
Millborn Farm,Tracey Hogan,2025,6,30,6:39,Millborn 4,No,D,Eastern Meadowlark,0,0,0,0,0,0,0,
Millborn Farm,Tracey Hogan,2025,6,30,6:33,Millborn 5,No,E,Eastern Meadowlark,0,0,0,0,0,0,0,
Millborn Farm,Tracey Hogan,2025,6,30,6:26,Millborn 6,No,F,Eastern Meadowlark,0,0,0,0,0,0,0,
Millborn Farm,Tracey Hogan,2025,6,30,6:49,Millborn 7,No,G,Eastern Meadowlark,0,0,0,0,0,0,0,
Millborn Farm,Tracey Hogan,2025,6,30,7:02,Millborn 7,No,H,Eastern Meadowlark,0,0,0,0,0,0,0,
Millborn Farm,Tracey Hogan,2025,7,13,7:12,Millborn 1,No,A,Bobolink,0,0,0,0,0,0,0,
Millborn Farm,Tracey Hogan,2025,7,13,7:18,Millborn 2,No,B,Bobolink,0,0,0,0,0,0,0,
Millborn Farm,Tracey Hogan,2025,7,13,9:01,Millborn 3,No,C,Bobolink,0,0,0,0,0,0,0,
Millborn Farm,Tracey Hogan,2025,7,13,7:34,Millborn 4,No,D,Bobolink,0,0,0,0,0,0,0,
Millborn Farm,Tracey Hogan,2025,7,13,8:42,Millborn 5,No,E,Bobolink,0,0,0,0,0,0,0,
Millborn Farm,Tracey Hogan,2025,7,13,8:35,Millborn 6,No,F,Bobolink,0,0,0,0,0,0,0,
Millborn Farm,Tracey Hogan,2025,7,13,7:45,Millborn 7,No,G,Bobolink,0,0,0,0,0,0,0,
Millborn Farm,Tracey Hogan,2025,7,13,7:54,Millborn 7,No,H,Bobolink,0,0,0,0,0,0,0,
Millborn Farm,Tracey Hogan,2025,7,13,7:12,Millborn 1,No,A,Savannah Sparrow,0,0,0,0,0,0,0,
Millborn Farm,Tracey Hogan,2025,7,13,7:18,Millborn 2,No,B,Savannah Sparrow,0,0,0,0,0,0,0,
Millborn Farm,Tracey Hogan,2025,7,13,9:01,Millborn 3,No,C,Savannah Sparrow,0,0,0,0,0,0,0,
Millborn Farm,Tracey Hogan,2025,7,13,7:34,Millborn 4,No,D,Savannah Sparrow,0,0,0,0,0,0,0,
Millborn Farm,Tracey Hogan,2025,7,13,8:42,Millborn 5,No,E,Savannah Sparrow,0,0,0,0,0,0,0,
Millborn Farm,Tracey Hogan,2025,7,13,8:35,Millborn 6,No,F,Savannah Sparrow,0,0,0,0,0,0,0,
Millborn Farm,Tracey Hogan,2025,7,13,7:45,Millborn 7,No,G,Savannah Sparrow,0,0,0,0,0,0,0,
Millborn Farm,Tracey Hogan,2025,7,13,7:54,Millborn 7,No,H,Savannah Sparrow,0,0,0,0,0,0,0,
Millborn Farm,Tracey Hogan,2025,7,13,7:12,Millborn 1,No,A,Grasshopper Sparrow,0,0,0,0,0,0,0,
Millborn Farm,Tracey Hogan,2025,7,13,7:18,Millborn 2,No,B,Grasshopper Sparrow,0,0,0,0,0,0,0,
Millborn Farm,Tracey Hogan,2025,7,13,9:01,Millborn 3,No,C,Grasshopper Sparrow,0,0,0,0,0,0,0,
Millborn Farm,Tracey Hogan,2025,7,13,7:34,Millborn 4,No,D,Grasshopper Sparrow,0,0,0,0,0,0,0,
Millborn Farm,Tracey Hogan,2025,7,13,8:42,Millborn 5,No,E,Grasshopper Sparrow,0,0,0,0,0,0,0,
Millborn Farm,Tracey Hogan,2025,7,13,8:35,Millborn 6,No,F,Grasshopper Sparrow,0,0,0,0,0,0,0,
Millborn Farm,Tracey Hogan,2025,7,13,7:45,Millborn 7,No,G,Grasshopper Sparrow,0,0,0,0,0,0,0,
Millborn Farm,Tracey Hogan,2025,7,13,7:54,Millborn 7,No,H,Grasshopper Sparrow,0,0,0,0,0,0,0,
Millborn Farm,Tracey Hogan,2025,7,13,7:12,Millborn 1,No,A,Eastern Meadowlark,0,0,0,0,0,0,0,
Millborn Farm,Tracey Hogan,2025,7,13,7:18,Millborn 2,No,B,Eastern Meadowlark,0,0,0,0,0,0,0,
Millborn Farm,Tracey Hogan,2025,7,13,9:01,Millborn 3,No,C,Eastern Meadowlark,0,0,0,0,0,0,0,
Millborn Farm,Tracey Hogan,2025,7,13,7:34,Millborn 4,No,D,Eastern Meadowlark,0,0,0,0,0,0,0,
Millborn Farm,Tracey Hogan,2025,7,13,8:42,Millborn 5,No,E,Eastern Meadowlark,0,0,0,0,0,0,0,
Millborn Farm,Tracey Hogan,2025,7,13,8:35,Millborn 6,No,F,Eastern Meadowlark,0,0,0,0,0,0,0,
Millborn Farm,Tracey Hogan,2025,7,13,7:45,Millborn 7,No,G,Eastern Meadowlark,0,0,0,0,0,0,0,
Millborn Farm,Tracey Hogan,2025,7,13,7:54,Millborn 7,No,H,Eastern Meadowlark,0,0,0,0,0,0,0,
Moose Hill Farm,Matt Beverly,2025,5,1,6:25,Lower Middle Field,No,A,Bobolink,0,0,0,0,0,0,0,
Moose Hill Farm,Matt Beverly,2025,5,1,7:20,Lower Middle Field,No,C,Bobolink,0,0,0,0,0,0,0,
Moose Hill Farm,Matt Beverly,2025,5,1,7:08,Upper Middle Field,No,D,Bobolink,0,0,0,0,0,0,0,
Moose Hill Farm,Matt Beverly,2025,5,1,6:47,Lower Middle Field,No,E,Bobolink,0,0,0,0,0,0,0,
Moose Hill Farm,Matt Beverly,2025,5,1,6:56,South Field,No,E,Bobolink,0,0,0,0,0,0,0,
Moose Hill Farm,Matt Beverly,2025,5,1,7:44,South Field,No,F,Bobolink,0,0,0,0,0,0,0,
Moose Hill Farm,Matt Beverly,2025,5,1,6:25,Lower Middle Field,No,A,Savannah Sparrow,0,0,1,0,0,0,1,Bird heard not seen
Moose Hill Farm,Matt Beverly,2025,5,1,7:20,Lower Middle Field,No,C,Savannah Sparrow,0,0,0,0,0,0,0,
Moose Hill Farm,Matt Beverly,2025,5,1,7:08,Upper Middle Field,No,D,Savannah Sparrow,0,0,0,0,0,1,1,Bird heard not seen
Moose Hill Farm,Matt Beverly,2025,5,1,6:47,Lower Middle Field,No,E,Savannah Sparrow,0,0,0,0,0,0,0,
Moose Hill Farm,Matt Beverly,2025,5,1,6:56,South Field,No,E,Savannah Sparrow,0,0,0,0,0,0,0,
Moose Hill Farm,Matt Beverly,2025,5,1,7:44,South Field,No,F,Savannah Sparrow,0,0,0,0,0,0,0,
Moose Hill Farm,Matt Beverly,2025,5,1,6:25,Lower Middle Field,No,A,Grasshopper Sparrow,0,0,0,0,0,0,0,
Moose Hill Farm,Matt Beverly,2025,5,1,7:20,Lower Middle Field,No,C,Grasshopper Sparrow,0,0,0,0,0,0,0,
Moose Hill Farm,Matt Beverly,2025,5,1,7:08,Upper Middle Field,No,D,Grasshopper Sparrow,0,0,0,0,0,0,0,
Moose Hill Farm,Matt Beverly,2025,5,1,6:47,Lower Middle Field,No,E,Grasshopper Sparrow,0,0,0,0,0,0,0,
Moose Hill Farm,Matt Beverly,2025,5,1,6:56,South Field,No,E,Grasshopper Sparrow,0,0,0,0,0,0,0,
Moose Hill Farm,Matt Beverly,2025,5,1,7:44,South Field,No,F,Grasshopper Sparrow,0,0,0,0,0,0,0,
Moose Hill Farm,Matt Beverly,2025,5,1,6:25,Lower Middle Field,No,A,Eastern Meadowlark,0,0,0,0,0,0,0,
Moose Hill Farm,Matt Beverly,2025,5,1,7:20,Lower Middle Field,No,C,Eastern Meadowlark,0,0,0,0,0,0,0,
Moose Hill Farm,Matt Beverly,2025,5,1,7:08,Upper Middle Field,No,D,Eastern Meadowlark,0,0,0,0,0,0,0,
Moose Hill Farm,Matt Beverly,2025,5,1,6:47,Lower Middle Field,No,E,Eastern Meadowlark,0,0,0,0,0,0,0,
Moose Hill Farm,Matt Beverly,2025,5,1,6:56,South Field,No,E,Eastern Meadowlark,0,0,0,0,0,0,0,
Moose Hill Farm,Matt Beverly,2025,5,1,7:44,South Field,No,F,Eastern Meadowlark,0,0,0,0,0,0,0,
Moose Hill Farm,Matt Beverly,2025,5,6,6:14,Lower Middle Field,No,A,Bobolink,0,0,0,0,0,0,0,
Moose Hill Farm,Matt Beverly,2025,5,6,6:55,Lower Middle Field,No,C,Bobolink,0,0,0,0,0,0,0,
Moose Hill Farm,Matt Beverly,2025,5,6,6:45,Upper Middle Field,No,D,Bobolink,0,0,0,0,0,0,0,
Moose Hill Farm,Matt Beverly,2025,5,6,6:29,Lower Middle Field,No,E,Bobolink,0,0,0,0,0,0,0,
Moose Hill Farm,Matt Beverly,2025,5,6,6:35,South Field,No,E,Bobolink,0,0,0,0,0,0,0,
Moose Hill Farm,Matt Beverly,2025,5,6,7:25,South Field,No,F,Bobolink,0,0,0,0,0,0,0,
Moose Hill Farm,Matt Beverly,2025,5,6,6:14,Lower Middle Field,No,A,Savannah Sparrow,0,0,0,0,0,0,0,
Moose Hill Farm,Matt Beverly,2025,5,6,6:55,Lower Middle Field,No,C,Savannah Sparrow,0,0,0,0,0,0,0,
Moose Hill Farm,Matt Beverly,2025,5,6,6:45,Upper Middle Field,No,D,Savannah Sparrow,0,0,1,0,0,0,1,Bird heard not seen
Moose Hill Farm,Matt Beverly,2025,5,6,6:29,Lower Middle Field,No,E,Savannah Sparrow,0,0,2,0,0,0,2,
Moose Hill Farm,Matt Beverly,2025,5,6,6:35,South Field,No,E,Savannah Sparrow,0,0,0,0,0,0,0,
Moose Hill Farm,Matt Beverly,2025,5,6,7:25,South Field,No,F,Savannah Sparrow,0,0,0,0,0,0,0,
Moose Hill Farm,Matt Beverly,2025,5,6,6:14,Lower Middle Field,No,A,Grasshopper Sparrow,0,0,0,0,0,0,0,
Moose Hill Farm,Matt Beverly,2025,5,6,6:55,Lower Middle Field,No,C,Grasshopper Sparrow,0,0,0,0,0,0,0,
Moose Hill Farm,Matt Beverly,2025,5,6,6:45,Upper Middle Field,No,D,Grasshopper Sparrow,0,0,0,0,0,0,0,
Moose Hill Farm,Matt Beverly,2025,5,6,6:29,Lower Middle Field,No,E,Grasshopper Sparrow,0,0,0,0,0,0,0,
Moose Hill Farm,Matt Beverly,2025,5,6,6:35,South Field,No,E,Grasshopper Sparrow,0,0,0,0,0,0,0,
Moose Hill Farm,Matt Beverly,2025,5,6,7:25,South Field,No,F,Grasshopper Sparrow,0,0,0,0,0,0,0,
Moose Hill Farm,Matt Beverly,2025,5,6,6:14,Lower Middle Field,No,A,Eastern Meadowlark,0,0,0,0,0,0,0,
Moose Hill Farm,Matt Beverly,2025,5,6,6:55,Lower Middle Field,No,C,Eastern Meadowlark,0,0,0,0,0,0,0,
Moose Hill Farm,Matt Beverly,2025,5,6,6:45,Upper Middle Field,No,D,Eastern Meadowlark,0,0,0,0,0,0,0,
Moose Hill Farm,Matt Beverly,2025,5,6,6:29,Lower Middle Field,No,E,Eastern Meadowlark,0,0,0,0,0,0,0,
Moose Hill Farm,Matt Beverly,2025,5,6,6:35,South Field,No,E,Eastern Meadowlark,0,0,0,0,0,0,0,
Moose Hill Farm,Matt Beverly,2025,5,6,7:25,South Field,No,F,Eastern Meadowlark,0,0,0,0,0,0,0,
Moose Hill Farm,Matt Beverly,2025,5,6,6:25,Lower Middle Field,No,A,Bobolink,0,0,0,0,0,0,0,
Moose Hill Farm,Matt Beverly,2025,5,9,7:04,Lower Middle Field,No,C,Bobolink,0,0,0,1,0,1,2,
Moose Hill Farm,Matt Beverly,2025,5,9,6:54,Upper Middle Field,No,D,Bobolink,0,0,0,0,0,0,0,
Moose Hill Farm,Matt Beverly,2025,5,9,6:39,Lower Middle Field,No,E,Bobolink,0,0,0,0,0,0,0,
Moose Hill Farm,Matt Beverly,2025,5,9,6:45,South Field,No,E,Bobolink,0,0,0,0,0,0,0,
Moose Hill Farm,Matt Beverly,2025,5,9,7:35,South Field,No,F,Bobolink,0,0,0,0,0,0,0,
Moose Hill Farm,Matt Beverly,2025,5,9,6:25,Lower Middle Field,No,A,Savannah Sparrow,0,0,0,0,0,0,0,
Moose Hill Farm,Matt Beverly,2025,5,9,7:04,Lower Middle Field,No,C,Savannah Sparrow,0,0,0,0,0,0,0,
Moose Hill Farm,Matt Beverly,2025,5,9,6:54,Upper Middle Field,No,D,Savannah Sparrow,0,0,0,0,0,0,0,
Moose Hill Farm,Matt Beverly,2025,5,9,6:39,Lower Middle Field,No,E,Savannah Sparrow,0,0,1,0,0,0,1,
Moose Hill Farm,Matt Beverly,2025,5,9,6:45,South Field,No,E,Savannah Sparrow,0,0,0,0,0,0,0,
Moose Hill Farm,Matt Beverly,2025,5,9,7:35,South Field,No,F,Savannah Sparrow,0,0,0,0,0,1,1,
Moose Hill Farm,Matt Beverly,2025,5,9,6:25,Lower Middle Field,No,A,Grasshopper Sparrow,0,0,0,0,0,0,0,
Moose Hill Farm,Matt Beverly,2025,5,9,7:04,Lower Middle Field,No,C,Grasshopper Sparrow,0,0,0,0,0,0,0,
Moose Hill Farm,Matt Beverly,2025,5,9,6:54,Upper Middle Field,No,D,Grasshopper Sparrow,0,0,0,0,0,0,0,
Moose Hill Farm,Matt Beverly,2025,5,9,6:39,Lower Middle Field,No,E,Grasshopper Sparrow,0,0,0,0,0,0,0,
Moose Hill Farm,Matt Beverly,2025,5,9,6:45,South Field,No,E,Grasshopper Sparrow,0,0,0,0,0,0,0,
Moose Hill Farm,Matt Beverly,2025,5,9,7:35,South Field,No,F,Grasshopper Sparrow,0,0,0,0,0,0,0,
Moose Hill Farm,Matt Beverly,2025,5,9,6:25,Lower Middle Field,No,A,Eastern Meadowlark,0,0,0,0,0,0,0,
Moose Hill Farm,Matt Beverly,2025,5,9,7:04,Lower Middle Field,No,C,Eastern Meadowlark,0,0,0,0,0,0,0,
Moose Hill Farm,Matt Beverly,2025,5,9,6:54,Upper Middle Field,No,D,Eastern Meadowlark,0,0,0,0,0,0,0,
Moose Hill Farm,Matt Beverly,2025,5,9,6:39,Lower Middle Field,No,E,Eastern Meadowlark,0,0,0,0,0,0,0,
Moose Hill Farm,Matt Beverly,2025,5,9,6:45,South Field,No,E,Eastern Meadowlark,0,0,0,0,0,0,0,
Moose Hill Farm,Matt Beverly,2025,5,9,7:35,South Field,No,F,Eastern Meadowlark,0,0,0,0,0,0,0,
Moose Hill Farm,Matt Beverly,2025,5,12,5:54,Lower Middle Field,No,A,Bobolink,0,0,0,0,0,0,0,
Moose Hill Farm,Matt Beverly,2025,5,12,6:40,Lower Middle Field,No,C,Bobolink,0,0,0,0,0,0,0,
Moose Hill Farm,Matt Beverly,2025,5,12,6:34,Upper Middle Field,No,D,Bobolink,0,0,0,0,0,0,0,
Moose Hill Farm,Matt Beverly,2025,5,12,6:19,Lower Middle Field,No,E,Bobolink,0,0,0,2,0,2,2,Bird heard not seen
Moose Hill Farm,Matt Beverly,2025,5,12,6:26,South Field,No,E,Bobolink,0,0,0,0,0,0,0,
Moose Hill Farm,Matt Beverly,2025,5,12,7:18,South Field,No,F,Bobolink,0,0,0,0,0,0,0,
Moose Hill Farm,Matt Beverly,2025,5,12,5:54,Lower Middle Field,No,A,Savannah Sparrow,3,0,3,0,0,0,3,
Moose Hill Farm,Matt Beverly,2025,5,12,6:40,Lower Middle Field,No,C,Savannah Sparrow,0,0,0,0,0,0,0,
Moose Hill Farm,Matt Beverly,2025,5,12,6:34,Upper Middle Field,No,D,Savannah Sparrow,0,0,0,5,0,5,5,
Moose Hill Farm,Matt Beverly,2025,5,12,6:19,Lower Middle Field,No,E,Savannah Sparrow,0,0,0,1,0,1,1,
Moose Hill Farm,Matt Beverly,2025,5,12,6:26,South Field,No,E,Savannah Sparrow,0,0,0,0,0,0,0,
Moose Hill Farm,Matt Beverly,2025,5,12,7:18,South Field,No,F,Savannah Sparrow,0,0,0,0,0,0,0,
Moose Hill Farm,Matt Beverly,2025,5,12,5:54,Lower Middle Field,No,A,Grasshopper Sparrow,0,0,0,0,0,0,0,
Moose Hill Farm,Matt Beverly,2025,5,12,6:40,Lower Middle Field,No,C,Grasshopper Sparrow,0,0,0,0,0,0,0,
Moose Hill Farm,Matt Beverly,2025,5,12,6:34,Upper Middle Field,No,D,Grasshopper Sparrow,0,0,0,0,0,0,0,
Moose Hill Farm,Matt Beverly,2025,5,12,6:19,Lower Middle Field,No,E,Grasshopper Sparrow,0,0,0,0,0,0,0,
Moose Hill Farm,Matt Beverly,2025,5,12,6:26,South Field,No,E,Grasshopper Sparrow,0,0,0,0,0,0,0,
Moose Hill Farm,Matt Beverly,2025,5,12,7:18,South Field,No,F,Grasshopper Sparrow,0,0,0,0,0,0,0,
Moose Hill Farm,Matt Beverly,2025,5,12,5:54,Lower Middle Field,No,A,Eastern Meadowlark,0,0,0,0,0,0,0,
Moose Hill Farm,Matt Beverly,2025,5,12,6:40,Lower Middle Field,No,C,Eastern Meadowlark,0,0,0,0,0,0,0,
Moose Hill Farm,Matt Beverly,2025,5,12,6:34,Upper Middle Field,No,D,Eastern Meadowlark,0,0,0,0,0,0,0,
Moose Hill Farm,Matt Beverly,2025,5,12,6:19,Lower Middle Field,No,E,Eastern Meadowlark,0,0,0,0,0,0,0,
Moose Hill Farm,Matt Beverly,2025,5,12,6:26,South Field,No,E,Eastern Meadowlark,0,0,0,0,0,0,0,
Moose Hill Farm,Matt Beverly,2025,5,12,7:18,South Field,No,F,Eastern Meadowlark,0,0,0,0,0,0,0,
Moose Hill Farm,Matt Beverly,2025,5,16,5:52,Lower Middle Field,No,A,Bobolink,0,0,0,0,0,0,0,
Moose Hill Farm,Matt Beverly,2025,5,16,6:43,Lower Middle Field,No,C,Bobolink,0,0,0,0,0,0,0,
Moose Hill Farm,Matt Beverly,2025,5,16,6:32,Upper Middle Field,No,D,Bobolink,0,0,0,1,0,1,1,
Moose Hill Farm,Matt Beverly,2025,5,16,6:07,Lower Middle Field,No,E,Bobolink,0,0,0,1,0,1,1,
Moose Hill Farm,Matt Beverly,2025,5,16,6:15,South Field,No,E,Bobolink,0,0,0,0,0,0,0,
Moose Hill Farm,Matt Beverly,2025,5,16,7:14,South Field,No,F,Bobolink,0,0,0,0,0,0,0,
Moose Hill Farm,Matt Beverly,2025,5,16,5:52,Lower Middle Field,No,A,Savannah Sparrow,0,0,0,0,0,2,2,
Moose Hill Farm,Matt Beverly,2025,5,16,6:43,Lower Middle Field,No,C,Savannah Sparrow,0,0,0,0,0,0,0,
Moose Hill Farm,Matt Beverly,2025,5,16,6:32,Upper Middle Field,No,D,Savannah Sparrow,0,0,1,0,0,0,1,
Moose Hill Farm,Matt Beverly,2025,5,16,6:07,Lower Middle Field,No,E,Savannah Sparrow,0,0,0,0,0,1,1,
Moose Hill Farm,Matt Beverly,2025,5,16,6:15,South Field,No,E,Savannah Sparrow,0,0,0,0,0,0,0,
Moose Hill Farm,Matt Beverly,2025,5,16,7:14,South Field,No,F,Savannah Sparrow,0,0,0,0,0,0,0,
Moose Hill Farm,Matt Beverly,2025,5,16,5:52,Lower Middle Field,No,A,Grasshopper Sparrow,0,0,0,0,0,0,0,
Moose Hill Farm,Matt Beverly,2025,5,16,6:43,Lower Middle Field,No,C,Grasshopper Sparrow,0,0,0,0,0,0,0,
Moose Hill Farm,Matt Beverly,2025,5,16,6:32,Upper Middle Field,No,D,Grasshopper Sparrow,0,0,0,0,0,0,0,
Moose Hill Farm,Matt Beverly,2025,5,16,6:07,Lower Middle Field,No,E,Grasshopper Sparrow,0,0,0,0,0,0,0,
Moose Hill Farm,Matt Beverly,2025,5,16,6:15,South Field,No,E,Grasshopper Sparrow,0,0,0,0,0,0,0,
Moose Hill Farm,Matt Beverly,2025,5,16,7:14,South Field,No,F,Grasshopper Sparrow,0,0,0,0,0,0,0,
Moose Hill Farm,Matt Beverly,2025,5,16,5:52,Lower Middle Field,No,A,Eastern Meadowlark,0,0,0,0,0,0,0,
Moose Hill Farm,Matt Beverly,2025,5,16,6:43,Lower Middle Field,No,C,Eastern Meadowlark,0,0,0,0,0,0,0,
Moose Hill Farm,Matt Beverly,2025,5,16,6:32,Upper Middle Field,No,D,Eastern Meadowlark,0,0,0,0,0,0,0,
Moose Hill Farm,Matt Beverly,2025,5,16,6:07,Lower Middle Field,No,E,Eastern Meadowlark,0,0,0,0,0,0,0,
Moose Hill Farm,Matt Beverly,2025,5,16,6:15,South Field,No,E,Eastern Meadowlark,0,0,0,0,0,0,0,
Moose Hill Farm,Matt Beverly,2025,5,16,7:14,South Field,No,F,Eastern Meadowlark,0,0,0,0,0,0,0,
Moose Hill Farm,Matt Beverly,2025,5,19,NA,Lower Middle Field,No,A,Bobolink,0,0,0,0,0,0,0,
Moose Hill Farm,Matt Beverly,2025,5,19,NA,Lower Middle Field,No,C,Bobolink,0,0,0,0,0,0,0,
Moose Hill Farm,Matt Beverly,2025,5,19,NA,Upper Middle Field,No,D,Bobolink,0,0,0,1,0,1,1,
Moose Hill Farm,Matt Beverly,2025,5,19,NA,Lower Middle Field,No,E,Bobolink,0,0,0,0,0,1,1,Bird heard not seen
Moose Hill Farm,Matt Beverly,2025,5,19,NA,South Field,No,E,Bobolink,0,0,0,0,0,0,0,
Moose Hill Farm,Matt Beverly,2025,5,19,NA,South Field,No,F,Bobolink,0,0,0,0,0,0,0,
Moose Hill Farm,Matt Beverly,2025,5,19,NA,Lower Middle Field,No,A,Savannah Sparrow,0,0,0,0,0,0,0,
Moose Hill Farm,Matt Beverly,2025,5,19,NA,Lower Middle Field,No,C,Savannah Sparrow,0,0,0,0,0,0,0,
Moose Hill Farm,Matt Beverly,2025,5,19,NA,Upper Middle Field,No,D,Savannah Sparrow,0,0,0,0,0,0,0,
Moose Hill Farm,Matt Beverly,2025,5,19,NA,Lower Middle Field,No,E,Savannah Sparrow,0,0,0,0,0,0,0,
Moose Hill Farm,Matt Beverly,2025,5,19,NA,South Field,No,E,Savannah Sparrow,0,0,0,0,0,0,0,
Moose Hill Farm,Matt Beverly,2025,5,19,NA,South Field,No,F,Savannah Sparrow,0,0,0,0,0,0,0,
Moose Hill Farm,Matt Beverly,2025,5,19,NA,Lower Middle Field,No,A,Grasshopper Sparrow,0,0,0,0,0,0,0,
Moose Hill Farm,Matt Beverly,2025,5,19,NA,Lower Middle Field,No,C,Grasshopper Sparrow,0,0,0,0,0,0,0,
Moose Hill Farm,Matt Beverly,2025,5,19,NA,Upper Middle Field,No,D,Grasshopper Sparrow,0,0,0,0,0,0,0,
Moose Hill Farm,Matt Beverly,2025,5,19,NA,Lower Middle Field,No,E,Grasshopper Sparrow,0,0,0,0,0,0,0,
Moose Hill Farm,Matt Beverly,2025,5,19,NA,South Field,No,E,Grasshopper Sparrow,0,0,0,0,0,0,0,
Moose Hill Farm,Matt Beverly,2025,5,19,NA,South Field,No,F,Grasshopper Sparrow,0,0,0,0,0,0,0,
Moose Hill Farm,Matt Beverly,2025,5,19,NA,Lower Middle Field,No,A,Eastern Meadowlark,0,0,0,0,0,0,0,
Moose Hill Farm,Matt Beverly,2025,5,19,NA,Lower Middle Field,No,C,Eastern Meadowlark,0,0,0,0,0,0,0,
Moose Hill Farm,Matt Beverly,2025,5,19,NA,Upper Middle Field,No,D,Eastern Meadowlark,0,0,0,0,0,0,0,
Moose Hill Farm,Matt Beverly,2025,5,19,NA,Lower Middle Field,No,E,Eastern Meadowlark,0,0,0,0,0,0,0,
Moose Hill Farm,Matt Beverly,2025,5,19,NA,South Field,No,E,Eastern Meadowlark,0,0,0,0,0,0,0,
Moose Hill Farm,Matt Beverly,2025,5,19,NA,South Field,No,F,Eastern Meadowlark,0,0,0,0,0,0,0,
Moose Hill Farm,Matt Beverly,2025,5,23,5:46,Lower Middle Field,No,A,Bobolink,0,0,0,1,0,1,1,
Moose Hill Farm,Matt Beverly,2025,5,23,6:33,Lower Middle Field,No,C,Bobolink,0,0,0,0,0,0,0,
Moose Hill Farm,Matt Beverly,2025,5,23,6:22,Upper Middle Field,No,D,Bobolink,0,0,0,1,2,3,3,
Moose Hill Farm,Matt Beverly,2025,5,23,5:59,Lower Middle Field,No,E,Bobolink,0,0,0,0,0,0,0,
Moose Hill Farm,Matt Beverly,2025,5,23,6:06,South Field,No,E,Bobolink,0,0,0,0,0,0,0,
Moose Hill Farm,Matt Beverly,2025,5,23,7:00,South Field,No,F,Bobolink,0,0,0,0,0,0,0,
Moose Hill Farm,Matt Beverly,2025,5,23,5:46,Lower Middle Field,No,A,Savannah Sparrow,0,0,0,0,0,0,0,
Moose Hill Farm,Matt Beverly,2025,5,23,6:33,Lower Middle Field,No,C,Savannah Sparrow,0,0,0,0,0,0,0,
Moose Hill Farm,Matt Beverly,2025,5,23,6:22,Upper Middle Field,No,D,Savannah Sparrow,0,0,0,0,0,1,1,
Moose Hill Farm,Matt Beverly,2025,5,23,5:59,Lower Middle Field,No,E,Savannah Sparrow,0,0,0,0,0,0,0,
Moose Hill Farm,Matt Beverly,2025,5,23,6:06,South Field,No,E,Savannah Sparrow,0,0,0,0,0,2,2,
Moose Hill Farm,Matt Beverly,2025,5,23,7:00,South Field,No,F,Savannah Sparrow,0,0,0,0,0,0,0,
Moose Hill Farm,Matt Beverly,2025,5,23,5:46,Lower Middle Field,No,A,Grasshopper Sparrow,0,0,0,0,0,0,0,
Moose Hill Farm,Matt Beverly,2025,5,23,6:33,Lower Middle Field,No,C,Grasshopper Sparrow,0,0,0,0,0,0,0,
Moose Hill Farm,Matt Beverly,2025,5,23,6:22,Upper Middle Field,No,D,Grasshopper Sparrow,0,0,0,0,0,0,0,
Moose Hill Farm,Matt Beverly,2025,5,23,5:59,Lower Middle Field,No,E,Grasshopper Sparrow,0,0,0,0,0,0,0,
Moose Hill Farm,Matt Beverly,2025,5,23,6:06,South Field,No,E,Grasshopper Sparrow,0,0,0,0,0,0,0,
Moose Hill Farm,Matt Beverly,2025,5,23,7:00,South Field,No,F,Grasshopper Sparrow,0,0,0,0,0,0,0,
Moose Hill Farm,Matt Beverly,2025,5,23,5:46,Lower Middle Field,No,A,Eastern Meadowlark,0,0,0,0,0,0,0,
Moose Hill Farm,Matt Beverly,2025,5,23,6:33,Lower Middle Field,No,C,Eastern Meadowlark,0,0,0,0,0,0,0,
Moose Hill Farm,Matt Beverly,2025,5,23,6:22,Upper Middle Field,No,D,Eastern Meadowlark,0,0,0,0,0,0,0,
Moose Hill Farm,Matt Beverly,2025,5,23,5:59,Lower Middle Field,No,E,Eastern Meadowlark,0,0,0,0,0,0,0,
Moose Hill Farm,Matt Beverly,2025,5,23,6:06,South Field,No,E,Eastern Meadowlark,0,0,0,0,0,0,0,
Moose Hill Farm,Matt Beverly,2025,5,23,7:00,South Field,No,F,Eastern Meadowlark,0,0,0,0,0,0,0,
Moose Hill Farm,Matt Beverly,2025,5,28,5:24,Lower Middle Field,No,A,Bobolink,0,0,0,1,0,1,1,
Moose Hill Farm,Matt Beverly,2025,5,28,6:11,Lower Middle Field,No,C,Bobolink,0,0,0,0,0,0,0,
Moose Hill Farm,Matt Beverly,2025,5,28,6:00,Upper Middle Field,No,D,Bobolink,0,0,0,2,0,2,2,
Moose Hill Farm,Matt Beverly,2025,5,28,5:39,Lower Middle Field,No,E,Bobolink,0,0,0,0,0,0,0,
Moose Hill Farm,Matt Beverly,2025,5,28,6:45,South Field,No,E,Bobolink,0,0,0,0,0,0,0,
Moose Hill Farm,Matt Beverly,2025,5,28,6:38,South Field,No,F,Bobolink,0,0,0,0,0,0,0,
Moose Hill Farm,Matt Beverly,2025,5,28,5:24,Lower Middle Field,No,A,Savannah Sparrow,0,0,0,0,0,0,0,
Moose Hill Farm,Matt Beverly,2025,5,28,6:11,Lower Middle Field,No,C,Savannah Sparrow,0,0,0,0,0,0,0,
Moose Hill Farm,Matt Beverly,2025,5,28,6:00,Upper Middle Field,No,D,Savannah Sparrow,0,0,0,0,0,0,0,
Moose Hill Farm,Matt Beverly,2025,5,28,5:39,Lower Middle Field,No,E,Savannah Sparrow,0,0,0,0,0,0,0,
Moose Hill Farm,Matt Beverly,2025,5,28,6:45,South Field,No,E,Savannah Sparrow,0,0,0,0,0,0,0,
Moose Hill Farm,Matt Beverly,2025,5,28,6:38,South Field,No,F,Savannah Sparrow,0,0,0,0,0,0,0,
Moose Hill Farm,Matt Beverly,2025,5,28,5:24,Lower Middle Field,No,A,Grasshopper Sparrow,0,0,0,0,0,0,0,
Moose Hill Farm,Matt Beverly,2025,5,28,6:11,Lower Middle Field,No,C,Grasshopper Sparrow,0,0,0,0,0,0,0,
Moose Hill Farm,Matt Beverly,2025,5,28,6:00,Upper Middle Field,No,D,Grasshopper Sparrow,0,0,0,0,0,0,0,
Moose Hill Farm,Matt Beverly,2025,5,28,5:39,Lower Middle Field,No,E,Grasshopper Sparrow,0,0,0,0,0,0,0,
Moose Hill Farm,Matt Beverly,2025,5,28,6:45,South Field,No,E,Grasshopper Sparrow,0,0,0,0,0,0,0,
Moose Hill Farm,Matt Beverly,2025,5,28,6:38,South Field,No,F,Grasshopper Sparrow,0,0,0,0,0,0,0,
Moose Hill Farm,Matt Beverly,2025,5,28,5:24,Lower Middle Field,No,A,Eastern Meadowlark,0,0,0,0,0,0,0,
Moose Hill Farm,Matt Beverly,2025,5,28,6:11,Lower Middle Field,No,C,Eastern Meadowlark,0,0,0,0,0,0,0,
Moose Hill Farm,Matt Beverly,2025,5,28,6:00,Upper Middle Field,No,D,Eastern Meadowlark,0,0,0,0,0,0,0,
Moose Hill Farm,Matt Beverly,2025,5,28,5:39,Lower Middle Field,No,E,Eastern Meadowlark,0,0,0,0,0,0,0,
Moose Hill Farm,Matt Beverly,2025,5,28,6:45,South Field,No,E,Eastern Meadowlark,0,0,0,0,0,0,0,
Moose Hill Farm,Matt Beverly,2025,5,28,6:38,South Field,No,F,Eastern Meadowlark,0,0,0,0,0,0,0,
Moose Hill Farm,Kathy Porter,2025,5,30,8:40,Lower Middle Field,No,A,Bobolink,0,0,0,1,0,1,1,
Moose Hill Farm,Kathy Porter,2025,5,30,8:15,Lower Middle Field,No,C,Bobolink,0,0,0,1,0,1,1,
Moose Hill Farm,Kathy Porter,2025,5,30,8:05,Upper Middle Field,No,D,Bobolink,0,0,0,0,0,0,0,
Moose Hill Farm,Kathy Porter,2025,5,30,7:52,Lower Middle Field,No,E,Bobolink,1,0,1,0,0,0,1,
Moose Hill Farm,Kathy Porter,2025,5,30,8:00,South Field,No,E,Bobolink,0,0,0,0,0,0,0,
Moose Hill Farm,Kathy Porter,2025,5,30,8:27,South Field,No,F,Bobolink,0,0,0,0,0,0,0,
Moose Hill Farm,Kathy Porter,2025,5,30,8:40,Lower Middle Field,No,A,Savannah Sparrow,0,0,0,0,0,0,0,
Moose Hill Farm,Kathy Porter,2025,5,30,8:15,Lower Middle Field,No,C,Savannah Sparrow,0,0,0,0,0,0,0,
Moose Hill Farm,Kathy Porter,2025,5,30,8:05,Upper Middle Field,No,D,Savannah Sparrow,0,0,0,0,0,0,0,
Moose Hill Farm,Kathy Porter,2025,5,30,7:52,Lower Middle Field,No,E,Savannah Sparrow,0,0,0,0,0,0,0,
Moose Hill Farm,Kathy Porter,2025,5,30,8:00,South Field,No,E,Savannah Sparrow,0,0,0,0,0,0,0,
Moose Hill Farm,Kathy Porter,2025,5,30,8:27,South Field,No,F,Savannah Sparrow,0,0,0,0,0,0,0,
Moose Hill Farm,Kathy Porter,2025,5,30,8:40,Lower Middle Field,No,A,Grasshopper Sparrow,0,0,0,0,0,0,0,
Moose Hill Farm,Kathy Porter,2025,5,30,8:15,Lower Middle Field,No,C,Grasshopper Sparrow,0,0,0,0,0,0,0,
Moose Hill Farm,Kathy Porter,2025,5,30,8:05,Upper Middle Field,No,D,Grasshopper Sparrow,0,0,0,0,0,0,0,
Moose Hill Farm,Kathy Porter,2025,5,30,7:52,Lower Middle Field,No,E,Grasshopper Sparrow,0,0,0,0,0,0,0,
Moose Hill Farm,Kathy Porter,2025,5,30,8:00,South Field,No,E,Grasshopper Sparrow,0,0,0,0,0,0,0,
Moose Hill Farm,Kathy Porter,2025,5,30,8:27,South Field,No,F,Grasshopper Sparrow,0,0,0,0,0,0,0,
Moose Hill Farm,Kathy Porter,2025,5,30,8:40,Lower Middle Field,No,A,Eastern Meadowlark,0,0,0,0,0,0,0,
Moose Hill Farm,Kathy Porter,2025,5,30,8:15,Lower Middle Field,No,C,Eastern Meadowlark,0,0,0,0,0,0,0,
Moose Hill Farm,Kathy Porter,2025,5,30,8:05,Upper Middle Field,No,D,Eastern Meadowlark,0,0,0,0,0,0,0,
Moose Hill Farm,Kathy Porter,2025,5,30,7:52,Lower Middle Field,No,E,Eastern Meadowlark,0,0,0,0,0,0,0,
Moose Hill Farm,Kathy Porter,2025,5,30,8:00,South Field,No,E,Eastern Meadowlark,0,0,0,0,0,0,0,
Moose Hill Farm,Kathy Porter,2025,5,30,8:27,South Field,No,F,Eastern Meadowlark,0,0,0,0,0,0,0,
Moose Hill Farm,Matt Beverly,2025,6,1,5:48,Lower Middle Field,No,A,Bobolink,0,0,0,1,0,1,1,
Moose Hill Farm,Matt Beverly,2025,6,1,6:30,Lower Middle Field,No,C,Bobolink,0,0,0,0,0,0,0,
Moose Hill Farm,Matt Beverly,2025,6,1,6:19,Upper Middle Field,No,D,Bobolink,0,0,0,2,0,2,2,
Moose Hill Farm,Matt Beverly,2025,6,1,6:03,Lower Middle Field,No,E,Bobolink,0,0,0,0,0,0,0,
Moose Hill Farm,Matt Beverly,2025,6,1,6:08,South Field,No,E,Bobolink,0,0,0,0,0,0,0,
Moose Hill Farm,Matt Beverly,2025,6,1,6:53,South Field,No,F,Bobolink,0,0,0,0,0,0,0,
Moose Hill Farm,Matt Beverly,2025,6,1,5:48,Lower Middle Field,No,A,Savannah Sparrow,0,0,0,0,0,0,0,
Moose Hill Farm,Matt Beverly,2025,6,1,6:30,Lower Middle Field,No,C,Savannah Sparrow,0,0,0,0,0,0,0,
Moose Hill Farm,Matt Beverly,2025,6,1,6:19,Upper Middle Field,No,D,Savannah Sparrow,0,0,0,0,0,0,0,
Moose Hill Farm,Matt Beverly,2025,6,1,6:03,Lower Middle Field,No,E,Savannah Sparrow,0,0,0,0,0,0,0,
Moose Hill Farm,Matt Beverly,2025,6,1,6:08,South Field,No,E,Savannah Sparrow,0,0,0,0,0,0,0,
Moose Hill Farm,Matt Beverly,2025,6,1,6:53,South Field,No,F,Savannah Sparrow,0,0,0,0,0,0,0,
Moose Hill Farm,Matt Beverly,2025,6,1,5:48,Lower Middle Field,No,A,Grasshopper Sparrow,0,0,0,0,0,0,0,
Moose Hill Farm,Matt Beverly,2025,6,1,6:30,Lower Middle Field,No,C,Grasshopper Sparrow,0,0,0,0,0,0,0,
Moose Hill Farm,Matt Beverly,2025,6,1,6:19,Upper Middle Field,No,D,Grasshopper Sparrow,0,0,0,0,0,0,0,
Moose Hill Farm,Matt Beverly,2025,6,1,6:03,Lower Middle Field,No,E,Grasshopper Sparrow,0,0,0,0,0,0,0,
Moose Hill Farm,Matt Beverly,2025,6,1,6:08,South Field,No,E,Grasshopper Sparrow,0,0,0,0,0,0,0,
Moose Hill Farm,Matt Beverly,2025,6,1,6:53,South Field,No,F,Grasshopper Sparrow,0,0,0,0,0,0,0,
Moose Hill Farm,Matt Beverly,2025,6,1,5:48,Lower Middle Field,No,A,Eastern Meadowlark,0,0,0,0,0,0,0,
Moose Hill Farm,Matt Beverly,2025,6,1,6:30,Lower Middle Field,No,C,Eastern Meadowlark,0,0,0,0,0,0,0,
Moose Hill Farm,Matt Beverly,2025,6,1,6:19,Upper Middle Field,No,D,Eastern Meadowlark,0,0,0,0,0,0,0,
Moose Hill Farm,Matt Beverly,2025,6,1,6:03,Lower Middle Field,No,E,Eastern Meadowlark,0,0,0,0,0,0,0,
Moose Hill Farm,Matt Beverly,2025,6,1,6:08,South Field,No,E,Eastern Meadowlark,0,0,0,0,0,0,0,
Moose Hill Farm,Matt Beverly,2025,6,1,6:53,South Field,No,F,Eastern Meadowlark,0,0,0,0,0,0,0,
Moose Hill Farm,Matt Beverly,2025,6,5,NA,Lower Middle Field,No,A,Bobolink,0,0,0,1,0,1,1,
Moose Hill Farm,Matt Beverly,2025,6,5,NA,Lower Middle Field,No,C,Bobolink,0,0,0,0,0,0,0,
Moose Hill Farm,Matt Beverly,2025,6,5,NA,Upper Middle Field,No,D,Bobolink,0,0,0,2,0,2,2,
Moose Hill Farm,Matt Beverly,2025,6,5,NA,Lower Middle Field,No,E,Bobolink,0,0,0,0,0,0,0,
Moose Hill Farm,Matt Beverly,2025,6,5,NA,South Field,No,E,Bobolink,0,0,0,0,0,0,0,
Moose Hill Farm,Matt Beverly,2025,6,5,NA,South Field,No,F,Bobolink,0,0,0,0,0,0,0,
Moose Hill Farm,Matt Beverly,2025,6,5,NA,Lower Middle Field,No,A,Savannah Sparrow,0,0,0,0,0,0,0,
Moose Hill Farm,Matt Beverly,2025,6,5,NA,Lower Middle Field,No,C,Savannah Sparrow,0,0,0,0,0,0,0,
Moose Hill Farm,Matt Beverly,2025,6,5,NA,Upper Middle Field,No,D,Savannah Sparrow,0,0,0,0,0,0,0,
Moose Hill Farm,Matt Beverly,2025,6,5,NA,Lower Middle Field,No,E,Savannah Sparrow,0,0,0,0,0,0,0,
Moose Hill Farm,Matt Beverly,2025,6,5,NA,South Field,No,E,Savannah Sparrow,0,0,0,0,0,0,0,
Moose Hill Farm,Matt Beverly,2025,6,5,NA,South Field,No,F,Savannah Sparrow,0,0,0,0,0,0,0,
Moose Hill Farm,Matt Beverly,2025,6,5,NA,Lower Middle Field,No,A,Grasshopper Sparrow,0,0,0,0,0,0,0,
Moose Hill Farm,Matt Beverly,2025,6,5,NA,Lower Middle Field,No,C,Grasshopper Sparrow,0,0,0,0,0,0,0,
Moose Hill Farm,Matt Beverly,2025,6,5,NA,Upper Middle Field,No,D,Grasshopper Sparrow,0,0,0,0,0,0,0,
Moose Hill Farm,Matt Beverly,2025,6,5,NA,Lower Middle Field,No,E,Grasshopper Sparrow,0,0,0,0,0,0,0,
Moose Hill Farm,Matt Beverly,2025,6,5,NA,South Field,No,E,Grasshopper Sparrow,0,0,0,0,0,0,0,
Moose Hill Farm,Matt Beverly,2025,6,5,NA,South Field,No,F,Grasshopper Sparrow,0,0,0,0,0,0,0,
Moose Hill Farm,Matt Beverly,2025,6,5,NA,Lower Middle Field,No,A,Eastern Meadowlark,0,0,0,0,0,0,0,
Moose Hill Farm,Matt Beverly,2025,6,5,NA,Lower Middle Field,No,C,Eastern Meadowlark,0,0,0,0,0,0,0,
Moose Hill Farm,Matt Beverly,2025,6,5,NA,Upper Middle Field,No,D,Eastern Meadowlark,0,0,0,0,0,0,0,
Moose Hill Farm,Matt Beverly,2025,6,5,NA,Lower Middle Field,No,E,Eastern Meadowlark,0,0,0,0,0,0,0,
Moose Hill Farm,Matt Beverly,2025,6,5,NA,South Field,No,E,Eastern Meadowlark,0,0,0,0,0,0,0,
Moose Hill Farm,Matt Beverly,2025,6,5,NA,South Field,No,F,Eastern Meadowlark,0,0,0,0,0,0,0,
Moose Hill Farm,Matt Beverly,2025,6,9,NA,Lower Middle Field,No,A,Bobolink,0,0,0,0,0,0,0,
Moose Hill Farm,Matt Beverly,2025,6,9,NA,Lower Middle Field,No,C,Bobolink,0,0,0,0,0,0,0,
Moose Hill Farm,Matt Beverly,2025,6,9,NA,Upper Middle Field,No,D,Bobolink,0,0,0,1,0,1,1,
Moose Hill Farm,Matt Beverly,2025,6,9,NA,Lower Middle Field,No,E,Bobolink,0,0,0,0,0,0,0,
Moose Hill Farm,Matt Beverly,2025,6,9,NA,South Field,No,E,Bobolink,0,0,0,0,0,0,0,
Moose Hill Farm,Matt Beverly,2025,6,9,NA,South Field,No,F,Bobolink,0,0,0,0,0,0,0,
Moose Hill Farm,Matt Beverly,2025,6,9,NA,Lower Middle Field,No,A,Savannah Sparrow,0,0,0,0,0,0,0,
Moose Hill Farm,Matt Beverly,2025,6,9,NA,Lower Middle Field,No,C,Savannah Sparrow,0,0,0,0,0,0,0,
Moose Hill Farm,Matt Beverly,2025,6,9,NA,Upper Middle Field,No,D,Savannah Sparrow,0,0,0,0,0,0,0,
Moose Hill Farm,Matt Beverly,2025,6,9,NA,Lower Middle Field,No,E,Savannah Sparrow,0,0,0,0,0,0,0,
Moose Hill Farm,Matt Beverly,2025,6,9,NA,South Field,No,E,Savannah Sparrow,0,0,0,0,0,0,0,
Moose Hill Farm,Matt Beverly,2025,6,9,NA,South Field,No,F,Savannah Sparrow,0,0,0,0,0,0,0,
Moose Hill Farm,Matt Beverly,2025,6,9,NA,Lower Middle Field,No,A,Grasshopper Sparrow,0,0,0,0,0,0,0,
Moose Hill Farm,Matt Beverly,2025,6,9,NA,Lower Middle Field,No,C,Grasshopper Sparrow,0,0,0,0,0,0,0,
Moose Hill Farm,Matt Beverly,2025,6,9,NA,Upper Middle Field,No,D,Grasshopper Sparrow,0,0,0,0,0,0,0,
Moose Hill Farm,Matt Beverly,2025,6,9,NA,Lower Middle Field,No,E,Grasshopper Sparrow,0,0,0,0,0,0,0,
Moose Hill Farm,Matt Beverly,2025,6,9,NA,South Field,No,E,Grasshopper Sparrow,0,0,0,0,0,0,0,
Moose Hill Farm,Matt Beverly,2025,6,9,NA,South Field,No,F,Grasshopper Sparrow,0,0,0,0,0,0,0,
Moose Hill Farm,Matt Beverly,2025,6,9,NA,Lower Middle Field,No,A,Eastern Meadowlark,0,0,0,0,0,0,0,
Moose Hill Farm,Matt Beverly,2025,6,9,NA,Lower Middle Field,No,C,Eastern Meadowlark,0,0,0,0,0,0,0,
Moose Hill Farm,Matt Beverly,2025,6,9,NA,Upper Middle Field,No,D,Eastern Meadowlark,0,0,0,0,0,0,0,
Moose Hill Farm,Matt Beverly,2025,6,9,NA,Lower Middle Field,No,E,Eastern Meadowlark,0,0,0,0,0,0,0,
Moose Hill Farm,Matt Beverly,2025,6,9,NA,South Field,No,E,Eastern Meadowlark,0,0,0,0,0,0,0,
Moose Hill Farm,Matt Beverly,2025,6,9,NA,South Field,No,F,Eastern Meadowlark,0,0,0,0,0,0,0,
Moose Hill Farm,Matt Beverly,2025,6,17,5:26,Lower Middle Field,No,A,Bobolink,0,0,0,0,1,1,1,
Moose Hill Farm,Matt Beverly,2025,6,17,5:54,Lower Middle Field,No,C,Bobolink,0,0,0,0,0,0,0,
Moose Hill Farm,Matt Beverly,2025,6,17,5:44,Upper Middle Field,No,D,Bobolink,0,0,0,2,1,3,3,
Moose Hill Farm,Matt Beverly,2025,6,17,5:26,Lower Middle Field,No,E,Bobolink,0,0,0,0,0,0,0,
Moose Hill Farm,Matt Beverly,2025,6,17,5:33,South Field,No,E,Bobolink,0,0,0,0,0,0,0,
Moose Hill Farm,Matt Beverly,2025,6,17,6:25,South Field,No,F,Bobolink,0,0,0,0,0,0,0,
Moose Hill Farm,Matt Beverly,2025,6,17,5:26,Lower Middle Field,No,A,Savannah Sparrow,0,0,0,0,0,0,0,
Moose Hill Farm,Matt Beverly,2025,6,17,5:54,Lower Middle Field,No,C,Savannah Sparrow,0,0,0,0,0,0,0,
Moose Hill Farm,Matt Beverly,2025,6,17,5:44,Upper Middle Field,No,D,Savannah Sparrow,0,0,0,0,0,0,0,
Moose Hill Farm,Matt Beverly,2025,6,17,5:26,Lower Middle Field,No,E,Savannah Sparrow,0,0,0,0,0,0,0,
Moose Hill Farm,Matt Beverly,2025,6,17,5:33,South Field,No,E,Savannah Sparrow,0,0,0,0,0,0,0,
Moose Hill Farm,Matt Beverly,2025,6,17,6:25,South Field,No,F,Savannah Sparrow,0,0,0,0,0,0,0,
Moose Hill Farm,Matt Beverly,2025,6,17,5:26,Lower Middle Field,No,A,Grasshopper Sparrow,0,0,0,0,0,0,0,
Moose Hill Farm,Matt Beverly,2025,6,17,5:54,Lower Middle Field,No,C,Grasshopper Sparrow,0,0,0,0,0,0,0,
Moose Hill Farm,Matt Beverly,2025,6,17,5:44,Upper Middle Field,No,D,Grasshopper Sparrow,0,0,0,0,0,0,0,
Moose Hill Farm,Matt Beverly,2025,6,17,5:26,Lower Middle Field,No,E,Grasshopper Sparrow,0,0,0,0,0,0,0,
Moose Hill Farm,Matt Beverly,2025,6,17,5:33,South Field,No,E,Grasshopper Sparrow,0,0,0,0,0,0,0,
Moose Hill Farm,Matt Beverly,2025,6,17,6:25,South Field,No,F,Grasshopper Sparrow,0,0,0,0,0,0,0,
Moose Hill Farm,Matt Beverly,2025,6,17,5:26,Lower Middle Field,No,A,Eastern Meadowlark,0,0,0,0,0,0,0,
Moose Hill Farm,Matt Beverly,2025,6,17,5:54,Lower Middle Field,No,C,Eastern Meadowlark,0,0,0,0,0,0,0,
Moose Hill Farm,Matt Beverly,2025,6,17,5:44,Upper Middle Field,No,D,Eastern Meadowlark,0,0,0,0,0,0,0,
Moose Hill Farm,Matt Beverly,2025,6,17,5:26,Lower Middle Field,No,E,Eastern Meadowlark,0,0,0,0,0,0,0,
Moose Hill Farm,Matt Beverly,2025,6,17,5:33,South Field,No,E,Eastern Meadowlark,0,0,0,0,0,0,0,
Moose Hill Farm,Matt Beverly,2025,6,17,6:25,South Field,No,F,Eastern Meadowlark,0,0,0,0,0,0,0,
Moose Hill Farm,Matt Beverly,2025,6,21,5:30,Lower Middle Field,No,A,Bobolink,0,0,0,0,0,0,0,
Moose Hill Farm,Matt Beverly,2025,6,21,6:11,Lower Middle Field,No,C,Bobolink,0,0,0,0,0,0,0,
Moose Hill Farm,Matt Beverly,2025,6,21,6:01,Upper Middle Field,No,D,Bobolink,0,0,0,0,0,0,0,
Moose Hill Farm,Matt Beverly,2025,6,21,5:43,Lower Middle Field,No,E,Bobolink,0,0,0,0,0,0,0,
Moose Hill Farm,Matt Beverly,2025,6,21,5:49,South Field,No,E,Bobolink,0,0,0,0,0,0,0,
Moose Hill Farm,Matt Beverly,2025,6,21,6:36,South Field,No,F,Bobolink,0,0,0,0,0,0,0,
Moose Hill Farm,Matt Beverly,2025,6,21,5:30,Lower Middle Field,No,A,Savannah Sparrow,0,0,0,0,0,0,0,
Moose Hill Farm,Matt Beverly,2025,6,21,6:11,Lower Middle Field,No,C,Savannah Sparrow,0,0,0,0,0,0,0,
Moose Hill Farm,Matt Beverly,2025,6,21,6:01,Upper Middle Field,No,D,Savannah Sparrow,0,0,0,0,0,0,0,
Moose Hill Farm,Matt Beverly,2025,6,21,5:43,Lower Middle Field,No,E,Savannah Sparrow,0,0,0,0,0,0,0,
Moose Hill Farm,Matt Beverly,2025,6,21,5:49,South Field,No,E,Savannah Sparrow,0,0,0,0,0,0,0,
Moose Hill Farm,Matt Beverly,2025,6,21,6:36,South Field,No,F,Savannah Sparrow,0,0,0,0,0,0,0,
Moose Hill Farm,Matt Beverly,2025,6,21,5:30,Lower Middle Field,No,A,Grasshopper Sparrow,0,0,0,0,0,0,0,
Moose Hill Farm,Matt Beverly,2025,6,21,6:11,Lower Middle Field,No,C,Grasshopper Sparrow,0,0,0,0,0,0,0,
Moose Hill Farm,Matt Beverly,2025,6,21,6:01,Upper Middle Field,No,D,Grasshopper Sparrow,0,0,0,0,0,0,0,
Moose Hill Farm,Matt Beverly,2025,6,21,5:43,Lower Middle Field,No,E,Grasshopper Sparrow,0,0,0,0,0,0,0,
Moose Hill Farm,Matt Beverly,2025,6,21,5:49,South Field,No,E,Grasshopper Sparrow,0,0,0,0,0,0,0,
Moose Hill Farm,Matt Beverly,2025,6,21,6:36,South Field,No,F,Grasshopper Sparrow,0,0,0,0,0,0,0,
Moose Hill Farm,Matt Beverly,2025,6,21,5:30,Lower Middle Field,No,A,Eastern Meadowlark,0,0,0,0,0,0,0,
Moose Hill Farm,Matt Beverly,2025,6,21,6:11,Lower Middle Field,No,C,Eastern Meadowlark,0,0,0,0,0,0,0,
Moose Hill Farm,Matt Beverly,2025,6,21,6:01,Upper Middle Field,No,D,Eastern Meadowlark,0,0,0,0,0,0,0,
Moose Hill Farm,Matt Beverly,2025,6,21,5:43,Lower Middle Field,No,E,Eastern Meadowlark,0,0,0,0,0,0,0,
Moose Hill Farm,Matt Beverly,2025,6,21,5:49,South Field,No,E,Eastern Meadowlark,0,0,0,0,0,0,0,
Moose Hill Farm,Matt Beverly,2025,6,21,6:36,South Field,No,F,Eastern Meadowlark,0,0,0,0,0,0,0,
Moose Hill Farm,Sam Schmitz,2025,6,26,10:39,Lower Middle Field,No,A,Bobolink,0,0,0,0,0,0,0,
Moose Hill Farm,Sam Schmitz,2025,6,26,9:55,Lower Middle Field,No,C,Bobolink,0,0,0,0,0,0,0,
Moose Hill Farm,Sam Schmitz,2025,6,26,9:34,Upper Middle Field,No,D,Bobolink,0,0,0,0,0,0,0,
Moose Hill Farm,Sam Schmitz,2025,6,26,9:28,Lower Middle Field,No,E,Bobolink,0,0,0,0,0,0,0,
Moose Hill Farm,Sam Schmitz,2025,6,26,9:23,South Field,No,E,Bobolink,0,0,0,0,0,0,0,
Moose Hill Farm,Sam Schmitz,2025,6,26,10:22,South Field,No,F,Bobolink,0,0,0,0,0,0,0,
Moose Hill Farm,Sam Schmitz,2025,6,26,10:39,Lower Middle Field,No,A,Savannah Sparrow,0,0,0,0,0,0,0,
Moose Hill Farm,Sam Schmitz,2025,6,26,9:55,Lower Middle Field,No,C,Savannah Sparrow,0,0,0,0,0,0,0,
Moose Hill Farm,Sam Schmitz,2025,6,26,9:34,Upper Middle Field,No,D,Savannah Sparrow,0,0,0,0,0,0,0,
Moose Hill Farm,Sam Schmitz,2025,6,26,9:28,Lower Middle Field,No,E,Savannah Sparrow,0,0,0,0,0,0,0,
Moose Hill Farm,Sam Schmitz,2025,6,26,9:23,South Field,No,E,Savannah Sparrow,0,0,0,0,0,0,0,
Moose Hill Farm,Sam Schmitz,2025,6,26,10:22,South Field,No,F,Savannah Sparrow,0,0,0,0,0,0,0,
Moose Hill Farm,Sam Schmitz,2025,6,26,10:39,Lower Middle Field,No,A,Grasshopper Sparrow,0,0,0,0,0,0,0,
Moose Hill Farm,Sam Schmitz,2025,6,26,9:55,Lower Middle Field,No,C,Grasshopper Sparrow,0,0,0,0,0,0,0,
Moose Hill Farm,Sam Schmitz,2025,6,26,9:34,Upper Middle Field,No,D,Grasshopper Sparrow,0,0,0,0,0,0,0,
Moose Hill Farm,Sam Schmitz,2025,6,26,9:28,Lower Middle Field,No,E,Grasshopper Sparrow,0,0,0,0,0,0,0,
Moose Hill Farm,Sam Schmitz,2025,6,26,9:23,South Field,No,E,Grasshopper Sparrow,0,0,0,0,0,0,0,
Moose Hill Farm,Sam Schmitz,2025,6,26,10:22,South Field,No,F,Grasshopper Sparrow,0,0,0,0,0,0,0,
Moose Hill Farm,Sam Schmitz,2025,6,26,10:39,Lower Middle Field,No,A,Eastern Meadowlark,0,0,0,0,0,0,0,
Moose Hill Farm,Sam Schmitz,2025,6,26,9:55,Lower Middle Field,No,C,Eastern Meadowlark,0,0,0,0,0,0,0,
Moose Hill Farm,Sam Schmitz,2025,6,26,9:34,Upper Middle Field,No,D,Eastern Meadowlark,0,0,0,0,0,0,0,
Moose Hill Farm,Sam Schmitz,2025,6,26,9:28,Lower Middle Field,No,E,Eastern Meadowlark,0,0,0,0,0,0,0,
Moose Hill Farm,Sam Schmitz,2025,6,26,9:23,South Field,No,E,Eastern Meadowlark,0,0,0,0,0,0,0,
Moose Hill Farm,Sam Schmitz,2025,6,26,10:22,South Field,No,F,Eastern Meadowlark,0,0,0,0,0,1,1,
Moose Hill Farm,Matt Beverly,2025,6,27,5:23,Lower Middle Field,No,A,Bobolink,0,0,0,0,0,0,0,
Moose Hill Farm,Matt Beverly,2025,6,27,6:03,Lower Middle Field,No,C,Bobolink,0,0,0,0,0,0,0,
Moose Hill Farm,Matt Beverly,2025,6,27,5:53,Upper Middle Field,No,D,Bobolink,0,0,0,0,0,0,0,
Moose Hill Farm,Matt Beverly,2025,6,27,5:37,Lower Middle Field,No,E,Bobolink,0,0,0,0,0,0,0,
Moose Hill Farm,Matt Beverly,2025,6,27,5:42,South Field,No,E,Bobolink,0,0,0,0,0,0,0,
Moose Hill Farm,Matt Beverly,2025,6,27,6:29,South Field,No,F,Bobolink,0,0,0,0,0,0,0,
Moose Hill Farm,Matt Beverly,2025,6,27,5:23,Lower Middle Field,No,A,Savannah Sparrow,0,0,0,0,0,0,0,
Moose Hill Farm,Matt Beverly,2025,6,27,6:03,Lower Middle Field,No,C,Savannah Sparrow,0,0,0,0,0,0,0,
Moose Hill Farm,Matt Beverly,2025,6,27,5:53,Upper Middle Field,No,D,Savannah Sparrow,0,0,0,0,0,0,0,
Moose Hill Farm,Matt Beverly,2025,6,27,5:37,Lower Middle Field,No,E,Savannah Sparrow,0,0,0,0,0,0,0,
Moose Hill Farm,Matt Beverly,2025,6,27,5:42,South Field,No,E,Savannah Sparrow,0,0,0,0,0,0,0,
Moose Hill Farm,Matt Beverly,2025,6,27,6:29,South Field,No,F,Savannah Sparrow,0,0,0,0,0,0,0,
Moose Hill Farm,Matt Beverly,2025,6,27,5:23,Lower Middle Field,No,A,Grasshopper Sparrow,0,0,0,0,0,0,0,
Moose Hill Farm,Matt Beverly,2025,6,27,6:03,Lower Middle Field,No,C,Grasshopper Sparrow,0,0,0,0,0,0,0,
Moose Hill Farm,Matt Beverly,2025,6,27,5:53,Upper Middle Field,No,D,Grasshopper Sparrow,0,0,0,0,0,0,0,
Moose Hill Farm,Matt Beverly,2025,6,27,5:37,Lower Middle Field,No,E,Grasshopper Sparrow,0,0,0,0,0,0,0,
Moose Hill Farm,Matt Beverly,2025,6,27,5:42,South Field,No,E,Grasshopper Sparrow,0,0,0,0,0,0,0,
Moose Hill Farm,Matt Beverly,2025,6,27,6:29,South Field,No,F,Grasshopper Sparrow,0,0,0,0,0,0,0,
Moose Hill Farm,Matt Beverly,2025,6,27,5:23,Lower Middle Field,No,A,Eastern Meadowlark,0,0,0,0,0,0,0,
Moose Hill Farm,Matt Beverly,2025,6,27,6:03,Lower Middle Field,No,C,Eastern Meadowlark,0,0,0,0,0,0,0,
Moose Hill Farm,Matt Beverly,2025,6,27,5:53,Upper Middle Field,No,D,Eastern Meadowlark,0,0,0,0,0,0,0,
Moose Hill Farm,Matt Beverly,2025,6,27,5:37,Lower Middle Field,No,E,Eastern Meadowlark,0,0,0,0,0,0,0,
Moose Hill Farm,Matt Beverly,2025,6,27,5:42,South Field,No,E,Eastern Meadowlark,0,0,0,0,0,0,0,
Moose Hill Farm,Matt Beverly,2025,6,27,6:29,South Field,No,F,Eastern Meadowlark,0,0,0,0,0,0,0,
Moose Hill Farm,Matt Beverly,2025,7,3,5:17,Lower Middle Field,No,A,Bobolink,0,0,0,0,0,0,0,
Moose Hill Farm,Matt Beverly,2025,7,3,5:55,Lower Middle Field,No,C,Bobolink,0,0,0,0,0,0,0,
Moose Hill Farm,Matt Beverly,2025,7,3,5:46,Upper Middle Field,No,D,Bobolink,0,0,0,0,0,0,0,
Moose Hill Farm,Matt Beverly,2025,7,3,5:30,Lower Middle Field,No,E,Bobolink,0,0,0,0,0,0,0,
Moose Hill Farm,Matt Beverly,2025,7,3,5:36,South Field,No,E,Bobolink,0,0,0,0,0,0,0,
Moose Hill Farm,Matt Beverly,2025,7,3,6:18,South Field,No,F,Bobolink,0,0,0,0,0,0,0,
Moose Hill Farm,Matt Beverly,2025,7,3,5:17,Lower Middle Field,No,A,Savannah Sparrow,0,0,0,0,0,0,0,
Moose Hill Farm,Matt Beverly,2025,7,3,5:55,Lower Middle Field,No,C,Savannah Sparrow,0,0,0,0,0,0,0,
Moose Hill Farm,Matt Beverly,2025,7,3,5:46,Upper Middle Field,No,D,Savannah Sparrow,0,0,0,0,0,0,0,
Moose Hill Farm,Matt Beverly,2025,7,3,5:30,Lower Middle Field,No,E,Savannah Sparrow,0,0,0,0,0,0,0,
Moose Hill Farm,Matt Beverly,2025,7,3,5:36,South Field,No,E,Savannah Sparrow,0,0,0,0,0,0,0,
Moose Hill Farm,Matt Beverly,2025,7,3,6:18,South Field,No,F,Savannah Sparrow,0,0,0,0,0,0,0,
Moose Hill Farm,Matt Beverly,2025,7,3,5:17,Lower Middle Field,No,A,Grasshopper Sparrow,0,0,0,0,0,0,0,
Moose Hill Farm,Matt Beverly,2025,7,3,5:55,Lower Middle Field,No,C,Grasshopper Sparrow,0,0,0,0,0,0,0,
Moose Hill Farm,Matt Beverly,2025,7,3,5:46,Upper Middle Field,No,D,Grasshopper Sparrow,0,0,0,0,0,0,0,
Moose Hill Farm,Matt Beverly,2025,7,3,5:30,Lower Middle Field,No,E,Grasshopper Sparrow,0,0,0,0,0,0,0,
Moose Hill Farm,Matt Beverly,2025,7,3,5:36,South Field,No,E,Grasshopper Sparrow,0,0,0,0,0,0,0,
Moose Hill Farm,Matt Beverly,2025,7,3,6:18,South Field,No,F,Grasshopper Sparrow,0,0,0,0,0,0,0,
Moose Hill Farm,Matt Beverly,2025,7,3,5:17,Lower Middle Field,No,A,Eastern Meadowlark,0,0,0,0,0,0,0,
Moose Hill Farm,Matt Beverly,2025,7,3,5:55,Lower Middle Field,No,C,Eastern Meadowlark,0,0,0,0,0,0,0,
Moose Hill Farm,Matt Beverly,2025,7,3,5:46,Upper Middle Field,No,D,Eastern Meadowlark,0,0,0,0,0,0,0,
Moose Hill Farm,Matt Beverly,2025,7,3,5:30,Lower Middle Field,No,E,Eastern Meadowlark,0,0,0,0,0,0,0,
Moose Hill Farm,Matt Beverly,2025,7,3,5:36,South Field,No,E,Eastern Meadowlark,0,0,0,0,0,0,0,
Moose Hill Farm,Matt Beverly,2025,7,3,6:18,South Field,No,F,Eastern Meadowlark,0,0,0,0,0,0,0,
Moose Hill Farm,Matt Beverly,2025,7,7,5:30,Lower Middle Field,No,A,Bobolink,0,0,0,0,0,0,0,
Moose Hill Farm,Matt Beverly,2025,7,7,6:07,Lower Middle Field,No,C,Bobolink,0,0,0,0,0,0,0,
Moose Hill Farm,Matt Beverly,2025,7,7,5:59,Upper Middle Field,No,D,Bobolink,0,0,0,0,0,0,0,
Moose Hill Farm,Matt Beverly,2025,7,7,5:43,Lower Middle Field,No,E,Bobolink,0,0,0,0,0,0,0,
Moose Hill Farm,Matt Beverly,2025,7,7,5:49,South Field,No,E,Bobolink,0,0,0,0,0,0,0,
Moose Hill Farm,Matt Beverly,2025,7,7,6:30,South Field,No,F,Bobolink,0,0,0,0,0,0,0,
Moose Hill Farm,Matt Beverly,2025,7,7,5:30,Lower Middle Field,No,A,Savannah Sparrow,0,0,0,0,0,0,0,
Moose Hill Farm,Matt Beverly,2025,7,7,6:07,Lower Middle Field,No,C,Savannah Sparrow,0,0,0,0,0,0,0,
Moose Hill Farm,Matt Beverly,2025,7,7,5:59,Upper Middle Field,No,D,Savannah Sparrow,0,0,0,0,0,0,0,
Moose Hill Farm,Matt Beverly,2025,7,7,5:43,Lower Middle Field,No,E,Savannah Sparrow,0,0,0,0,0,0,0,
Moose Hill Farm,Matt Beverly,2025,7,7,5:49,South Field,No,E,Savannah Sparrow,0,0,0,0,0,0,0,
Moose Hill Farm,Matt Beverly,2025,7,7,6:30,South Field,No,F,Savannah Sparrow,0,0,0,0,0,0,0,
Moose Hill Farm,Matt Beverly,2025,7,7,5:30,Lower Middle Field,No,A,Grasshopper Sparrow,0,0,0,0,0,0,0,
Moose Hill Farm,Matt Beverly,2025,7,7,6:07,Lower Middle Field,No,C,Grasshopper Sparrow,0,0,0,0,0,0,0,
Moose Hill Farm,Matt Beverly,2025,7,7,5:59,Upper Middle Field,No,D,Grasshopper Sparrow,0,0,0,0,0,0,0,
Moose Hill Farm,Matt Beverly,2025,7,7,5:43,Lower Middle Field,No,E,Grasshopper Sparrow,0,0,0,0,0,0,0,
Moose Hill Farm,Matt Beverly,2025,7,7,5:49,South Field,No,E,Grasshopper Sparrow,0,0,0,0,0,0,0,
Moose Hill Farm,Matt Beverly,2025,7,7,6:30,South Field,No,F,Grasshopper Sparrow,0,0,0,0,0,0,0,
Moose Hill Farm,Matt Beverly,2025,7,7,5:30,Lower Middle Field,No,A,Eastern Meadowlark,0,0,0,0,0,0,0,
Moose Hill Farm,Matt Beverly,2025,7,7,6:07,Lower Middle Field,No,C,Eastern Meadowlark,0,0,0,0,0,0,0,
Moose Hill Farm,Matt Beverly,2025,7,7,5:59,Upper Middle Field,No,D,Eastern Meadowlark,0,0,0,0,0,0,0,
Moose Hill Farm,Matt Beverly,2025,7,7,5:43,Lower Middle Field,No,E,Eastern Meadowlark,0,0,0,0,0,0,0,
Moose Hill Farm,Matt Beverly,2025,7,7,5:49,South Field,No,E,Eastern Meadowlark,0,0,0,0,0,0,0,
Moose Hill Farm,Matt Beverly,2025,7,7,6:30,South Field,No,F,Eastern Meadowlark,0,0,0,0,0,0,0,
Moose Hill Farm,Kathy Porter,2025,6,21,9:10,Lower Middle Field,No,A,Bobolink,0,0,0,0,0,0,0,
Moose Hill Farm,Kathy Porter,2025,6,21,8:34,Lower Middle Field,No,C,Bobolink,0,0,0,0,0,0,0,
Moose Hill Farm,Kathy Porter,2025,6,21,8:20,Upper Middle Field,No,D,Bobolink,0,0,0,0,0,0,0,
Moose Hill Farm,Kathy Porter,2025,6,21,8:05,Lower Middle Field,No,E,Bobolink,0,0,0,0,0,0,0,
Moose Hill Farm,Kathy Porter,2025,6,21,8:10,South Field,No,E,Bobolink,0,0,0,0,0,0,0,
Moose Hill Farm,Kathy Porter,2025,6,21,8:51,South Field,No,F,Bobolink,0,0,0,0,0,0,0,
Moose Hill Farm,Kathy Porter,2025,6,21,9:10,Lower Middle Field,No,A,Savannah Sparrow,0,0,0,0,0,0,0,
Moose Hill Farm,Kathy Porter,2025,6,21,8:34,Lower Middle Field,No,C,Savannah Sparrow,0,0,0,0,0,0,0,
Moose Hill Farm,Kathy Porter,2025,6,21,8:20,Upper Middle Field,No,D,Savannah Sparrow,0,0,0,0,0,0,0,
Moose Hill Farm,Kathy Porter,2025,6,21,8:05,Lower Middle Field,No,E,Savannah Sparrow,0,0,0,0,0,0,0,
Moose Hill Farm,Kathy Porter,2025,6,21,8:10,South Field,No,E,Savannah Sparrow,0,0,0,0,0,0,0,
Moose Hill Farm,Kathy Porter,2025,6,21,8:51,South Field,No,F,Savannah Sparrow,0,0,0,0,0,0,0,
Moose Hill Farm,Kathy Porter,2025,6,21,9:10,Lower Middle Field,No,A,Grasshopper Sparrow,0,0,0,0,0,0,0,
Moose Hill Farm,Kathy Porter,2025,6,21,8:34,Lower Middle Field,No,C,Grasshopper Sparrow,0,0,0,0,0,0,0,
Moose Hill Farm,Kathy Porter,2025,6,21,8:20,Upper Middle Field,No,D,Grasshopper Sparrow,0,0,0,0,0,0,0,
Moose Hill Farm,Kathy Porter,2025,6,21,8:05,Lower Middle Field,No,E,Grasshopper Sparrow,0,0,0,0,0,0,0,
Moose Hill Farm,Kathy Porter,2025,6,21,8:10,South Field,No,E,Grasshopper Sparrow,0,0,0,0,0,0,0,
Moose Hill Farm,Kathy Porter,2025,6,21,8:51,South Field,No,F,Grasshopper Sparrow,0,0,0,0,0,0,0,
Moose Hill Farm,Kathy Porter,2025,6,21,9:10,Lower Middle Field,No,A,Eastern Meadowlark,0,0,0,0,0,0,0,
Moose Hill Farm,Kathy Porter,2025,6,21,8:34,Lower Middle Field,No,C,Eastern Meadowlark,0,0,0,0,0,0,0,
Moose Hill Farm,Kathy Porter,2025,6,21,8:20,Upper Middle Field,No,D,Eastern Meadowlark,0,0,0,0,0,0,0,
Moose Hill Farm,Kathy Porter,2025,6,21,8:05,Lower Middle Field,No,E,Eastern Meadowlark,0,0,0,0,0,0,0,
Moose Hill Farm,Kathy Porter,2025,6,21,8:10,South Field,No,E,Eastern Meadowlark,0,0,0,0,0,0,0,
Moose Hill Farm,Kathy Porter,2025,6,21,8:51,South Field,No,F,Eastern Meadowlark,0,0,0,0,0,0,0,
Naumkeag,Laura Vidale and Henri Dam,2025,5,8,8:43,West Meadow,No,A,Bobolink,0,0,0,0,0,0,0,
Naumkeag,Laura Vidale and Henri Dam,2025,5,8,8:52,West Meadow,No,B,Bobolink,0,0,0,0,0,0,0,
Naumkeag,Laura Vidale and Henri Dam,2025,5,8,9:07,West Meadow,No,C,Bobolink,0,0,0,0,0,0,0,
Naumkeag,Laura Vidale and Henri Dam,2025,5,8,9:02,East Meadow,No,C,Bobolink,0,0,0,0,0,0,0,
Naumkeag,Laura Vidale and Henri Dam,2025,5,8,9:15,West Meadow,No,D,Bobolink,0,0,0,0,0,0,0,
Naumkeag,Laura Vidale and Henri Dam,2025,5,8,9:20,East Meadow,No,D,Bobolink,0,0,0,0,0,0,0,
Naumkeag,Laura Vidale and Henri Dam,2025,5,8,9:28,West Meadow,No,E,Bobolink,0,0,0,0,0,0,0,
Naumkeag,Laura Vidale and Henri Dam,2025,5,8,9:38,East Meadow,No,F,Bobolink,0,0,0,0,0,0,0,
Naumkeag,Laura Vidale and Henri Dam,2025,5,8,8:43,West Meadow,No,A,Savannah Sparrow,0,0,0,0,0,1,1,Bird heard not seen
Naumkeag,Laura Vidale and Henri Dam,2025,5,8,8:52,West Meadow,No,B,Savannah Sparrow,0,0,0,0,0,0,0,
Naumkeag,Laura Vidale and Henri Dam,2025,5,8,9:07,West Meadow,No,C,Savannah Sparrow,0,0,0,0,0,0,0,
Naumkeag,Laura Vidale and Henri Dam,2025,5,8,9:02,East Meadow,No,C,Savannah Sparrow,1,0,1,0,0,0,1,
Naumkeag,Laura Vidale and Henri Dam,2025,5,8,9:15,West Meadow,No,D,Savannah Sparrow,0,0,0,0,0,0,0,
Naumkeag,Laura Vidale and Henri Dam,2025,5,8,9:20,East Meadow,No,D,Savannah Sparrow,0,0,0,0,0,0,0,
Naumkeag,Laura Vidale and Henri Dam,2025,5,8,9:28,West Meadow,No,E,Savannah Sparrow,0,0,0,0,0,0,0,
Naumkeag,Laura Vidale and Henri Dam,2025,5,8,9:38,East Meadow,No,F,Savannah Sparrow,0,0,0,0,0,0,0,
Naumkeag,Laura Vidale and Henri Dam,2025,5,8,8:43,West Meadow,No,A,Grasshopper Sparrow,0,0,0,0,0,0,0,
Naumkeag,Laura Vidale and Henri Dam,2025,5,8,8:52,West Meadow,No,B,Grasshopper Sparrow,0,0,0,0,0,0,0,
Naumkeag,Laura Vidale and Henri Dam,2025,5,8,9:07,West Meadow,No,C,Grasshopper Sparrow,0,0,0,0,0,0,0,
Naumkeag,Laura Vidale and Henri Dam,2025,5,8,9:02,East Meadow,No,C,Grasshopper Sparrow,0,0,0,0,0,0,0,
Naumkeag,Laura Vidale and Henri Dam,2025,5,8,9:15,West Meadow,No,D,Grasshopper Sparrow,0,0,0,0,0,0,0,
Naumkeag,Laura Vidale and Henri Dam,2025,5,8,9:20,East Meadow,No,D,Grasshopper Sparrow,0,0,0,0,0,0,0,
Naumkeag,Laura Vidale and Henri Dam,2025,5,8,9:28,West Meadow,No,E,Grasshopper Sparrow,0,0,0,0,0,0,0,
Naumkeag,Laura Vidale and Henri Dam,2025,5,8,9:38,East Meadow,No,F,Grasshopper Sparrow,0,0,0,0,0,0,0,
Naumkeag,Laura Vidale and Henri Dam,2025,5,8,8:43,West Meadow,No,A,Eastern Meadowlark,0,0,0,0,0,0,0,
Naumkeag,Laura Vidale and Henri Dam,2025,5,8,8:52,West Meadow,No,B,Eastern Meadowlark,0,0,0,0,0,0,0,
Naumkeag,Laura Vidale and Henri Dam,2025,5,8,9:07,West Meadow,No,C,Eastern Meadowlark,0,0,0,0,0,0,0,
Naumkeag,Laura Vidale and Henri Dam,2025,5,8,9:02,East Meadow,No,C,Eastern Meadowlark,0,0,0,0,0,0,0,
Naumkeag,Laura Vidale and Henri Dam,2025,5,8,9:15,West Meadow,No,D,Eastern Meadowlark,0,0,0,0,0,0,0,
Naumkeag,Laura Vidale and Henri Dam,2025,5,8,9:20,East Meadow,No,D,Eastern Meadowlark,0,0,0,0,0,0,0,
Naumkeag,Laura Vidale and Henri Dam,2025,5,8,9:28,West Meadow,No,E,Eastern Meadowlark,0,0,0,0,0,0,0,
Naumkeag,Laura Vidale and Henri Dam,2025,5,8,9:38,East Meadow,No,F,Eastern Meadowlark,0,0,0,0,0,0,0,
Naumkeag,Laura Vidale and Henri Dam,2025,5,14,9:48,West Meadow,Yes,A,Bobolink,0,0,0,0,0,0,0,
Naumkeag,Laura Vidale and Henri Dam,2025,5,14,9:39,West Meadow,Yes,B,Bobolink,0,0,0,0,0,0,0,
Naumkeag,Laura Vidale and Henri Dam,2025,5,14,9:30,West Meadow,Yes,C,Bobolink,0,0,0,0,0,0,0,
Naumkeag,Laura Vidale and Henri Dam,2025,5,14,9:24,East Meadow,No,C,Bobolink,0,0,0,0,0,0,0,
Naumkeag,Laura Vidale and Henri Dam,2025,5,14,9:17,West Meadow,Yes,D,Bobolink,0,0,0,0,0,0,0,
Naumkeag,Laura Vidale and Henri Dam,2025,5,14,9:11,East Meadow,No,D,Bobolink,0,0,0,0,0,0,0,
Naumkeag,Laura Vidale and Henri Dam,2025,5,14,9:04,West Meadow,Yes,E,Bobolink,0,0,0,0,0,0,0,
Naumkeag,Laura Vidale and Henri Dam,2025,5,14,8:57,East Meadow,No,F,Bobolink,0,0,0,0,0,0,0,
Naumkeag,Laura Vidale and Henri Dam,2025,5,14,9:48,West Meadow,Yes,A,Savannah Sparrow,0,0,0,0,0,0,0,
Naumkeag,Laura Vidale and Henri Dam,2025,5,14,9:39,West Meadow,Yes,B,Savannah Sparrow,0,0,0,0,0,0,0,
Naumkeag,Laura Vidale and Henri Dam,2025,5,14,9:30,West Meadow,Yes,C,Savannah Sparrow,0,0,0,0,0,0,0,
Naumkeag,Laura Vidale and Henri Dam,2025,5,14,9:24,East Meadow,No,C,Savannah Sparrow,0,0,0,0,0,0,0,
Naumkeag,Laura Vidale and Henri Dam,2025,5,14,9:17,West Meadow,Yes,D,Savannah Sparrow,0,0,0,0,0,0,0,
Naumkeag,Laura Vidale and Henri Dam,2025,5,14,9:11,East Meadow,No,D,Savannah Sparrow,0,0,0,0,0,0,0,
Naumkeag,Laura Vidale and Henri Dam,2025,5,14,9:04,West Meadow,Yes,E,Savannah Sparrow,0,0,0,0,0,0,0,
Naumkeag,Laura Vidale and Henri Dam,2025,5,14,8:57,East Meadow,No,F,Savannah Sparrow,0,0,0,0,0,0,0,
Naumkeag,Laura Vidale and Henri Dam,2025,5,14,9:48,West Meadow,Yes,A,Grasshopper Sparrow,0,0,0,0,0,0,0,
Naumkeag,Laura Vidale and Henri Dam,2025,5,14,9:39,West Meadow,Yes,B,Grasshopper Sparrow,0,0,0,0,0,0,0,
Naumkeag,Laura Vidale and Henri Dam,2025,5,14,9:30,West Meadow,Yes,C,Grasshopper Sparrow,0,0,0,0,0,0,0,
Naumkeag,Laura Vidale and Henri Dam,2025,5,14,9:24,East Meadow,No,C,Grasshopper Sparrow,0,0,0,0,0,0,0,
Naumkeag,Laura Vidale and Henri Dam,2025,5,14,9:17,West Meadow,Yes,D,Grasshopper Sparrow,0,0,0,0,0,0,0,
Naumkeag,Laura Vidale and Henri Dam,2025,5,14,9:11,East Meadow,No,D,Grasshopper Sparrow,0,0,0,0,0,0,0,
Naumkeag,Laura Vidale and Henri Dam,2025,5,14,9:04,West Meadow,Yes,E,Grasshopper Sparrow,0,0,0,0,0,0,0,
Naumkeag,Laura Vidale and Henri Dam,2025,5,14,8:57,East Meadow,No,F,Grasshopper Sparrow,0,0,0,0,0,0,0,
Naumkeag,Laura Vidale and Henri Dam,2025,5,14,9:48,West Meadow,Yes,A,Eastern Meadowlark,0,0,0,0,0,0,0,
Naumkeag,Laura Vidale and Henri Dam,2025,5,14,9:39,West Meadow,Yes,B,Eastern Meadowlark,0,0,0,0,0,0,0,
Naumkeag,Laura Vidale and Henri Dam,2025,5,14,9:30,West Meadow,Yes,C,Eastern Meadowlark,0,0,0,0,0,0,0,
Naumkeag,Laura Vidale and Henri Dam,2025,5,14,9:24,East Meadow,No,C,Eastern Meadowlark,0,0,0,0,0,0,0,
Naumkeag,Laura Vidale and Henri Dam,2025,5,14,9:17,West Meadow,Yes,D,Eastern Meadowlark,0,0,0,0,0,0,0,
Naumkeag,Laura Vidale and Henri Dam,2025,5,14,9:11,East Meadow,No,D,Eastern Meadowlark,0,0,0,0,0,0,0,
Naumkeag,Laura Vidale and Henri Dam,2025,5,14,9:04,West Meadow,Yes,E,Eastern Meadowlark,0,0,0,0,0,0,0,
Naumkeag,Laura Vidale and Henri Dam,2025,5,14,8:57,East Meadow,No,F,Eastern Meadowlark,0,0,0,0,0,0,0,
Naumkeag,Alice Giarrusso,2025,5,18,12:00,West Meadow,Yes,A,Bobolink,0,0,0,0,0,0,0,
Naumkeag,Alice Giarrusso,2025,5,18,11:50,West Meadow,Yes,B,Bobolink,0,0,0,0,0,0,0,
Naumkeag,Alice Giarrusso,2025,5,18,11:39,West Meadow,Yes,C,Bobolink,0,0,0,0,0,0,0,
Naumkeag,Alice Giarrusso,2025,5,18,11:34,East Meadow,No,C,Bobolink,0,0,0,0,0,0,0,
Naumkeag,Alice Giarrusso,2025,5,18,11:26,West Meadow,Yes,D,Bobolink,0,0,0,0,0,0,0,
Naumkeag,Alice Giarrusso,2025,5,18,11:20,East Meadow,No,D,Bobolink,0,0,0,0,0,0,0,
Naumkeag,Alice Giarrusso,2025,5,18,11:10,West Meadow,Yes,E,Bobolink,0,0,0,0,0,0,0,
Naumkeag,Alice Giarrusso,2025,5,18,12:20,East Meadow,No,F,Bobolink,0,0,0,0,0,0,0,
Naumkeag,Alice Giarrusso,2025,5,18,12:00,West Meadow,Yes,A,Savannah Sparrow,0,0,0,0,0,0,0,
Naumkeag,Alice Giarrusso,2025,5,18,11:50,West Meadow,Yes,B,Savannah Sparrow,0,0,0,0,0,0,0,
Naumkeag,Alice Giarrusso,2025,5,18,11:39,West Meadow,Yes,C,Savannah Sparrow,0,0,0,0,0,0,0,
Naumkeag,Alice Giarrusso,2025,5,18,11:34,East Meadow,No,C,Savannah Sparrow,0,0,0,0,0,0,0,
Naumkeag,Alice Giarrusso,2025,5,18,11:26,West Meadow,Yes,D,Savannah Sparrow,0,0,0,0,0,0,0,
Naumkeag,Alice Giarrusso,2025,5,18,11:20,East Meadow,No,D,Savannah Sparrow,0,0,0,0,0,0,0,
Naumkeag,Alice Giarrusso,2025,5,18,11:10,West Meadow,Yes,E,Savannah Sparrow,0,0,0,0,0,0,0,
Naumkeag,Alice Giarrusso,2025,5,18,12:20,East Meadow,No,F,Savannah Sparrow,0,0,0,0,0,0,0,
Naumkeag,Alice Giarrusso,2025,5,18,12:00,West Meadow,Yes,A,Grasshopper Sparrow,0,0,0,0,0,0,0,
Naumkeag,Alice Giarrusso,2025,5,18,11:50,West Meadow,Yes,B,Grasshopper Sparrow,0,0,0,0,0,0,0,
Naumkeag,Alice Giarrusso,2025,5,18,11:39,West Meadow,Yes,C,Grasshopper Sparrow,0,0,0,0,0,0,0,
Naumkeag,Alice Giarrusso,2025,5,18,11:34,East Meadow,No,C,Grasshopper Sparrow,0,0,0,0,0,0,0,
Naumkeag,Alice Giarrusso,2025,5,18,11:26,West Meadow,Yes,D,Grasshopper Sparrow,0,0,0,0,0,0,0,
Naumkeag,Alice Giarrusso,2025,5,18,11:20,East Meadow,No,D,Grasshopper Sparrow,0,0,0,0,0,0,0,
Naumkeag,Alice Giarrusso,2025,5,18,11:10,West Meadow,Yes,E,Grasshopper Sparrow,0,0,0,0,0,0,0,
Naumkeag,Alice Giarrusso,2025,5,18,12:20,East Meadow,No,F,Grasshopper Sparrow,0,0,0,0,0,0,0,
Naumkeag,Alice Giarrusso,2025,5,18,12:00,West Meadow,Yes,A,Eastern Meadowlark,0,0,0,0,0,0,0,
Naumkeag,Alice Giarrusso,2025,5,18,11:50,West Meadow,Yes,B,Eastern Meadowlark,0,0,0,0,0,0,0,
Naumkeag,Alice Giarrusso,2025,5,18,11:39,West Meadow,Yes,C,Eastern Meadowlark,0,0,0,0,0,0,0,
Naumkeag,Alice Giarrusso,2025,5,18,11:34,East Meadow,No,C,Eastern Meadowlark,0,0,0,0,0,0,0,
Naumkeag,Alice Giarrusso,2025,5,18,11:26,West Meadow,Yes,D,Eastern Meadowlark,0,0,0,0,0,0,0,
Naumkeag,Alice Giarrusso,2025,5,18,11:20,East Meadow,No,D,Eastern Meadowlark,0,0,0,0,0,0,0,
Naumkeag,Alice Giarrusso,2025,5,18,11:10,West Meadow,Yes,E,Eastern Meadowlark,0,0,0,0,0,0,0,
Naumkeag,Alice Giarrusso,2025,5,18,12:20,East Meadow,No,F,Eastern Meadowlark,0,0,0,0,0,0,0,
Naumkeag,Lisa Bozzuto,2025,5,17,8:00,West Meadow,Yes,A,Bobolink,0,0,0,0,0,0,0,
Naumkeag,Lisa Bozzuto,2025,5,17,8:11,West Meadow,Yes,B,Bobolink,0,0,0,0,0,0,0,
Naumkeag,Lisa Bozzuto,2025,5,17,8:20,West Meadow,Yes,C,Bobolink,0,0,0,0,0,0,0,
Naumkeag,Lisa Bozzuto,2025,5,17,8:31,East Meadow,No,C,Bobolink,0,0,1,0,0,0,1,
Naumkeag,Lisa Bozzuto,2025,5,17,8:42,West Meadow,Yes,D,Bobolink,0,0,0,0,0,0,0,
Naumkeag,Lisa Bozzuto,2025,5,17,8:55,East Meadow,No,D,Bobolink,0,0,0,0,0,0,0,
Naumkeag,Lisa Bozzuto,2025,5,17,9:06,West Meadow,Yes,E,Bobolink,0,0,0,0,0,0,0,
Naumkeag,Lisa Bozzuto,2025,5,17,9:15,East Meadow,No,F,Bobolink,0,0,0,0,0,0,0,
Naumkeag,Lisa Bozzuto,2025,5,17,8:00,West Meadow,Yes,A,Savannah Sparrow,0,0,0,0,0,1,1,
Naumkeag,Lisa Bozzuto,2025,5,17,8:11,West Meadow,Yes,B,Savannah Sparrow,0,0,1,0,0,0,1,
Naumkeag,Lisa Bozzuto,2025,5,17,8:20,West Meadow,Yes,C,Savannah Sparrow,0,0,0,0,0,1,1,
Naumkeag,Lisa Bozzuto,2025,5,17,8:31,East Meadow,No,C,Savannah Sparrow,0,0,0,0,0,0,0,
Naumkeag,Lisa Bozzuto,2025,5,17,8:42,West Meadow,Yes,D,Savannah Sparrow,0,0,0,0,0,0,0,
Naumkeag,Lisa Bozzuto,2025,5,17,8:55,East Meadow,No,D,Savannah Sparrow,0,0,1,0,0,0,1,
Naumkeag,Lisa Bozzuto,2025,5,17,9:06,West Meadow,Yes,E,Savannah Sparrow,0,0,1,0,0,0,1,
Naumkeag,Lisa Bozzuto,2025,5,17,9:15,East Meadow,No,F,Savannah Sparrow,0,0,0,0,0,0,0,
Naumkeag,Lisa Bozzuto,2025,5,17,8:00,West Meadow,Yes,A,Grasshopper Sparrow,0,0,0,0,0,0,0,
Naumkeag,Lisa Bozzuto,2025,5,17,8:11,West Meadow,Yes,B,Grasshopper Sparrow,0,0,0,0,0,0,0,
Naumkeag,Lisa Bozzuto,2025,5,17,8:20,West Meadow,Yes,C,Grasshopper Sparrow,0,0,0,0,0,0,0,
Naumkeag,Lisa Bozzuto,2025,5,17,8:31,East Meadow,No,C,Grasshopper Sparrow,0,0,0,0,0,0,0,
Naumkeag,Lisa Bozzuto,2025,5,17,8:42,West Meadow,Yes,D,Grasshopper Sparrow,0,0,0,0,0,0,0,
Naumkeag,Lisa Bozzuto,2025,5,17,8:55,East Meadow,No,D,Grasshopper Sparrow,0,0,0,0,0,0,0,
Naumkeag,Lisa Bozzuto,2025,5,17,9:06,West Meadow,Yes,E,Grasshopper Sparrow,0,0,0,0,0,0,0,
Naumkeag,Lisa Bozzuto,2025,5,17,9:15,East Meadow,No,F,Grasshopper Sparrow,0,0,0,0,0,0,0,
Naumkeag,Lisa Bozzuto,2025,5,17,8:00,West Meadow,Yes,A,Eastern Meadowlark,0,0,0,0,0,0,0,
Naumkeag,Lisa Bozzuto,2025,5,17,8:11,West Meadow,Yes,B,Eastern Meadowlark,0,0,0,0,0,0,0,
Naumkeag,Lisa Bozzuto,2025,5,17,8:20,West Meadow,Yes,C,Eastern Meadowlark,0,0,0,0,0,0,0,
Naumkeag,Lisa Bozzuto,2025,5,17,8:31,East Meadow,No,C,Eastern Meadowlark,0,0,0,0,0,0,0,
Naumkeag,Lisa Bozzuto,2025,5,17,8:42,West Meadow,Yes,D,Eastern Meadowlark,0,0,0,0,0,0,0,
Naumkeag,Lisa Bozzuto,2025,5,17,8:55,East Meadow,No,D,Eastern Meadowlark,0,0,1,0,0,0,1,
Naumkeag,Lisa Bozzuto,2025,5,17,9:06,West Meadow,Yes,E,Eastern Meadowlark,0,0,0,0,0,0,0,
Naumkeag,Lisa Bozzuto,2025,5,17,9:15,East Meadow,No,F,Eastern Meadowlark,0,0,0,0,0,0,0,
Naumkeag,Laura Vidale and Henri Dam,2025,5,28,8:28,West Meadow,Yes,A,Bobolink,0,0,0,0,0,0,0,
Naumkeag,Laura Vidale and Henri Dam,2025,5,28,8:36,West Meadow,Yes,B,Bobolink,0,0,0,0,0,0,0,
Naumkeag,Laura Vidale and Henri Dam,2025,5,28,8:50,West Meadow,Yes,C,Bobolink,0,0,0,0,0,0,0,
Naumkeag,Laura Vidale and Henri Dam,2025,5,28,8:44,East Meadow,No,C,Bobolink,0,0,0,0,0,0,0,
Naumkeag,Laura Vidale and Henri Dam,2025,5,28,8:56,West Meadow,Yes,D,Bobolink,0,0,0,0,0,0,0,
Naumkeag,Laura Vidale and Henri Dam,2025,5,28,9:02,East Meadow,No,D,Bobolink,0,0,0,0,0,0,0,
Naumkeag,Laura Vidale and Henri Dam,2025,5,28,9:17,West Meadow,Yes,E,Bobolink,0,0,0,0,0,0,0,
Naumkeag,Laura Vidale and Henri Dam,2025,5,28,9:10,East Meadow,No,F,Bobolink,0,0,0,0,0,0,0,
Naumkeag,Laura Vidale and Henri Dam,2025,5,28,8:28,West Meadow,Yes,A,Savannah Sparrow,0,0,0,0,0,0,0,
Naumkeag,Laura Vidale and Henri Dam,2025,5,28,8:36,West Meadow,Yes,B,Savannah Sparrow,0,0,1,0,0,1,2,
Naumkeag,Laura Vidale and Henri Dam,2025,5,28,8:50,West Meadow,Yes,C,Savannah Sparrow,0,0,0,0,0,0,0,
Naumkeag,Laura Vidale and Henri Dam,2025,5,28,8:44,East Meadow,No,C,Savannah Sparrow,0,0,0,0,0,0,0,
Naumkeag,Laura Vidale and Henri Dam,2025,5,28,8:56,West Meadow,Yes,D,Savannah Sparrow,0,0,0,0,0,0,0,
Naumkeag,Laura Vidale and Henri Dam,2025,5,28,9:02,East Meadow,No,D,Savannah Sparrow,0,0,0,0,0,0,0,
Naumkeag,Laura Vidale and Henri Dam,2025,5,28,9:17,West Meadow,Yes,E,Savannah Sparrow,0,0,0,0,0,0,0,
Naumkeag,Laura Vidale and Henri Dam,2025,5,28,9:10,East Meadow,No,F,Savannah Sparrow,0,0,0,0,0,0,0,
Naumkeag,Laura Vidale and Henri Dam,2025,5,28,8:28,West Meadow,Yes,A,Grasshopper Sparrow,0,0,0,0,0,0,0,
Naumkeag,Laura Vidale and Henri Dam,2025,5,28,8:36,West Meadow,Yes,B,Grasshopper Sparrow,0,0,0,0,0,0,0,
Naumkeag,Laura Vidale and Henri Dam,2025,5,28,8:50,West Meadow,Yes,C,Grasshopper Sparrow,0,0,0,0,0,0,0,
Naumkeag,Laura Vidale and Henri Dam,2025,5,28,8:44,East Meadow,No,C,Grasshopper Sparrow,0,0,0,0,0,0,0,
Naumkeag,Laura Vidale and Henri Dam,2025,5,28,8:56,West Meadow,Yes,D,Grasshopper Sparrow,0,0,0,0,0,0,0,
Naumkeag,Laura Vidale and Henri Dam,2025,5,28,9:02,East Meadow,No,D,Grasshopper Sparrow,0,0,0,0,0,0,0,
Naumkeag,Laura Vidale and Henri Dam,2025,5,28,9:17,West Meadow,Yes,E,Grasshopper Sparrow,0,0,0,0,0,0,0,
Naumkeag,Laura Vidale and Henri Dam,2025,5,28,9:10,East Meadow,No,F,Grasshopper Sparrow,0,0,0,0,0,0,0,
Naumkeag,Laura Vidale and Henri Dam,2025,5,28,8:28,West Meadow,Yes,A,Eastern Meadowlark,0,0,0,0,0,0,0,
Naumkeag,Laura Vidale and Henri Dam,2025,5,28,8:36,West Meadow,Yes,B,Eastern Meadowlark,0,0,0,0,0,0,0,
Naumkeag,Laura Vidale and Henri Dam,2025,5,28,8:50,West Meadow,Yes,C,Eastern Meadowlark,0,0,0,0,0,0,0,
Naumkeag,Laura Vidale and Henri Dam,2025,5,28,8:44,East Meadow,No,C,Eastern Meadowlark,0,0,0,0,0,0,0,
Naumkeag,Laura Vidale and Henri Dam,2025,5,28,8:56,West Meadow,Yes,D,Eastern Meadowlark,0,0,0,0,0,0,0,
Naumkeag,Laura Vidale and Henri Dam,2025,5,28,9:02,East Meadow,No,D,Eastern Meadowlark,0,0,0,0,0,0,0,
Naumkeag,Laura Vidale and Henri Dam,2025,5,28,9:17,West Meadow,Yes,E,Eastern Meadowlark,0,0,0,0,0,0,0,
Naumkeag,Laura Vidale and Henri Dam,2025,5,28,9:10,East Meadow,No,F,Eastern Meadowlark,0,0,0,0,0,0,0,
Naumkeag,Lisa Buzzuto,2025,6,2,9:08,West Meadow,Yes,A,Bobolink,0,0,2,0,0,0,2,
Naumkeag,Lisa Buzzuto,2025,6,2,9:00,West Meadow,Yes,B,Bobolink,0,0,3,0,0,0,3,
Naumkeag,Lisa Buzzuto,2025,6,2,8:54,West Meadow,Yes,C,Bobolink,0,0,0,0,0,0,0,
Naumkeag,Lisa Buzzuto,2025,6,2,8:45,East Meadow,No,C,Bobolink,0,0,0,0,0,1,1,
Naumkeag,Lisa Buzzuto,2025,6,2,8:36,West Meadow,Yes,D,Bobolink,0,0,0,0,0,2,2,
Naumkeag,Lisa Buzzuto,2025,6,2,8:29,East Meadow,No,D,Bobolink,0,0,0,0,0,0,0,
Naumkeag,Lisa Buzzuto,2025,6,2,8:11,West Meadow,Yes,E,Bobolink,1,0,1,1,0,1,2,
Naumkeag,Lisa Buzzuto,2025,6,2,8:02,East Meadow,No,F,Bobolink,0,0,0,0,0,1,1,
Naumkeag,Lisa Buzzuto,2025,6,2,9:08,West Meadow,Yes,A,Savannah Sparrow,0,0,2,0,0,0,2,
Naumkeag,Lisa Buzzuto,2025,6,2,9:00,West Meadow,Yes,B,Savannah Sparrow,0,0,0,0,0,0,0,
Naumkeag,Lisa Buzzuto,2025,6,2,8:54,West Meadow,Yes,C,Savannah Sparrow,0,0,1,0,0,0,1,
Naumkeag,Lisa Buzzuto,2025,6,2,8:45,East Meadow,No,C,Savannah Sparrow,0,0,1,0,0,0,1,
Naumkeag,Lisa Buzzuto,2025,6,2,8:36,West Meadow,Yes,D,Savannah Sparrow,0,0,0,0,0,0,0,
Naumkeag,Lisa Buzzuto,2025,6,2,8:29,East Meadow,No,D,Savannah Sparrow,0,0,0,0,0,0,0,
Naumkeag,Lisa Buzzuto,2025,6,2,8:11,West Meadow,Yes,E,Savannah Sparrow,0,0,0,0,0,0,0,
Naumkeag,Lisa Buzzuto,2025,6,2,8:02,East Meadow,No,F,Savannah Sparrow,0,0,1,0,0,0,1,
Naumkeag,Lisa Buzzuto,2025,6,2,9:08,West Meadow,Yes,A,Grasshopper Sparrow,0,0,0,0,0,0,0,
Naumkeag,Lisa Buzzuto,2025,6,2,9:00,West Meadow,Yes,B,Grasshopper Sparrow,0,0,0,0,0,0,0,
Naumkeag,Lisa Buzzuto,2025,6,2,8:54,West Meadow,Yes,C,Grasshopper Sparrow,0,0,0,0,0,0,0,
Naumkeag,Lisa Buzzuto,2025,6,2,8:45,East Meadow,No,C,Grasshopper Sparrow,0,0,0,0,0,0,0,
Naumkeag,Lisa Buzzuto,2025,6,2,8:36,West Meadow,Yes,D,Grasshopper Sparrow,0,0,0,0,0,0,0,
Naumkeag,Lisa Buzzuto,2025,6,2,8:29,East Meadow,No,D,Grasshopper Sparrow,0,0,0,0,0,0,0,
Naumkeag,Lisa Buzzuto,2025,6,2,8:11,West Meadow,Yes,E,Grasshopper Sparrow,0,0,0,0,0,0,0,
Naumkeag,Lisa Buzzuto,2025,6,2,8:02,East Meadow,No,F,Grasshopper Sparrow,0,0,0,0,0,0,0,
Naumkeag,Lisa Buzzuto,2025,6,2,9:08,West Meadow,Yes,A,Eastern Meadowlark,0,0,0,0,0,0,0,
Naumkeag,Lisa Buzzuto,2025,6,2,9:00,West Meadow,Yes,B,Eastern Meadowlark,0,0,0,0,0,0,0,
Naumkeag,Lisa Buzzuto,2025,6,2,8:54,West Meadow,Yes,C,Eastern Meadowlark,0,0,0,0,0,0,0,
Naumkeag,Lisa Buzzuto,2025,6,2,8:45,East Meadow,No,C,Eastern Meadowlark,0,0,0,0,0,0,0,
Naumkeag,Lisa Buzzuto,2025,6,2,8:36,West Meadow,Yes,D,Eastern Meadowlark,0,0,0,0,0,0,0,
Naumkeag,Lisa Buzzuto,2025,6,2,8:29,East Meadow,No,D,Eastern Meadowlark,0,0,0,0,0,0,0,
Naumkeag,Lisa Buzzuto,2025,6,2,8:11,West Meadow,Yes,E,Eastern Meadowlark,0,0,0,0,0,0,0,
Naumkeag,Lisa Buzzuto,2025,6,2,8:02,East Meadow,No,F,Eastern Meadowlark,0,0,0,0,0,0,0,
Naumkeag,Laura Vidale and Henri Dam,2025,6,5,7:17,West Meadow,Yes,A,Bobolink,0,0,0,0,0,0,0,
Naumkeag,Laura Vidale and Henri Dam,2025,6,5,7:26,West Meadow,Yes,B,Bobolink,0,0,0,0,0,0,0,
Naumkeag,Laura Vidale and Henri Dam,2025,6,5,7:34,West Meadow,Yes,C,Bobolink,0,0,0,0,0,0,0,
Naumkeag,Laura Vidale and Henri Dam,2025,6,5,7:40,East Meadow,No,C,Bobolink,0,0,0,0,0,0,0,
Naumkeag,Laura Vidale and Henri Dam,2025,6,5,7:47,West Meadow,Yes,D,Bobolink,0,0,0,0,0,0,0,
Naumkeag,Laura Vidale and Henri Dam,2025,6,5,7:54,East Meadow,No,D,Bobolink,0,0,0,0,0,0,0,
Naumkeag,Laura Vidale and Henri Dam,2025,6,5,8:01,West Meadow,Yes,E,Bobolink,0,0,0,0,0,0,0,
Naumkeag,Laura Vidale and Henri Dam,2025,6,5,8:09,East Meadow,No,F,Bobolink,0,0,0,0,0,0,0,
Naumkeag,Laura Vidale and Henri Dam,2025,6,5,7:17,West Meadow,Yes,A,Savannah Sparrow,0,0,0,0,0,0,0,
Naumkeag,Laura Vidale and Henri Dam,2025,6,5,7:26,West Meadow,Yes,B,Savannah Sparrow,0,0,0,0,0,1,1,Bird heard not seen
Naumkeag,Laura Vidale and Henri Dam,2025,6,5,7:34,West Meadow,Yes,C,Savannah Sparrow,1,0,1,0,0,0,1,
Naumkeag,Laura Vidale and Henri Dam,2025,6,5,7:40,East Meadow,No,C,Savannah Sparrow,0,0,0,0,0,0,0,
Naumkeag,Laura Vidale and Henri Dam,2025,6,5,7:47,West Meadow,Yes,D,Savannah Sparrow,0,0,0,0,0,0,0,
Naumkeag,Laura Vidale and Henri Dam,2025,6,5,7:54,East Meadow,No,D,Savannah Sparrow,0,0,0,0,0,0,0,
Naumkeag,Laura Vidale and Henri Dam,2025,6,5,8:01,West Meadow,Yes,E,Savannah Sparrow,0,0,0,0,0,0,0,
Naumkeag,Laura Vidale and Henri Dam,2025,6,5,8:09,East Meadow,No,F,Savannah Sparrow,0,0,0,0,0,0,0,
Naumkeag,Laura Vidale and Henri Dam,2025,6,5,7:17,West Meadow,Yes,A,Grasshopper Sparrow,0,0,0,0,0,0,0,
Naumkeag,Laura Vidale and Henri Dam,2025,6,5,7:26,West Meadow,Yes,B,Grasshopper Sparrow,0,0,0,0,0,0,0,
Naumkeag,Laura Vidale and Henri Dam,2025,6,5,7:34,West Meadow,Yes,C,Grasshopper Sparrow,0,0,0,0,0,0,0,
Naumkeag,Laura Vidale and Henri Dam,2025,6,5,7:40,East Meadow,No,C,Grasshopper Sparrow,0,0,0,0,0,0,0,
Naumkeag,Laura Vidale and Henri Dam,2025,6,5,7:47,West Meadow,Yes,D,Grasshopper Sparrow,0,0,0,0,0,0,0,
Naumkeag,Laura Vidale and Henri Dam,2025,6,5,7:54,East Meadow,No,D,Grasshopper Sparrow,0,0,0,0,0,0,0,
Naumkeag,Laura Vidale and Henri Dam,2025,6,5,8:01,West Meadow,Yes,E,Grasshopper Sparrow,0,0,0,0,0,0,0,
Naumkeag,Laura Vidale and Henri Dam,2025,6,5,8:09,East Meadow,No,F,Grasshopper Sparrow,0,0,0,0,0,0,0,
Naumkeag,Laura Vidale and Henri Dam,2025,6,5,7:17,West Meadow,Yes,A,Eastern Meadowlark,0,0,0,0,0,0,0,
Naumkeag,Laura Vidale and Henri Dam,2025,6,5,7:26,West Meadow,Yes,B,Eastern Meadowlark,0,0,0,0,0,0,0,
Naumkeag,Laura Vidale and Henri Dam,2025,6,5,7:34,West Meadow,Yes,C,Eastern Meadowlark,0,0,0,0,0,0,0,
Naumkeag,Laura Vidale and Henri Dam,2025,6,5,7:40,East Meadow,No,C,Eastern Meadowlark,0,0,0,0,0,0,0,
Naumkeag,Laura Vidale and Henri Dam,2025,6,5,7:47,West Meadow,Yes,D,Eastern Meadowlark,0,0,0,0,0,0,0,
Naumkeag,Laura Vidale and Henri Dam,2025,6,5,7:54,East Meadow,No,D,Eastern Meadowlark,0,0,0,0,0,0,0,
Naumkeag,Laura Vidale and Henri Dam,2025,6,5,8:01,West Meadow,Yes,E,Eastern Meadowlark,0,0,0,0,0,0,0,
Naumkeag,Laura Vidale and Henri Dam,2025,6,5,8:09,East Meadow,No,F,Eastern Meadowlark,0,0,0,0,0,0,0,
Naumkeag,Laura Vidale and Henri Dam,2025,6,13,7:52,West Meadow,Yes,A,Bobolink,0,0,0,0,0,0,0,
Naumkeag,Laura Vidale and Henri Dam,2025,6,13,8:00,West Meadow,Yes,B,Bobolink,0,0,0,0,0,0,0,
Naumkeag,Laura Vidale and Henri Dam,2025,6,13,8:08,West Meadow,Yes,C,Bobolink,0,0,0,0,0,0,0,
Naumkeag,Laura Vidale and Henri Dam,2025,6,13,8:13,East Meadow,No,C,Bobolink,0,0,0,0,0,0,0,
Naumkeag,Laura Vidale and Henri Dam,2025,6,13,8:20,West Meadow,Yes,D,Bobolink,0,0,0,0,0,0,0,
Naumkeag,Laura Vidale and Henri Dam,2025,6,13,8:26,East Meadow,No,D,Bobolink,0,0,0,0,0,0,0,
Naumkeag,Laura Vidale and Henri Dam,2025,6,13,8:34,West Meadow,Yes,E,Bobolink,0,0,0,0,0,0,0,
Naumkeag,Laura Vidale and Henri Dam,2025,6,13,8:41,East Meadow,No,F,Bobolink,0,0,0,0,0,0,0,
Naumkeag,Laura Vidale and Henri Dam,2025,6,13,7:52,West Meadow,Yes,A,Savannah Sparrow,0,0,0,0,0,1,1,Bird heard not seen
Naumkeag,Laura Vidale and Henri Dam,2025,6,13,8:00,West Meadow,Yes,B,Savannah Sparrow,0,0,0,0,0,0,0,
Naumkeag,Laura Vidale and Henri Dam,2025,6,13,8:08,West Meadow,Yes,C,Savannah Sparrow,0,0,0,0,0,2,2,Bird heard not seen
Naumkeag,Laura Vidale and Henri Dam,2025,6,13,8:13,East Meadow,No,C,Savannah Sparrow,0,0,0,0,0,0,0,
Naumkeag,Laura Vidale and Henri Dam,2025,6,13,8:20,West Meadow,Yes,D,Savannah Sparrow,0,0,0,0,0,2,2,Bird heard not seen
Naumkeag,Laura Vidale and Henri Dam,2025,6,13,8:26,East Meadow,No,D,Savannah Sparrow,0,0,0,0,0,0,0,
Naumkeag,Laura Vidale and Henri Dam,2025,6,13,8:34,West Meadow,Yes,E,Savannah Sparrow,0,0,0,0,0,1,1,Bird heard not seen
Naumkeag,Laura Vidale and Henri Dam,2025,6,13,8:41,East Meadow,No,F,Savannah Sparrow,0,0,0,0,0,0,0,
Naumkeag,Laura Vidale and Henri Dam,2025,6,13,7:52,West Meadow,Yes,A,Grasshopper Sparrow,0,0,0,0,0,0,0,
Naumkeag,Laura Vidale and Henri Dam,2025,6,13,8:00,West Meadow,Yes,B,Grasshopper Sparrow,0,0,0,0,0,0,0,
Naumkeag,Laura Vidale and Henri Dam,2025,6,13,8:08,West Meadow,Yes,C,Grasshopper Sparrow,0,0,0,0,0,0,0,
Naumkeag,Laura Vidale and Henri Dam,2025,6,13,8:13,East Meadow,No,C,Grasshopper Sparrow,0,0,0,0,0,0,0,
Naumkeag,Laura Vidale and Henri Dam,2025,6,13,8:20,West Meadow,Yes,D,Grasshopper Sparrow,0,0,0,0,0,0,0,
Naumkeag,Laura Vidale and Henri Dam,2025,6,13,8:26,East Meadow,No,D,Grasshopper Sparrow,0,0,0,0,0,0,0,
Naumkeag,Laura Vidale and Henri Dam,2025,6,13,8:34,West Meadow,Yes,E,Grasshopper Sparrow,0,0,0,0,0,0,0,
Naumkeag,Laura Vidale and Henri Dam,2025,6,13,8:41,East Meadow,No,F,Grasshopper Sparrow,0,0,0,0,0,0,0,
Naumkeag,Laura Vidale and Henri Dam,2025,6,13,7:52,West Meadow,Yes,A,Eastern Meadowlark,0,0,0,0,0,0,0,
Naumkeag,Laura Vidale and Henri Dam,2025,6,13,8:00,West Meadow,Yes,B,Eastern Meadowlark,0,0,0,0,0,0,0,
Naumkeag,Laura Vidale and Henri Dam,2025,6,13,8:08,West Meadow,Yes,C,Eastern Meadowlark,0,0,0,0,0,0,0,
Naumkeag,Laura Vidale and Henri Dam,2025,6,13,8:13,East Meadow,No,C,Eastern Meadowlark,0,0,0,0,0,0,0,
Naumkeag,Laura Vidale and Henri Dam,2025,6,13,8:20,West Meadow,Yes,D,Eastern Meadowlark,0,0,0,0,0,0,0,
Naumkeag,Laura Vidale and Henri Dam,2025,6,13,8:26,East Meadow,No,D,Eastern Meadowlark,0,0,0,0,0,0,0,
Naumkeag,Laura Vidale and Henri Dam,2025,6,13,8:34,West Meadow,Yes,E,Eastern Meadowlark,0,0,0,0,0,0,0,
Naumkeag,Laura Vidale and Henri Dam,2025,6,13,8:41,East Meadow,No,F,Eastern Meadowlark,0,0,0,0,0,0,0,
Naumkeag,Alice Giarrusso,2025,6,23,9:16,West Meadow,No,A,Bobolink,0,0,0,0,0,0,0,
Naumkeag,Alice Giarrusso,2025,6,23,8:59,West Meadow,No,B,Bobolink,0,0,0,0,0,0,0,
Naumkeag,Alice Giarrusso,2025,6,23,8:44,West Meadow,No,C,Bobolink,0,0,0,0,0,0,0,
Naumkeag,Alice Giarrusso,2025,6,23,8:39,East Meadow,No,C,Bobolink,0,0,0,0,0,0,0,
Naumkeag,Alice Giarrusso,2025,6,23,8:33,West Meadow,No,D,Bobolink,0,0,0,0,0,0,0,
Naumkeag,Alice Giarrusso,2025,6,23,8:28,East Meadow,No,D,Bobolink,0,0,0,0,0,0,0,
Naumkeag,Alice Giarrusso,2025,6,23,8:12,West Meadow,No,E,Bobolink,0,0,0,0,0,0,0,
Naumkeag,Alice Giarrusso,2025,6,23,8:00,East Meadow,No,F,Bobolink,0,0,0,0,0,0,0,
Naumkeag,Alice Giarrusso,2025,6,23,9:16,West Meadow,No,A,Savannah Sparrow,0,0,0,0,0,0,0,
Naumkeag,Alice Giarrusso,2025,6,23,8:59,West Meadow,No,B,Savannah Sparrow,0,0,1,0,0,0,1,
Naumkeag,Alice Giarrusso,2025,6,23,8:44,West Meadow,No,C,Savannah Sparrow,0,0,1,0,0,0,1,
Naumkeag,Alice Giarrusso,2025,6,23,8:39,East Meadow,No,C,Savannah Sparrow,0,0,1,0,0,0,1,
Naumkeag,Alice Giarrusso,2025,6,23,8:33,West Meadow,No,D,Savannah Sparrow,0,0,0,0,0,0,0,
Naumkeag,Alice Giarrusso,2025,6,23,8:28,East Meadow,No,D,Savannah Sparrow,0,0,0,0,0,0,0,
Naumkeag,Alice Giarrusso,2025,6,23,8:12,West Meadow,No,E,Savannah Sparrow,0,0,0,0,0,0,0,
Naumkeag,Alice Giarrusso,2025,6,23,8:00,East Meadow,No,F,Savannah Sparrow,0,0,0,0,0,0,0,
Naumkeag,Alice Giarrusso,2025,6,23,9:16,West Meadow,No,A,Grasshopper Sparrow,0,0,0,0,0,0,0,
Naumkeag,Alice Giarrusso,2025,6,23,8:59,West Meadow,No,B,Grasshopper Sparrow,0,0,0,0,0,0,0,
Naumkeag,Alice Giarrusso,2025,6,23,8:44,West Meadow,No,C,Grasshopper Sparrow,0,0,0,0,0,0,0,
Naumkeag,Alice Giarrusso,2025,6,23,8:39,East Meadow,No,C,Grasshopper Sparrow,0,0,0,0,0,0,0,
Naumkeag,Alice Giarrusso,2025,6,23,8:33,West Meadow,No,D,Grasshopper Sparrow,0,0,0,0,0,0,0,
Naumkeag,Alice Giarrusso,2025,6,23,8:28,East Meadow,No,D,Grasshopper Sparrow,0,0,0,0,0,0,0,
Naumkeag,Alice Giarrusso,2025,6,23,8:12,West Meadow,No,E,Grasshopper Sparrow,0,0,0,0,0,0,0,
Naumkeag,Alice Giarrusso,2025,6,23,8:00,East Meadow,No,F,Grasshopper Sparrow,0,0,0,0,0,0,0,
Naumkeag,Alice Giarrusso,2025,6,23,9:16,West Meadow,No,A,Eastern Meadowlark,0,0,0,0,0,0,0,
Naumkeag,Alice Giarrusso,2025,6,23,8:59,West Meadow,No,B,Eastern Meadowlark,0,0,0,0,0,0,0,
Naumkeag,Alice Giarrusso,2025,6,23,8:44,West Meadow,No,C,Eastern Meadowlark,0,0,0,0,0,0,0,
Naumkeag,Alice Giarrusso,2025,6,23,8:39,East Meadow,No,C,Eastern Meadowlark,0,0,0,0,0,0,0,
Naumkeag,Alice Giarrusso,2025,6,23,8:33,West Meadow,No,D,Eastern Meadowlark,0,0,0,0,0,0,0,
Naumkeag,Alice Giarrusso,2025,6,23,8:28,East Meadow,No,D,Eastern Meadowlark,0,0,0,0,0,0,0,
Naumkeag,Alice Giarrusso,2025,6,23,8:12,West Meadow,No,E,Eastern Meadowlark,0,0,0,0,0,0,0,
Naumkeag,Alice Giarrusso,2025,6,23,8:00,East Meadow,No,F,Eastern Meadowlark,0,0,0,0,0,0,0,
Naumkeag,Laura Vidale and Henri Dam,2025,6,26,8:17,West Meadow,No,A,Bobolink,0,0,0,0,0,0,0,
Naumkeag,Laura Vidale and Henri Dam,2025,6,26,8:26,West Meadow,No,B,Bobolink,0,0,0,0,0,0,0,
Naumkeag,Laura Vidale and Henri Dam,2025,6,26,8:34,West Meadow,No,C,Bobolink,0,0,0,0,0,0,0,
Naumkeag,Laura Vidale and Henri Dam,2025,6,26,8:39,East Meadow,No,C,Bobolink,0,0,0,0,0,0,0,
Naumkeag,Laura Vidale and Henri Dam,2025,6,26,8:46,West Meadow,No,D,Bobolink,0,0,0,0,0,0,0,
Naumkeag,Laura Vidale and Henri Dam,2025,6,26,8:52,East Meadow,No,D,Bobolink,0,0,0,0,0,0,0,
Naumkeag,Laura Vidale and Henri Dam,2025,6,26,8:59,West Meadow,No,E,Bobolink,0,0,0,0,0,0,0,
Naumkeag,Laura Vidale and Henri Dam,2025,6,26,9:06,East Meadow,No,F,Bobolink,0,0,0,0,0,0,0,
Naumkeag,Laura Vidale and Henri Dam,2025,6,26,8:17,West Meadow,No,A,Savannah Sparrow,0,0,0,0,0,0,0,
Naumkeag,Laura Vidale and Henri Dam,2025,6,26,8:26,West Meadow,No,B,Savannah Sparrow,0,0,0,2,0,2,2,Bird heard not seen
Naumkeag,Laura Vidale and Henri Dam,2025,6,26,8:34,West Meadow,No,C,Savannah Sparrow,0,0,0,2,0,2,2,Bird heard not seen
Naumkeag,Laura Vidale and Henri Dam,2025,6,26,8:39,East Meadow,No,C,Savannah Sparrow,0,0,0,0,0,0,0,
Naumkeag,Laura Vidale and Henri Dam,2025,6,26,8:46,West Meadow,No,D,Savannah Sparrow,0,0,0,0,0,0,0,
Naumkeag,Laura Vidale and Henri Dam,2025,6,26,8:52,East Meadow,No,D,Savannah Sparrow,0,0,0,0,0,0,0,
Naumkeag,Laura Vidale and Henri Dam,2025,6,26,8:59,West Meadow,No,E,Savannah Sparrow,0,0,0,0,0,0,0,
Naumkeag,Laura Vidale and Henri Dam,2025,6,26,9:06,East Meadow,No,F,Savannah Sparrow,0,0,0,0,0,0,0,
Naumkeag,Laura Vidale and Henri Dam,2025,6,26,8:17,West Meadow,No,A,Grasshopper Sparrow,0,0,0,0,0,0,0,
Naumkeag,Laura Vidale and Henri Dam,2025,6,26,8:26,West Meadow,No,B,Grasshopper Sparrow,0,0,0,0,0,0,0,
Naumkeag,Laura Vidale and Henri Dam,2025,6,26,8:34,West Meadow,No,C,Grasshopper Sparrow,0,0,0,0,0,0,0,
Naumkeag,Laura Vidale and Henri Dam,2025,6,26,8:39,East Meadow,No,C,Grasshopper Sparrow,0,0,0,0,0,0,0,
Naumkeag,Laura Vidale and Henri Dam,2025,6,26,8:46,West Meadow,No,D,Grasshopper Sparrow,0,0,0,0,0,0,0,
Naumkeag,Laura Vidale and Henri Dam,2025,6,26,8:52,East Meadow,No,D,Grasshopper Sparrow,0,0,0,0,0,0,0,
Naumkeag,Laura Vidale and Henri Dam,2025,6,26,8:59,West Meadow,No,E,Grasshopper Sparrow,0,0,0,0,0,0,0,
Naumkeag,Laura Vidale and Henri Dam,2025,6,26,9:06,East Meadow,No,F,Grasshopper Sparrow,0,0,0,0,0,0,0,
Naumkeag,Laura Vidale and Henri Dam,2025,6,26,8:17,West Meadow,No,A,Eastern Meadowlark,0,0,0,0,0,0,0,
Naumkeag,Laura Vidale and Henri Dam,2025,6,26,8:26,West Meadow,No,B,Eastern Meadowlark,0,0,0,0,0,0,0,
Naumkeag,Laura Vidale and Henri Dam,2025,6,26,8:34,West Meadow,No,C,Eastern Meadowlark,0,0,0,0,0,0,0,
Naumkeag,Laura Vidale and Henri Dam,2025,6,26,8:39,East Meadow,No,C,Eastern Meadowlark,0,0,0,0,0,0,0,
Naumkeag,Laura Vidale and Henri Dam,2025,6,26,8:46,West Meadow,No,D,Eastern Meadowlark,0,0,0,0,0,0,0,
Naumkeag,Laura Vidale and Henri Dam,2025,6,26,8:52,East Meadow,No,D,Eastern Meadowlark,0,0,0,0,0,0,0,
Naumkeag,Laura Vidale and Henri Dam,2025,6,26,8:59,West Meadow,No,E,Eastern Meadowlark,0,0,0,0,0,0,0,
Naumkeag,Laura Vidale and Henri Dam,2025,6,26,9:06,East Meadow,No,F,Eastern Meadowlark,0,0,0,0,0,0,0,
Naumkeag,Lisa Bozzuto,2025,7,12,8:30,West Meadow,No,A,Bobolink,0,0,0,0,0,0,0,
Naumkeag,Lisa Bozzuto,2025,7,12,8:40,West Meadow,No,B,Bobolink,0,0,0,0,0,0,0,
Naumkeag,Lisa Bozzuto,2025,7,12,8:48,West Meadow,No,C,Bobolink,0,0,0,0,0,0,0,
Naumkeag,Lisa Bozzuto,2025,7,12,9:00,East Meadow,No,C,Bobolink,0,0,0,0,0,0,0,
Naumkeag,Lisa Bozzuto,2025,7,12,9:08,West Meadow,No,D,Bobolink,0,0,0,0,0,0,0,
Naumkeag,Lisa Bozzuto,2025,7,12,9:15,East Meadow,No,D,Bobolink,0,0,0,0,0,0,0,
Naumkeag,Lisa Bozzuto,2025,7,12,9:22,West Meadow,No,E,Bobolink,0,0,0,0,0,0,0,
Naumkeag,Lisa Bozzuto,2025,7,12,9:30,East Meadow,No,F,Bobolink,0,0,0,0,0,0,0,
Naumkeag,Lisa Bozzuto,2025,7,12,8:30,West Meadow,No,A,Savannah Sparrow,0,0,2,0,0,0,2,
Naumkeag,Lisa Bozzuto,2025,7,12,8:40,West Meadow,No,B,Savannah Sparrow,0,0,1,0,0,0,1,
Naumkeag,Lisa Bozzuto,2025,7,12,8:48,West Meadow,No,C,Savannah Sparrow,0,0,1,0,0,0,1,
Naumkeag,Lisa Bozzuto,2025,7,12,9:00,East Meadow,No,C,Savannah Sparrow,0,0,0,0,0,0,0,
Naumkeag,Lisa Bozzuto,2025,7,12,9:08,West Meadow,No,D,Savannah Sparrow,0,0,0,0,0,0,0,
Naumkeag,Lisa Bozzuto,2025,7,12,9:15,East Meadow,No,D,Savannah Sparrow,0,0,0,0,0,0,0,
Naumkeag,Lisa Bozzuto,2025,7,12,9:22,West Meadow,No,E,Savannah Sparrow,0,0,0,0,0,0,0,
Naumkeag,Lisa Bozzuto,2025,7,12,9:30,East Meadow,No,F,Savannah Sparrow,0,0,0,0,0,0,0,
Naumkeag,Lisa Bozzuto,2025,7,12,8:30,West Meadow,No,A,Grasshopper Sparrow,0,0,0,0,0,0,0,
Naumkeag,Lisa Bozzuto,2025,7,12,8:40,West Meadow,No,B,Grasshopper Sparrow,0,0,0,0,0,0,0,
Naumkeag,Lisa Bozzuto,2025,7,12,8:48,West Meadow,No,C,Grasshopper Sparrow,0,0,0,0,0,0,0,
Naumkeag,Lisa Bozzuto,2025,7,12,9:00,East Meadow,No,C,Grasshopper Sparrow,0,0,0,0,0,0,0,
Naumkeag,Lisa Bozzuto,2025,7,12,9:08,West Meadow,No,D,Grasshopper Sparrow,0,0,0,0,0,0,0,
Naumkeag,Lisa Bozzuto,2025,7,12,9:15,East Meadow,No,D,Grasshopper Sparrow,0,0,0,0,0,0,0,
Naumkeag,Lisa Bozzuto,2025,7,12,9:22,West Meadow,No,E,Grasshopper Sparrow,0,0,0,0,0,0,0,
Naumkeag,Lisa Bozzuto,2025,7,12,9:30,East Meadow,No,F,Grasshopper Sparrow,0,0,0,0,0,0,0,
Naumkeag,Lisa Bozzuto,2025,7,12,8:30,West Meadow,No,A,Eastern Meadowlark,0,0,0,0,0,0,0,
Naumkeag,Lisa Bozzuto,2025,7,12,8:40,West Meadow,No,B,Eastern Meadowlark,0,0,0,0,0,0,0,
Naumkeag,Lisa Bozzuto,2025,7,12,8:48,West Meadow,No,C,Eastern Meadowlark,0,0,0,0,0,0,0,
Naumkeag,Lisa Bozzuto,2025,7,12,9:00,East Meadow,No,C,Eastern Meadowlark,0,0,0,0,0,0,0,
Naumkeag,Lisa Bozzuto,2025,7,12,9:08,West Meadow,No,D,Eastern Meadowlark,0,0,0,0,0,0,0,
Naumkeag,Lisa Bozzuto,2025,7,12,9:15,East Meadow,No,D,Eastern Meadowlark,0,0,0,0,0,0,0,
Naumkeag,Lisa Bozzuto,2025,7,12,9:22,West Meadow,No,E,Eastern Meadowlark,0,0,0,0,0,0,0,
Naumkeag,Lisa Bozzuto,2025,7,12,9:30,East Meadow,No,F,Eastern Meadowlark,0,0,0,0,0,0,0,
Naumkeag,Laura Vidale and Henri Dam,2025,7,14,8:41,West Meadow,No,A,Bobolink,0,0,0,0,0,0,0,
Naumkeag,Laura Vidale and Henri Dam,2025,7,14,8:49,West Meadow,No,B,Bobolink,0,0,0,0,0,0,0,
Naumkeag,Laura Vidale and Henri Dam,2025,7,14,9:02,West Meadow,No,C,Bobolink,0,0,0,0,0,0,0,
Naumkeag,Laura Vidale and Henri Dam,2025,7,14,9:08,East Meadow,No,C,Bobolink,0,0,0,0,0,0,0,
Naumkeag,Laura Vidale and Henri Dam,2025,7,14,9:15,West Meadow,No,D,Bobolink,0,0,0,0,0,0,0,
Naumkeag,Laura Vidale and Henri Dam,2025,7,14,9:21,East Meadow,No,D,Bobolink,0,0,0,0,0,0,0,
Naumkeag,Laura Vidale and Henri Dam,2025,7,14,9:29,West Meadow,No,E,Bobolink,0,0,0,0,0,0,0,
Naumkeag,Laura Vidale and Henri Dam,2025,7,14,9:36,East Meadow,No,F,Bobolink,0,0,0,0,0,0,0,
Naumkeag,Laura Vidale and Henri Dam,2025,7,14,8:41,West Meadow,No,A,Savannah Sparrow,0,0,0,0,0,0,0,
Naumkeag,Laura Vidale and Henri Dam,2025,7,14,8:49,West Meadow,No,B,Savannah Sparrow,0,0,0,0,0,4,4,
Naumkeag,Laura Vidale and Henri Dam,2025,7,14,9:02,West Meadow,No,C,Savannah Sparrow,0,0,0,0,0,0,0,
Naumkeag,Laura Vidale and Henri Dam,2025,7,14,9:08,East Meadow,No,C,Savannah Sparrow,0,0,0,0,0,0,0,
Naumkeag,Laura Vidale and Henri Dam,2025,7,14,9:15,West Meadow,No,D,Savannah Sparrow,0,0,0,0,0,0,0,
Naumkeag,Laura Vidale and Henri Dam,2025,7,14,9:21,East Meadow,No,D,Savannah Sparrow,0,0,0,0,0,0,0,
Naumkeag,Laura Vidale and Henri Dam,2025,7,14,9:29,West Meadow,No,E,Savannah Sparrow,0,0,0,0,0,0,0,
Naumkeag,Laura Vidale and Henri Dam,2025,7,14,9:36,East Meadow,No,F,Savannah Sparrow,0,0,0,0,0,0,0,
Naumkeag,Laura Vidale and Henri Dam,2025,7,14,8:41,West Meadow,No,A,Grasshopper Sparrow,0,0,0,0,0,0,0,
Naumkeag,Laura Vidale and Henri Dam,2025,7,14,8:49,West Meadow,No,B,Grasshopper Sparrow,0,0,0,0,0,0,0,
Naumkeag,Laura Vidale and Henri Dam,2025,7,14,9:02,West Meadow,No,C,Grasshopper Sparrow,0,0,0,0,0,0,0,
Naumkeag,Laura Vidale and Henri Dam,2025,7,14,9:08,East Meadow,No,C,Grasshopper Sparrow,0,0,0,0,0,0,0,
Naumkeag,Laura Vidale and Henri Dam,2025,7,14,9:15,West Meadow,No,D,Grasshopper Sparrow,0,0,0,0,0,0,0,
Naumkeag,Laura Vidale and Henri Dam,2025,7,14,9:21,East Meadow,No,D,Grasshopper Sparrow,0,0,0,0,0,0,0,
Naumkeag,Laura Vidale and Henri Dam,2025,7,14,9:29,West Meadow,No,E,Grasshopper Sparrow,0,0,0,0,0,0,0,
Naumkeag,Laura Vidale and Henri Dam,2025,7,14,9:36,East Meadow,No,F,Grasshopper Sparrow,0,0,0,0,0,0,0,
Naumkeag,Laura Vidale and Henri Dam,2025,7,14,8:41,West Meadow,No,A,Eastern Meadowlark,0,0,0,0,0,0,0,
Naumkeag,Laura Vidale and Henri Dam,2025,7,14,8:49,West Meadow,No,B,Eastern Meadowlark,0,0,0,0,0,0,0,
Naumkeag,Laura Vidale and Henri Dam,2025,7,14,9:02,West Meadow,No,C,Eastern Meadowlark,0,0,0,0,0,0,0,
Naumkeag,Laura Vidale and Henri Dam,2025,7,14,9:08,East Meadow,No,C,Eastern Meadowlark,0,0,0,0,0,0,0,
Naumkeag,Laura Vidale and Henri Dam,2025,7,14,9:15,West Meadow,No,D,Eastern Meadowlark,0,0,0,0,0,0,0,
Naumkeag,Laura Vidale and Henri Dam,2025,7,14,9:21,East Meadow,No,D,Eastern Meadowlark,0,0,0,0,0,0,0,
Naumkeag,Laura Vidale and Henri Dam,2025,7,14,9:29,West Meadow,No,E,Eastern Meadowlark,0,0,0,0,0,0,0,
Naumkeag,Laura Vidale and Henri Dam,2025,7,14,9:36,East Meadow,No,F,Eastern Meadowlark,0,0,0,0,0,0,0,
Naumkeag,Laura Vidale and Henri Dam,2025,7,18,8:30,West Meadow,No,A,Bobolink,0,0,0,0,0,0,0,
Naumkeag,Laura Vidale and Henri Dam,2025,7,18,8:40,West Meadow,No,B,Bobolink,0,0,0,0,0,0,0,
Naumkeag,Laura Vidale and Henri Dam,2025,7,18,8:48,West Meadow,No,C,Bobolink,0,0,0,0,0,0,0,
Naumkeag,Laura Vidale and Henri Dam,2025,7,18,8:54,East Meadow,No,C,Bobolink,0,0,0,0,0,0,0,
Naumkeag,Laura Vidale and Henri Dam,2025,7,18,9:01,West Meadow,No,D,Bobolink,0,0,0,0,0,0,0,
Naumkeag,Laura Vidale and Henri Dam,2025,7,18,9:06,East Meadow,No,D,Bobolink,0,0,0,0,0,0,0,
Naumkeag,Laura Vidale and Henri Dam,2025,7,18,9:14,West Meadow,No,E,Bobolink,0,0,0,0,0,0,0,
Naumkeag,Laura Vidale and Henri Dam,2025,7,18,9:21,East Meadow,No,F,Bobolink,0,0,0,0,0,0,0,
Naumkeag,Laura Vidale and Henri Dam,2025,7,18,8:30,West Meadow,No,A,Savannah Sparrow,0,0,0,0,0,0,0,
Naumkeag,Laura Vidale and Henri Dam,2025,7,18,8:40,West Meadow,No,B,Savannah Sparrow,0,0,0,0,0,2,2,Bird heard not seen
Naumkeag,Laura Vidale and Henri Dam,2025,7,18,8:48,West Meadow,No,C,Savannah Sparrow,0,0,0,0,0,0,0,
Naumkeag,Laura Vidale and Henri Dam,2025,7,18,8:54,East Meadow,No,C,Savannah Sparrow,0,0,0,0,0,0,0,
Naumkeag,Laura Vidale and Henri Dam,2025,7,18,9:01,West Meadow,No,D,Savannah Sparrow,0,0,0,0,0,0,0,
Naumkeag,Laura Vidale and Henri Dam,2025,7,18,9:06,East Meadow,No,D,Savannah Sparrow,0,0,0,0,0,0,0,
Naumkeag,Laura Vidale and Henri Dam,2025,7,18,9:14,West Meadow,No,E,Savannah Sparrow,0,0,0,0,0,1,1,Bird heard not seen
Naumkeag,Laura Vidale and Henri Dam,2025,7,18,9:21,East Meadow,No,F,Savannah Sparrow,0,0,0,0,0,0,0,
Naumkeag,Laura Vidale and Henri Dam,2025,7,18,8:30,West Meadow,No,A,Grasshopper Sparrow,0,0,0,0,0,0,0,
Naumkeag,Laura Vidale and Henri Dam,2025,7,18,8:40,West Meadow,No,B,Grasshopper Sparrow,0,0,0,0,0,0,0,
Naumkeag,Laura Vidale and Henri Dam,2025,7,18,8:48,West Meadow,No,C,Grasshopper Sparrow,0,0,0,0,0,0,0,
Naumkeag,Laura Vidale and Henri Dam,2025,7,18,8:54,East Meadow,No,C,Grasshopper Sparrow,0,0,0,0,0,0,0,
Naumkeag,Laura Vidale and Henri Dam,2025,7,18,9:01,West Meadow,No,D,Grasshopper Sparrow,0,0,0,0,0,0,0,
Naumkeag,Laura Vidale and Henri Dam,2025,7,18,9:06,East Meadow,No,D,Grasshopper Sparrow,0,0,0,0,0,0,0,
Naumkeag,Laura Vidale and Henri Dam,2025,7,18,9:14,West Meadow,No,E,Grasshopper Sparrow,0,0,0,0,0,0,0,
Naumkeag,Laura Vidale and Henri Dam,2025,7,18,9:21,East Meadow,No,F,Grasshopper Sparrow,0,0,0,0,0,0,0,
Naumkeag,Laura Vidale and Henri Dam,2025,7,18,8:30,West Meadow,No,A,Eastern Meadowlark,0,0,0,0,0,0,0,
Naumkeag,Laura Vidale and Henri Dam,2025,7,18,8:40,West Meadow,No,B,Eastern Meadowlark,0,0,0,0,0,0,0,
Naumkeag,Laura Vidale and Henri Dam,2025,7,18,8:48,West Meadow,No,C,Eastern Meadowlark,0,0,0,0,0,0,0,
Naumkeag,Laura Vidale and Henri Dam,2025,7,18,8:54,East Meadow,No,C,Eastern Meadowlark,0,0,0,0,0,0,0,
Naumkeag,Laura Vidale and Henri Dam,2025,7,18,9:01,West Meadow,No,D,Eastern Meadowlark,0,0,0,0,0,0,0,
Naumkeag,Laura Vidale and Henri Dam,2025,7,18,9:06,East Meadow,No,D,Eastern Meadowlark,0,0,0,0,0,0,0,
Naumkeag,Laura Vidale and Henri Dam,2025,7,18,9:14,West Meadow,No,E,Eastern Meadowlark,0,0,0,0,0,0,0,
Naumkeag,Laura Vidale and Henri Dam,2025,7,18,9:21,East Meadow,No,F,Eastern Meadowlark,0,0,0,0,0,0,0,
North Common Meadow,Bill Lafley,2025,5,9,7:26,Upper Meadow,No,A,Bobolink,0,0,0,0,0,0,0,
North Common Meadow,Bill Lafley,2025,5,9,7:31,Upper Meadow,No,B,Bobolink,0,0,0,0,0,0,0,
North Common Meadow,Bill Lafley,2025,5,9,7:37,Lower Meadow,No,B,Bobolink,0,0,0,0,0,0,0,
North Common Meadow,Bill Lafley,2025,5,9,7:46,Lower Meadow,No,C,Bobolink,0,0,0,0,0,0,0,
North Common Meadow,Bill Lafley,2025,5,9,7:55,Upper Meadow,No,D,Bobolink,0,0,0,0,0,0,0,
North Common Meadow,Bill Lafley,2025,5,9,7:26,Upper Meadow,No,A,Savannah Sparrow,0,0,0,0,0,0,0,
North Common Meadow,Bill Lafley,2025,5,9,7:31,Upper Meadow,No,B,Savannah Sparrow,0,0,0,0,0,0,0,
North Common Meadow,Bill Lafley,2025,5,9,7:37,Lower Meadow,No,B,Savannah Sparrow,0,0,0,0,0,0,0,
North Common Meadow,Bill Lafley,2025,5,9,7:46,Lower Meadow,No,C,Savannah Sparrow,0,0,0,0,0,0,0,
North Common Meadow,Bill Lafley,2025,5,9,7:55,Upper Meadow,No,D,Savannah Sparrow,0,0,0,0,0,0,0,
North Common Meadow,Bill Lafley,2025,5,9,7:26,Upper Meadow,No,A,Grasshopper Sparrow,0,0,0,0,0,0,0,
North Common Meadow,Bill Lafley,2025,5,9,7:31,Upper Meadow,No,B,Grasshopper Sparrow,0,0,0,0,0,0,0,
North Common Meadow,Bill Lafley,2025,5,9,7:37,Lower Meadow,No,B,Grasshopper Sparrow,0,0,0,0,0,0,0,
North Common Meadow,Bill Lafley,2025,5,9,7:46,Lower Meadow,No,C,Grasshopper Sparrow,0,0,0,0,0,0,0,
North Common Meadow,Bill Lafley,2025,5,9,7:55,Upper Meadow,No,D,Grasshopper Sparrow,0,0,0,0,0,0,0,
North Common Meadow,Bill Lafley,2025,5,9,7:26,Upper Meadow,No,A,Eastern Meadowlark,0,0,0,0,0,0,0,
North Common Meadow,Bill Lafley,2025,5,9,7:31,Upper Meadow,No,B,Eastern Meadowlark,0,0,0,0,0,0,0,
North Common Meadow,Bill Lafley,2025,5,9,7:37,Lower Meadow,No,B,Eastern Meadowlark,0,0,0,0,0,0,0,
North Common Meadow,Bill Lafley,2025,5,9,7:46,Lower Meadow,No,C,Eastern Meadowlark,0,0,0,0,0,0,0,
North Common Meadow,Bill Lafley,2025,5,9,7:55,Upper Meadow,No,D,Eastern Meadowlark,0,0,0,0,0,0,0,
North Common Meadow,Marjorie Kamp,2025,5,24,NA,Upper Meadow,No,A,Bobolink,0,0,0,0,0,0,0,
North Common Meadow,Marjorie Kamp,2025,5,24,NA,Upper Meadow,No,B,Bobolink,0,0,0,0,0,0,0,
North Common Meadow,Marjorie Kamp,2025,5,24,NA,Lower Meadow,No,B,Bobolink,0,0,0,0,0,0,0,
North Common Meadow,Marjorie Kamp,2025,5,24,NA,Lower Meadow,No,C,Bobolink,0,0,0,0,0,0,0,
North Common Meadow,Marjorie Kamp,2025,5,24,NA,Upper Meadow,No,D,Bobolink,0,0,0,0,0,0,0,
North Common Meadow,Marjorie Kamp,2025,5,24,NA,Upper Meadow,No,A,Savannah Sparrow,0,0,0,0,0,0,0,
North Common Meadow,Marjorie Kamp,2025,5,24,NA,Upper Meadow,No,B,Savannah Sparrow,0,0,0,0,0,0,0,
North Common Meadow,Marjorie Kamp,2025,5,24,NA,Lower Meadow,No,B,Savannah Sparrow,0,0,0,0,0,0,0,
North Common Meadow,Marjorie Kamp,2025,5,24,NA,Lower Meadow,No,C,Savannah Sparrow,0,0,0,0,0,0,0,
North Common Meadow,Marjorie Kamp,2025,5,24,NA,Upper Meadow,No,D,Savannah Sparrow,0,0,0,0,0,0,0,
North Common Meadow,Marjorie Kamp,2025,5,24,NA,Upper Meadow,No,A,Grasshopper Sparrow,0,0,0,0,0,0,0,
North Common Meadow,Marjorie Kamp,2025,5,24,NA,Upper Meadow,No,B,Grasshopper Sparrow,0,0,0,0,0,0,0,
North Common Meadow,Marjorie Kamp,2025,5,24,NA,Lower Meadow,No,B,Grasshopper Sparrow,0,0,0,0,0,0,0,
North Common Meadow,Marjorie Kamp,2025,5,24,NA,Lower Meadow,No,C,Grasshopper Sparrow,0,0,0,0,0,0,0,
North Common Meadow,Marjorie Kamp,2025,5,24,NA,Upper Meadow,No,D,Grasshopper Sparrow,0,0,0,0,0,0,0,
North Common Meadow,Marjorie Kamp,2025,5,24,NA,Upper Meadow,No,A,Eastern Meadowlark,0,0,0,0,0,0,0,
North Common Meadow,Marjorie Kamp,2025,5,24,NA,Upper Meadow,No,B,Eastern Meadowlark,0,0,0,0,0,0,0,
North Common Meadow,Marjorie Kamp,2025,5,24,NA,Lower Meadow,No,B,Eastern Meadowlark,0,0,0,0,0,0,0,
North Common Meadow,Marjorie Kamp,2025,5,24,NA,Lower Meadow,No,C,Eastern Meadowlark,0,0,0,0,0,0,0,
North Common Meadow,Marjorie Kamp,2025,5,24,NA,Upper Meadow,No,D,Eastern Meadowlark,0,0,0,0,0,0,0,
North Common Meadow,Bill Lafley,2025,5,24,6:35,Upper Meadow,No,A,Bobolink,0,0,0,1,0,1,1,
North Common Meadow,Bill Lafley,2025,5,24,6:42,Upper Meadow,No,B,Bobolink,0,0,0,1,0,1,1,
North Common Meadow,Bill Lafley,2025,5,24,6:47,Lower Meadow,No,B,Bobolink,0,0,0,0,0,0,0,
North Common Meadow,Bill Lafley,2025,5,24,7:00,Lower Meadow,No,C,Bobolink,0,0,0,0,0,0,0,
North Common Meadow,Bill Lafley,2025,5,24,7:14,Upper Meadow,No,D,Bobolink,1,0,1,0,0,0,1,
North Common Meadow,Bill Lafley,2025,5,24,6:35,Upper Meadow,No,A,Savannah Sparrow,0,0,0,0,0,0,0,
North Common Meadow,Bill Lafley,2025,5,24,6:42,Upper Meadow,No,B,Savannah Sparrow,0,0,0,0,0,0,0,
North Common Meadow,Bill Lafley,2025,5,24,6:47,Lower Meadow,No,B,Savannah Sparrow,0,0,0,0,0,0,0,
North Common Meadow,Bill Lafley,2025,5,24,7:00,Lower Meadow,No,C,Savannah Sparrow,0,0,0,0,0,0,0,
North Common Meadow,Bill Lafley,2025,5,24,7:14,Upper Meadow,No,D,Savannah Sparrow,0,0,0,0,0,0,0,
North Common Meadow,Bill Lafley,2025,5,24,6:35,Upper Meadow,No,A,Grasshopper Sparrow,0,0,0,0,0,0,0,
North Common Meadow,Bill Lafley,2025,5,24,6:42,Upper Meadow,No,B,Grasshopper Sparrow,0,0,0,0,0,0,0,
North Common Meadow,Bill Lafley,2025,5,24,6:47,Lower Meadow,No,B,Grasshopper Sparrow,0,0,0,0,0,0,0,
North Common Meadow,Bill Lafley,2025,5,24,7:00,Lower Meadow,No,C,Grasshopper Sparrow,0,0,0,0,0,0,0,
North Common Meadow,Bill Lafley,2025,5,24,7:14,Upper Meadow,No,D,Grasshopper Sparrow,0,0,0,0,0,0,0,
North Common Meadow,Bill Lafley,2025,5,24,6:35,Upper Meadow,No,A,Eastern Meadowlark,0,0,0,0,0,0,0,
North Common Meadow,Bill Lafley,2025,5,24,6:42,Upper Meadow,No,B,Eastern Meadowlark,0,0,0,0,0,0,0,
North Common Meadow,Bill Lafley,2025,5,24,6:47,Lower Meadow,No,B,Eastern Meadowlark,0,0,0,0,0,0,0,
North Common Meadow,Bill Lafley,2025,5,24,7:00,Lower Meadow,No,C,Eastern Meadowlark,0,0,0,0,0,0,0,
North Common Meadow,Bill Lafley,2025,5,24,7:14,Upper Meadow,No,D,Eastern Meadowlark,0,0,0,0,0,0,0,
North Common Meadow,Bill Lafley,2025,6,7,7:45,Upper Meadow,No,A,Bobolink,0,0,0,1,0,1,1,
North Common Meadow,Bill Lafley,2025,6,7,7:52,Upper Meadow,No,B,Bobolink,0,0,0,0,0,0,0,
North Common Meadow,Bill Lafley,2025,6,7,7:57,Lower Meadow,No,B,Bobolink,0,0,0,0,0,0,0,
North Common Meadow,Bill Lafley,2025,6,7,8:09,Lower Meadow,No,C,Bobolink,0,0,0,0,0,0,0,
North Common Meadow,Bill Lafley,2025,6,7,8:25,Upper Meadow,No,D,Bobolink,0,0,0,1,0,1,1,
North Common Meadow,Bill Lafley,2025,6,7,7:45,Upper Meadow,No,A,Savannah Sparrow,0,0,0,0,0,0,0,
North Common Meadow,Bill Lafley,2025,6,7,7:52,Upper Meadow,No,B,Savannah Sparrow,0,0,0,0,0,0,0,
North Common Meadow,Bill Lafley,2025,6,7,7:57,Lower Meadow,No,B,Savannah Sparrow,0,0,0,0,0,0,0,
North Common Meadow,Bill Lafley,2025,6,7,8:09,Lower Meadow,No,C,Savannah Sparrow,0,0,0,0,0,0,0,
North Common Meadow,Bill Lafley,2025,6,7,8:25,Upper Meadow,No,D,Savannah Sparrow,0,0,0,0,0,0,0,
North Common Meadow,Bill Lafley,2025,6,7,7:45,Upper Meadow,No,A,Grasshopper Sparrow,0,0,0,0,0,0,0,
North Common Meadow,Bill Lafley,2025,6,7,7:52,Upper Meadow,No,B,Grasshopper Sparrow,0,0,0,0,0,0,0,
North Common Meadow,Bill Lafley,2025,6,7,7:57,Lower Meadow,No,B,Grasshopper Sparrow,0,0,0,0,0,0,0,
North Common Meadow,Bill Lafley,2025,6,7,8:09,Lower Meadow,No,C,Grasshopper Sparrow,0,0,0,0,0,0,0,
North Common Meadow,Bill Lafley,2025,6,7,8:25,Upper Meadow,No,D,Grasshopper Sparrow,0,0,0,0,0,0,0,
North Common Meadow,Bill Lafley,2025,6,7,7:45,Upper Meadow,No,A,Eastern Meadowlark,0,0,0,0,0,0,0,
North Common Meadow,Bill Lafley,2025,6,7,7:52,Upper Meadow,No,B,Eastern Meadowlark,0,0,0,0,0,0,0,
North Common Meadow,Bill Lafley,2025,6,7,7:57,Lower Meadow,No,B,Eastern Meadowlark,0,0,0,0,0,0,0,
North Common Meadow,Bill Lafley,2025,6,7,8:09,Lower Meadow,No,C,Eastern Meadowlark,0,0,0,0,0,0,0,
North Common Meadow,Bill Lafley,2025,6,7,8:25,Upper Meadow,No,D,Eastern Meadowlark,0,0,0,0,0,0,0,
North Common Meadow,Marjorie Kamp,2025,6,28,9:02,Upper Meadow,No,A,Bobolink,0,0,0,0,0,0,0,
North Common Meadow,Marjorie Kamp,2025,6,28,9:16,Upper Meadow,No,B,Bobolink,1,0,1,0,0,0,1,
North Common Meadow,Marjorie Kamp,2025,6,28,9:27,Lower Meadow,No,B,Bobolink,0,0,0,0,0,0,0,
North Common Meadow,Marjorie Kamp,2025,6,28,NA,Lower Meadow,No,C,Bobolink,0,0,0,0,0,0,0,
North Common Meadow,Marjorie Kamp,2025,6,28,9:51,Upper Meadow,No,D,Bobolink,0,0,0,0,0,0,0,
North Common Meadow,Marjorie Kamp,2025,6,28,9:02,Upper Meadow,No,A,Savannah Sparrow,0,0,0,0,0,0,0,
North Common Meadow,Marjorie Kamp,2025,6,28,9:16,Upper Meadow,No,B,Savannah Sparrow,0,0,0,0,0,0,0,
North Common Meadow,Marjorie Kamp,2025,6,28,9:27,Lower Meadow,No,B,Savannah Sparrow,0,0,0,0,0,0,0,
North Common Meadow,Marjorie Kamp,2025,6,28,NA,Lower Meadow,No,C,Savannah Sparrow,0,0,0,0,0,0,0,
North Common Meadow,Marjorie Kamp,2025,6,28,9:51,Upper Meadow,No,D,Savannah Sparrow,0,0,0,0,0,0,0,
North Common Meadow,Marjorie Kamp,2025,6,28,9:02,Upper Meadow,No,A,Grasshopper Sparrow,0,0,0,0,0,0,0,
North Common Meadow,Marjorie Kamp,2025,6,28,9:16,Upper Meadow,No,B,Grasshopper Sparrow,0,0,0,0,0,0,0,
North Common Meadow,Marjorie Kamp,2025,6,28,9:27,Lower Meadow,No,B,Grasshopper Sparrow,0,0,0,0,0,0,0,
North Common Meadow,Marjorie Kamp,2025,6,28,NA,Lower Meadow,No,C,Grasshopper Sparrow,0,0,0,0,0,0,0,
North Common Meadow,Marjorie Kamp,2025,6,28,9:51,Upper Meadow,No,D,Grasshopper Sparrow,0,0,0,0,0,0,0,
North Common Meadow,Marjorie Kamp,2025,6,28,9:02,Upper Meadow,No,A,Eastern Meadowlark,0,0,0,0,0,0,0,
North Common Meadow,Marjorie Kamp,2025,6,28,9:16,Upper Meadow,No,B,Eastern Meadowlark,0,0,0,0,0,0,0,
North Common Meadow,Marjorie Kamp,2025,6,28,9:27,Lower Meadow,No,B,Eastern Meadowlark,0,0,0,0,0,0,0,
North Common Meadow,Marjorie Kamp,2025,6,28,NA,Lower Meadow,No,C,Eastern Meadowlark,0,0,0,0,0,0,0,
North Common Meadow,Marjorie Kamp,2025,6,28,9:51,Upper Meadow,No,D,Eastern Meadowlark,0,0,0,0,0,0,0,
North Common Meadow,Bill Lafley,2025,6,29,6:51,Upper Meadow,No,A,Bobolink,0,0,0,0,0,0,0,
North Common Meadow,Bill Lafley,2025,6,29,6:58,Upper Meadow,No,B,Bobolink,0,0,0,0,0,0,0,
North Common Meadow,Bill Lafley,2025,6,29,7:03,Lower Meadow,No,B,Bobolink,0,0,0,0,0,0,0,
North Common Meadow,Bill Lafley,2025,6,29,7:15,Lower Meadow,No,C,Bobolink,0,0,0,0,0,0,0,
North Common Meadow,Bill Lafley,2025,6,29,7:28,Upper Meadow,No,D,Bobolink,0,0,0,0,0,0,0,
North Common Meadow,Bill Lafley,2025,6,29,6:51,Upper Meadow,No,A,Savannah Sparrow,0,0,0,0,0,0,0,
North Common Meadow,Bill Lafley,2025,6,29,6:58,Upper Meadow,No,B,Savannah Sparrow,0,0,0,0,0,0,0,
North Common Meadow,Bill Lafley,2025,6,29,7:03,Lower Meadow,No,B,Savannah Sparrow,0,0,0,0,0,0,0,
North Common Meadow,Bill Lafley,2025,6,29,7:15,Lower Meadow,No,C,Savannah Sparrow,0,0,0,0,0,0,0,
North Common Meadow,Bill Lafley,2025,6,29,7:28,Upper Meadow,No,D,Savannah Sparrow,0,0,0,0,0,0,0,
North Common Meadow,Bill Lafley,2025,6,29,6:51,Upper Meadow,No,A,Grasshopper Sparrow,0,0,0,0,0,0,0,
North Common Meadow,Bill Lafley,2025,6,29,6:58,Upper Meadow,No,B,Grasshopper Sparrow,0,0,0,0,0,0,0,
North Common Meadow,Bill Lafley,2025,6,29,7:03,Lower Meadow,No,B,Grasshopper Sparrow,0,0,0,0,0,0,0,
North Common Meadow,Bill Lafley,2025,6,29,7:15,Lower Meadow,No,C,Grasshopper Sparrow,0,0,0,0,0,0,0,
North Common Meadow,Bill Lafley,2025,6,29,7:28,Upper Meadow,No,D,Grasshopper Sparrow,0,0,0,0,0,0,0,
North Common Meadow,Bill Lafley,2025,6,29,6:51,Upper Meadow,No,A,Eastern Meadowlark,0,0,0,0,0,0,0,
North Common Meadow,Bill Lafley,2025,6,29,6:58,Upper Meadow,No,B,Eastern Meadowlark,0,0,0,0,0,0,0,
North Common Meadow,Bill Lafley,2025,6,29,7:03,Lower Meadow,No,B,Eastern Meadowlark,0,0,0,0,0,0,0,
North Common Meadow,Bill Lafley,2025,6,29,7:15,Lower Meadow,No,C,Eastern Meadowlark,0,0,0,0,0,0,0,
North Common Meadow,Bill Lafley,2025,6,29,7:28,Upper Meadow,No,D,Eastern Meadowlark,0,0,0,0,0,0,0,
North Common Meadow,Bill Lafley,2025,7,11,7:20,Upper Meadow,No,A,Bobolink,0,0,0,0,0,0,0,
North Common Meadow,Bill Lafley,2025,7,11,7:27,Upper Meadow,No,B,Bobolink,0,0,0,0,0,0,0,
North Common Meadow,Bill Lafley,2025,7,11,7:32,Lower Meadow,No,B,Bobolink,0,0,0,0,0,0,0,
North Common Meadow,Bill Lafley,2025,7,11,7:48,Lower Meadow,No,C,Bobolink,0,0,0,0,0,0,0,
North Common Meadow,Bill Lafley,2025,7,11,8:07,Upper Meadow,No,D,Bobolink,0,0,0,0,0,0,0,
North Common Meadow,Bill Lafley,2025,7,11,7:20,Upper Meadow,No,A,Savannah Sparrow,0,0,0,0,0,0,0,
North Common Meadow,Bill Lafley,2025,7,11,7:27,Upper Meadow,No,B,Savannah Sparrow,0,0,0,0,0,0,0,
North Common Meadow,Bill Lafley,2025,7,11,7:32,Lower Meadow,No,B,Savannah Sparrow,0,0,0,0,0,0,0,
North Common Meadow,Bill Lafley,2025,7,11,7:48,Lower Meadow,No,C,Savannah Sparrow,0,0,0,0,0,0,0,
North Common Meadow,Bill Lafley,2025,7,11,8:07,Upper Meadow,No,D,Savannah Sparrow,0,0,0,0,0,0,0,
North Common Meadow,Bill Lafley,2025,7,11,7:20,Upper Meadow,No,A,Grasshopper Sparrow,0,0,0,0,0,0,0,
North Common Meadow,Bill Lafley,2025,7,11,7:27,Upper Meadow,No,B,Grasshopper Sparrow,0,0,0,0,0,0,0,
North Common Meadow,Bill Lafley,2025,7,11,7:32,Lower Meadow,No,B,Grasshopper Sparrow,0,0,0,0,0,0,0,
North Common Meadow,Bill Lafley,2025,7,11,7:48,Lower Meadow,No,C,Grasshopper Sparrow,0,0,0,0,0,0,0,
North Common Meadow,Bill Lafley,2025,7,11,8:07,Upper Meadow,No,D,Grasshopper Sparrow,0,0,0,0,0,0,0,
North Common Meadow,Bill Lafley,2025,7,11,7:20,Upper Meadow,No,A,Eastern Meadowlark,0,0,0,0,0,0,0,
North Common Meadow,Bill Lafley,2025,7,11,7:27,Upper Meadow,No,B,Eastern Meadowlark,0,0,0,0,0,0,0,
North Common Meadow,Bill Lafley,2025,7,11,7:32,Lower Meadow,No,B,Eastern Meadowlark,0,0,0,0,0,0,0,
North Common Meadow,Bill Lafley,2025,7,11,7:48,Lower Meadow,No,C,Eastern Meadowlark,0,0,0,0,0,0,0,
North Common Meadow,Bill Lafley,2025,7,11,8:07,Upper Meadow,No,D,Eastern Meadowlark,0,0,0,0,0,0,0,
North Common Meadow,Marjorie Kamp,2025,7,18,9:11,Upper Meadow,No,A,Bobolink,0,0,0,0,0,0,0,
North Common Meadow,Marjorie Kamp,2025,7,18,9:20,Upper Meadow,No,B,Bobolink,0,0,0,0,0,0,0,
North Common Meadow,Marjorie Kamp,2025,7,18,9:29,Lower Meadow,No,B,Bobolink,0,0,0,0,0,0,0,
North Common Meadow,Marjorie Kamp,2025,7,18,NA,Lower Meadow,No,C,Bobolink,0,0,0,0,0,0,0,
North Common Meadow,Marjorie Kamp,2025,7,18,9:43,Upper Meadow,No,D,Bobolink,0,0,0,0,0,0,0,
North Common Meadow,Marjorie Kamp,2025,7,18,9:11,Upper Meadow,No,A,Savannah Sparrow,0,0,0,0,0,0,0,
North Common Meadow,Marjorie Kamp,2025,7,18,9:20,Upper Meadow,No,B,Savannah Sparrow,0,0,0,0,0,0,0,
North Common Meadow,Marjorie Kamp,2025,7,18,9:29,Lower Meadow,No,B,Savannah Sparrow,0,0,0,0,0,0,0,
North Common Meadow,Marjorie Kamp,2025,7,18,NA,Lower Meadow,No,C,Savannah Sparrow,0,0,0,0,0,0,0,
North Common Meadow,Marjorie Kamp,2025,7,18,9:43,Upper Meadow,No,D,Savannah Sparrow,0,0,0,0,0,0,0,
North Common Meadow,Marjorie Kamp,2025,7,18,9:11,Upper Meadow,No,A,Grasshopper Sparrow,0,0,0,0,0,0,0,
North Common Meadow,Marjorie Kamp,2025,7,18,9:20,Upper Meadow,No,B,Grasshopper Sparrow,0,0,0,0,0,0,0,
North Common Meadow,Marjorie Kamp,2025,7,18,9:29,Lower Meadow,No,B,Grasshopper Sparrow,0,0,0,0,0,0,0,
North Common Meadow,Marjorie Kamp,2025,7,18,NA,Lower Meadow,No,C,Grasshopper Sparrow,0,0,0,0,0,0,0,
North Common Meadow,Marjorie Kamp,2025,7,18,9:43,Upper Meadow,No,D,Grasshopper Sparrow,0,0,0,0,0,0,0,
North Common Meadow,Marjorie Kamp,2025,7,18,9:11,Upper Meadow,No,A,Eastern Meadowlark,0,0,0,0,0,0,0,
North Common Meadow,Marjorie Kamp,2025,7,18,9:20,Upper Meadow,No,B,Eastern Meadowlark,0,0,0,0,0,0,0,
North Common Meadow,Marjorie Kamp,2025,7,18,9:29,Lower Meadow,No,B,Eastern Meadowlark,0,0,0,0,0,0,0,
North Common Meadow,Marjorie Kamp,2025,7,18,NA,Lower Meadow,No,C,Eastern Meadowlark,0,0,0,0,0,0,0,
North Common Meadow,Marjorie Kamp,2025,7,18,9:43,Upper Meadow,No,D,Eastern Meadowlark,0,0,0,0,0,0,0,
Notchview,Adam Sussbauer,2025,5,13,10:09,Sawmill Field,No,E,Bobolink,4,0,4,0,0,0,4,
Notchview,Adam Sussbauer,2025,5,13,10:35,Sawmill Field,No,F,Bobolink,0,0,0,2,0,2,2,
Notchview,Adam Sussbauer,2025,5,13,10:09,Sawmill Field,No,E,Savannah Sparrow,0,0,0,0,0,0,0,
Notchview,Adam Sussbauer,2025,5,13,10:35,Sawmill Field,No,F,Savannah Sparrow,0,0,0,0,0,0,0,
Notchview,Adam Sussbauer,2025,5,13,10:09,Sawmill Field,No,E,Grasshopper Sparrow,0,0,0,0,0,0,0,
Notchview,Adam Sussbauer,2025,5,13,10:35,Sawmill Field,No,F,Grasshopper Sparrow,0,0,0,0,0,0,0,
Notchview,Adam Sussbauer,2025,5,13,10:09,Sawmill Field,No,E,Eastern Meadowlark,0,0,0,0,0,0,0,
Notchview,Adam Sussbauer,2025,5,13,10:35,Sawmill Field,No,F,Eastern Meadowlark,0,0,0,0,0,0,0,
Notchview,Joan and Gary Gemme,2025,5,13,8:30,Front Rt9,No,A,Bobolink,0,0,0,3,0,3,3,
Notchview,Joan and Gary Gemme,2025,5,13,8:38,Front Rt9,No,B,Bobolink,0,0,0,2,0,3,3,Bird heard not seen
Notchview,Joan and Gary Gemme,2025,5,13,8:12,Front Rt9,No,C,Bobolink,3,0,3,3,0,3,6,
Notchview,Joan and Gary Gemme,2025,5,13,8:14,Front Rt9,No,D,Bobolink,2,0,2,0,0,0,2,
Notchview,Joan and Gary Gemme,2025,5,13,8:30,Front Rt9,No,A,Savannah Sparrow,0,0,0,0,0,0,0,
Notchview,Joan and Gary Gemme,2025,5,13,8:38,Front Rt9,No,B,Savannah Sparrow,0,0,0,0,0,0,0,
Notchview,Joan and Gary Gemme,2025,5,13,8:12,Front Rt9,No,C,Savannah Sparrow,1,0,1,0,0,0,1,
Notchview,Joan and Gary Gemme,2025,5,13,8:14,Front Rt9,No,D,Savannah Sparrow,0,0,0,0,0,0,0,
Notchview,Joan and Gary Gemme,2025,5,13,8:30,Front Rt9,No,A,Grasshopper Sparrow,0,0,0,0,0,0,0,
Notchview,Joan and Gary Gemme,2025,5,13,8:38,Front Rt9,No,B,Grasshopper Sparrow,0,0,0,0,0,0,0,
Notchview,Joan and Gary Gemme,2025,5,13,8:12,Front Rt9,No,C,Grasshopper Sparrow,0,0,0,0,0,0,0,
Notchview,Joan and Gary Gemme,2025,5,13,8:14,Front Rt9,No,D,Grasshopper Sparrow,0,0,0,0,0,0,0,
Notchview,Joan and Gary Gemme,2025,5,13,8:30,Front Rt9,No,A,Eastern Meadowlark,0,0,0,0,0,0,0,
Notchview,Joan and Gary Gemme,2025,5,13,8:38,Front Rt9,No,B,Eastern Meadowlark,0,0,0,0,0,0,0,
Notchview,Joan and Gary Gemme,2025,5,13,8:12,Front Rt9,No,C,Eastern Meadowlark,0,0,0,0,0,0,0,
Notchview,Joan and Gary Gemme,2025,5,13,8:14,Front Rt9,No,D,Eastern Meadowlark,0,0,0,0,0,0,0,
Notchview,Joan and Gary Gemme,2025,5,13,9:39,Christmas Tree Pasture,No,M,Bobolink,0,0,0,0,0,0,0,
Notchview,Joan and Gary Gemme,2025,5,13,9:34,Christmas Tree Pasture,No,N,Bobolink,0,0,0,0,0,0,0,
Notchview,Joan and Gary Gemme,2025,5,13,9:24,Christmas Tree Pasture,No,O,Bobolink,0,0,0,0,0,0,0,
Notchview,Joan and Gary Gemme,2025,5,13,9:15,Hume Fields,No,P,Bobolink,0,0,0,0,0,0,0,
Notchview,Joan and Gary Gemme,2025,5,13,9:09,Hume Fields,No,R,Bobolink,0,0,0,0,0,1,1,Bird heard not seen
Notchview,Joan and Gary Gemme,2025,5,13,8:58,Hume Pasture West,No,S,Bobolink,0,0,0,0,0,1,1,Bird heard not seen
Notchview,Joan and Gary Gemme,2025,5,13,9:39,Christmas Tree Pasture,No,M,Savannah Sparrow,0,0,0,0,0,0,0,
Notchview,Joan and Gary Gemme,2025,5,13,9:34,Christmas Tree Pasture,No,N,Savannah Sparrow,0,0,0,0,0,0,0,
Notchview,Joan and Gary Gemme,2025,5,13,9:24,Christmas Tree Pasture,No,O,Savannah Sparrow,0,0,0,0,0,0,0,
Notchview,Joan and Gary Gemme,2025,5,13,9:15,Hume Fields,No,P,Savannah Sparrow,0,0,0,0,0,0,0,
Notchview,Joan and Gary Gemme,2025,5,13,9:09,Hume Fields,No,R,Savannah Sparrow,0,0,0,1,0,1,1,
Notchview,Joan and Gary Gemme,2025,5,13,8:58,Hume Pasture West,No,S,Savannah Sparrow,0,0,0,0,0,0,0,
Notchview,Joan and Gary Gemme,2025,5,13,9:39,Christmas Tree Pasture,No,M,Grasshopper Sparrow,0,0,0,0,0,0,0,
Notchview,Joan and Gary Gemme,2025,5,13,9:34,Christmas Tree Pasture,No,N,Grasshopper Sparrow,0,0,0,0,0,0,0,
Notchview,Joan and Gary Gemme,2025,5,13,9:24,Christmas Tree Pasture,No,O,Grasshopper Sparrow,0,0,0,0,0,0,0,
Notchview,Joan and Gary Gemme,2025,5,13,9:15,Hume Fields,No,P,Grasshopper Sparrow,0,0,0,0,0,0,0,
Notchview,Joan and Gary Gemme,2025,5,13,9:09,Hume Fields,No,R,Grasshopper Sparrow,0,0,0,0,0,0,0,
Notchview,Joan and Gary Gemme,2025,5,13,8:58,Hume Pasture West,No,S,Grasshopper Sparrow,0,0,0,0,0,0,0,
Notchview,Joan and Gary Gemme,2025,5,13,9:39,Christmas Tree Pasture,No,M,Eastern Meadowlark,0,0,0,0,0,0,0,
Notchview,Joan and Gary Gemme,2025,5,13,9:34,Christmas Tree Pasture,No,N,Eastern Meadowlark,0,0,0,0,0,0,0,
Notchview,Joan and Gary Gemme,2025,5,13,9:24,Christmas Tree Pasture,No,O,Eastern Meadowlark,0,0,0,0,0,0,0,
Notchview,Joan and Gary Gemme,2025,5,13,9:15,Hume Fields,No,P,Eastern Meadowlark,0,0,0,0,0,0,0,
Notchview,Joan and Gary Gemme,2025,5,13,9:09,Hume Fields,No,R,Eastern Meadowlark,0,0,0,0,0,0,0,
Notchview,Joan and Gary Gemme,2025,5,13,8:58,Hume Pasture West,No,S,Eastern Meadowlark,0,0,0,0,0,0,0,
Notchview,Mariel Hohmann,2025,5,20,9:20,Sawmill Field,No,E,Bobolink,0,0,0,3,0,3,3,
Notchview,Mariel Hohmann,2025,5,20,9:31,Sawmill Field,No,F,Bobolink,0,0,0,4,2,6,6,
Notchview,Mariel Hohmann,2025,5,20,10:37,Bates Field,No,G,Bobolink,0,0,0,0,0,0,0,
Notchview,Mariel Hohmann,2025,5,20,10:28,Bates Field,No,H,Bobolink,0,0,0,0,0,0,0,
Notchview,Mariel Hohmann,2025,5,20,10:19,Bates Field,No,J,Bobolink,0,0,0,0,0,0,0,
Notchview,Mariel Hohmann,2025,5,20,10:11,Bates Field,No,K,Bobolink,0,0,0,0,0,0,0,
Notchview,Mariel Hohmann,2025,5,20,9:20,Sawmill Field,No,E,Savannah Sparrow,0,0,0,0,0,0,0,
Notchview,Mariel Hohmann,2025,5,20,9:31,Sawmill Field,No,F,Savannah Sparrow,0,0,0,0,0,0,0,
Notchview,Mariel Hohmann,2025,5,20,10:37,Bates Field,No,G,Savannah Sparrow,0,0,0,0,0,0,0,
Notchview,Mariel Hohmann,2025,5,20,10:28,Bates Field,No,H,Savannah Sparrow,0,0,0,0,0,0,0,
Notchview,Mariel Hohmann,2025,5,20,10:19,Bates Field,No,J,Savannah Sparrow,0,0,0,0,0,0,0,
Notchview,Mariel Hohmann,2025,5,20,10:11,Bates Field,No,K,Savannah Sparrow,0,0,0,0,0,0,0,
Notchview,Mariel Hohmann,2025,5,20,9:20,Sawmill Field,No,E,Grasshopper Sparrow,0,0,0,0,0,0,0,
Notchview,Mariel Hohmann,2025,5,20,9:31,Sawmill Field,No,F,Grasshopper Sparrow,0,0,0,0,0,0,0,
Notchview,Mariel Hohmann,2025,5,20,10:37,Bates Field,No,G,Grasshopper Sparrow,0,0,0,0,0,0,0,
Notchview,Mariel Hohmann,2025,5,20,10:28,Bates Field,No,H,Grasshopper Sparrow,0,0,0,0,0,0,0,
Notchview,Mariel Hohmann,2025,5,20,10:19,Bates Field,No,J,Grasshopper Sparrow,0,0,0,0,0,0,0,
Notchview,Mariel Hohmann,2025,5,20,10:11,Bates Field,No,K,Grasshopper Sparrow,0,0,0,0,0,0,0,
Notchview,Mariel Hohmann,2025,5,20,9:20,Sawmill Field,No,E,Eastern Meadowlark,0,0,0,0,0,0,0,
Notchview,Mariel Hohmann,2025,5,20,9:31,Sawmill Field,No,F,Eastern Meadowlark,0,0,0,0,0,0,0,
Notchview,Mariel Hohmann,2025,5,20,10:37,Bates Field,No,G,Eastern Meadowlark,0,0,0,0,0,0,0,
Notchview,Mariel Hohmann,2025,5,20,10:28,Bates Field,No,H,Eastern Meadowlark,0,0,0,0,0,0,0,
Notchview,Mariel Hohmann,2025,5,20,10:19,Bates Field,No,J,Eastern Meadowlark,0,0,0,0,0,0,0,
Notchview,Mariel Hohmann,2025,5,20,10:11,Bates Field,No,K,Eastern Meadowlark,0,0,0,0,0,0,0,
Notchview,Joan and Gary Gemme,2025,5,21,8:28,Sawmill Field,No,E,Bobolink,0,0,0,3,0,3,3,
Notchview,Joan and Gary Gemme,2025,5,21,8:47,Sawmill Field,No,F,Bobolink,0,0,0,2,0,2,2,
Notchview,Joan and Gary Gemme,2025,5,21,7:54,Bates Field,No,G,Bobolink,0,0,0,0,0,0,0,
Notchview,Joan and Gary Gemme,2025,5,21,7:47,Bates Field,No,H,Bobolink,0,0,0,0,0,0,0,
Notchview,Joan and Gary Gemme,2025,5,21,7:37,Bates Field,No,J,Bobolink,0,0,0,0,0,0,0,
Notchview,Joan and Gary Gemme,2025,5,21,7:29,Bates Field,No,K,Bobolink,0,0,0,0,0,1,1,Bird heard not seen
Notchview,Joan and Gary Gemme,2025,5,21,8:28,Sawmill Field,No,E,Savannah Sparrow,0,0,0,0,0,0,0,
Notchview,Joan and Gary Gemme,2025,5,21,8:47,Sawmill Field,No,F,Savannah Sparrow,0,0,0,0,0,0,0,
Notchview,Joan and Gary Gemme,2025,5,21,7:54,Bates Field,No,G,Savannah Sparrow,0,0,0,0,0,0,0,
Notchview,Joan and Gary Gemme,2025,5,21,7:47,Bates Field,No,H,Savannah Sparrow,0,0,0,0,0,1,1,Bird heard not seen
Notchview,Joan and Gary Gemme,2025,5,21,7:37,Bates Field,No,J,Savannah Sparrow,0,0,0,0,0,0,0,
Notchview,Joan and Gary Gemme,2025,5,21,7:29,Bates Field,No,K,Savannah Sparrow,0,0,0,0,0,0,0,
Notchview,Joan and Gary Gemme,2025,5,21,8:28,Sawmill Field,No,E,Grasshopper Sparrow,0,0,0,0,0,0,0,
Notchview,Joan and Gary Gemme,2025,5,21,8:47,Sawmill Field,No,F,Grasshopper Sparrow,0,0,0,0,0,0,0,
Notchview,Joan and Gary Gemme,2025,5,21,7:54,Bates Field,No,G,Grasshopper Sparrow,0,0,0,0,0,0,0,
Notchview,Joan and Gary Gemme,2025,5,21,7:47,Bates Field,No,H,Grasshopper Sparrow,0,0,0,0,0,0,0,
Notchview,Joan and Gary Gemme,2025,5,21,7:37,Bates Field,No,J,Grasshopper Sparrow,0,0,0,0,0,0,0,
Notchview,Joan and Gary Gemme,2025,5,21,7:29,Bates Field,No,K,Grasshopper Sparrow,0,0,0,0,0,0,0,
Notchview,Joan and Gary Gemme,2025,5,21,8:28,Sawmill Field,No,E,Eastern Meadowlark,0,0,0,0,0,0,0,
Notchview,Joan and Gary Gemme,2025,5,21,8:47,Sawmill Field,No,F,Eastern Meadowlark,0,0,0,0,0,0,0,
Notchview,Joan and Gary Gemme,2025,5,21,7:54,Bates Field,No,G,Eastern Meadowlark,0,0,0,0,0,0,0,
Notchview,Joan and Gary Gemme,2025,5,21,7:47,Bates Field,No,H,Eastern Meadowlark,0,0,0,0,0,0,0,
Notchview,Joan and Gary Gemme,2025,5,21,7:37,Bates Field,No,J,Eastern Meadowlark,0,0,0,0,0,0,0,
Notchview,Joan and Gary Gemme,2025,5,21,7:29,Bates Field,No,K,Eastern Meadowlark,0,0,0,0,0,0,0,
Notchview,Adam Sussbauer,2025,5,28,9:20,Front Rt9,No,A,Bobolink,0,0,0,1,0,1,1,
Notchview,Adam Sussbauer,2025,5,28,9:30,Front Rt9,No,B,Bobolink,3,0,3,0,0,0,3,
Notchview,Adam Sussbauer,2025,5,28,9:51,Front Rt9,No,C,Bobolink,3,2,5,2,0,2,7,
Notchview,Adam Sussbauer,2025,5,28,10:02,Front Rt9,No,D,Bobolink,0,0,0,0,0,0,0,
Notchview,Adam Sussbauer,2025,5,28,9:20,Front Rt9,No,A,Savannah Sparrow,0,0,0,0,0,1,1,Bird heard not seen
Notchview,Adam Sussbauer,2025,5,28,9:30,Front Rt9,No,B,Savannah Sparrow,0,0,0,0,0,0,0,
Notchview,Adam Sussbauer,2025,5,28,9:51,Front Rt9,No,C,Savannah Sparrow,1,0,1,0,0,0,1,
Notchview,Adam Sussbauer,2025,5,28,10:02,Front Rt9,No,D,Savannah Sparrow,0,0,0,0,0,0,0,
Notchview,Adam Sussbauer,2025,5,28,9:20,Front Rt9,No,A,Grasshopper Sparrow,0,0,0,0,0,0,0,
Notchview,Adam Sussbauer,2025,5,28,9:30,Front Rt9,No,B,Grasshopper Sparrow,0,0,0,0,0,0,0,
Notchview,Adam Sussbauer,2025,5,28,9:51,Front Rt9,No,C,Grasshopper Sparrow,0,0,0,0,0,0,0,
Notchview,Adam Sussbauer,2025,5,28,10:02,Front Rt9,No,D,Grasshopper Sparrow,0,0,0,0,0,0,0,
Notchview,Adam Sussbauer,2025,5,28,9:20,Front Rt9,No,A,Eastern Meadowlark,0,0,0,0,0,0,0,
Notchview,Adam Sussbauer,2025,5,28,9:30,Front Rt9,No,B,Eastern Meadowlark,0,0,0,0,0,0,0,
Notchview,Adam Sussbauer,2025,5,28,9:51,Front Rt9,No,C,Eastern Meadowlark,0,0,0,0,0,0,0,
Notchview,Adam Sussbauer,2025,5,28,10:02,Front Rt9,No,D,Eastern Meadowlark,0,0,0,0,0,0,0,
Notchview,Joan and Gary Gemme,2025,5,30,7:16,Front Rt9,No,A,Bobolink,1,1,2,0,0,0,2,
Notchview,Joan and Gary Gemme,2025,5,30,7:23,Front Rt9,No,B,Bobolink,1,0,1,1,2,3,4,
Notchview,Joan and Gary Gemme,2025,5,30,7:33,Front Rt9,No,C,Bobolink,1,1,2,3,1,4,6,
Notchview,Joan and Gary Gemme,2025,5,30,7:43,Front Rt9,No,D,Bobolink,0,0,0,0,0,1,1,Bird heard not seen
Notchview,Joan and Gary Gemme,2025,5,30,7:16,Front Rt9,No,A,Savannah Sparrow,0,0,0,0,0,0,0,
Notchview,Joan and Gary Gemme,2025,5,30,7:23,Front Rt9,No,B,Savannah Sparrow,0,0,0,0,0,0,0,
Notchview,Joan and Gary Gemme,2025,5,30,7:33,Front Rt9,No,C,Savannah Sparrow,0,0,0,0,0,0,0,
Notchview,Joan and Gary Gemme,2025,5,30,7:43,Front Rt9,No,D,Savannah Sparrow,0,0,0,0,0,1,1,Bird heard not seen
Notchview,Joan and Gary Gemme,2025,5,30,7:16,Front Rt9,No,A,Grasshopper Sparrow,0,0,0,0,0,0,0,
Notchview,Joan and Gary Gemme,2025,5,30,7:23,Front Rt9,No,B,Grasshopper Sparrow,0,0,0,0,0,0,0,
Notchview,Joan and Gary Gemme,2025,5,30,7:33,Front Rt9,No,C,Grasshopper Sparrow,0,0,0,0,0,0,0,
Notchview,Joan and Gary Gemme,2025,5,30,7:43,Front Rt9,No,D,Grasshopper Sparrow,0,0,0,0,0,0,0,
Notchview,Joan and Gary Gemme,2025,5,30,7:16,Front Rt9,No,A,Eastern Meadowlark,0,0,0,0,0,0,0,
Notchview,Joan and Gary Gemme,2025,5,30,7:23,Front Rt9,No,B,Eastern Meadowlark,0,0,0,0,0,0,0,
Notchview,Joan and Gary Gemme,2025,5,30,7:33,Front Rt9,No,C,Eastern Meadowlark,0,0,0,0,0,0,0,
Notchview,Joan and Gary Gemme,2025,5,30,7:43,Front Rt9,No,D,Eastern Meadowlark,0,0,0,0,0,0,0,
Notchview,Joan and Gary Gemme,2025,5,30,8:38,Christmas Tree Pasture,No,M,Bobolink,0,0,0,0,0,0,0,
Notchview,Joan and Gary Gemme,2025,5,30,8:31,Christmas Tree Pasture,No,N,Bobolink,0,0,0,0,0,0,0,
Notchview,Joan and Gary Gemme,2025,5,30,8:22,Christmas Tree Pasture,No,O,Bobolink,0,0,0,0,0,0,0,
Notchview,Joan and Gary Gemme,2025,5,30,8:16,Hume Fields,No,P,Bobolink,0,0,0,1,0,1,1,
Notchview,Joan and Gary Gemme,2025,5,30,8:07,Hume Fields,No,R,Bobolink,1,1,2,0,0,0,2,
Notchview,Joan and Gary Gemme,2025,5,30,7:59,Hume Pasture West,No,S,Bobolink,0,0,0,0,0,0,0,
Notchview,Joan and Gary Gemme,2025,5,30,8:38,Christmas Tree Pasture,No,M,Savannah Sparrow,0,0,0,0,0,0,0,
Notchview,Joan and Gary Gemme,2025,5,30,8:31,Christmas Tree Pasture,No,N,Savannah Sparrow,0,0,0,0,0,0,0,
Notchview,Joan and Gary Gemme,2025,5,30,8:22,Christmas Tree Pasture,No,O,Savannah Sparrow,0,0,0,0,0,0,0,
Notchview,Joan and Gary Gemme,2025,5,30,8:16,Hume Fields,No,P,Savannah Sparrow,0,0,1,0,0,0,1,Bird heard not seen
Notchview,Joan and Gary Gemme,2025,5,30,8:07,Hume Fields,No,R,Savannah Sparrow,0,0,1,0,0,0,1,Bird heard not seen
Notchview,Joan and Gary Gemme,2025,5,30,7:59,Hume Pasture West,No,S,Savannah Sparrow,0,0,0,0,0,0,0,
Notchview,Joan and Gary Gemme,2025,5,30,8:38,Christmas Tree Pasture,No,M,Grasshopper Sparrow,0,0,0,0,0,0,0,
Notchview,Joan and Gary Gemme,2025,5,30,8:31,Christmas Tree Pasture,No,N,Grasshopper Sparrow,0,0,0,0,0,0,0,
Notchview,Joan and Gary Gemme,2025,5,30,8:22,Christmas Tree Pasture,No,O,Grasshopper Sparrow,0,0,0,0,0,0,0,
Notchview,Joan and Gary Gemme,2025,5,30,8:16,Hume Fields,No,P,Grasshopper Sparrow,0,0,0,0,0,0,0,
Notchview,Joan and Gary Gemme,2025,5,30,8:07,Hume Fields,No,R,Grasshopper Sparrow,0,0,0,0,0,0,0,
Notchview,Joan and Gary Gemme,2025,5,30,7:59,Hume Pasture West,No,S,Grasshopper Sparrow,0,0,0,0,0,0,0,
Notchview,Joan and Gary Gemme,2025,5,30,8:38,Christmas Tree Pasture,No,M,Eastern Meadowlark,0,0,0,0,0,0,0,
Notchview,Joan and Gary Gemme,2025,5,30,8:31,Christmas Tree Pasture,No,N,Eastern Meadowlark,0,0,0,0,0,0,0,
Notchview,Joan and Gary Gemme,2025,5,30,8:22,Christmas Tree Pasture,No,O,Eastern Meadowlark,0,0,0,0,0,0,0,
Notchview,Joan and Gary Gemme,2025,5,30,8:16,Hume Fields,No,P,Eastern Meadowlark,0,0,0,0,0,0,0,
Notchview,Joan and Gary Gemme,2025,5,30,8:07,Hume Fields,No,R,Eastern Meadowlark,0,0,0,0,0,0,0,
Notchview,Joan and Gary Gemme,2025,5,30,7:59,Hume Pasture West,No,S,Eastern Meadowlark,0,0,0,0,0,0,0,
Notchview,Adam Sussbauer,2025,6,3,9:20,Christmas Tree Pasture,No,M,Bobolink,0,0,0,0,0,0,0,
Notchview,Adam Sussbauer,2025,6,3,9:30,Christmas Tree Pasture,No,N,Bobolink,0,0,0,0,0,0,0,
Notchview,Adam Sussbauer,2025,6,3,9:43,Christmas Tree Pasture,No,O,Bobolink,0,0,0,0,0,0,0,
Notchview,Adam Sussbauer,2025,6,3,9:54,Hume Fields,No,P,Bobolink,0,0,0,0,0,0,0,
Notchview,Adam Sussbauer,2025,6,3,10:01,Hume Fields,No,R,Bobolink,1,1,2,0,0,0,2,
Notchview,Adam Sussbauer,2025,6,3,10:25,Hume Pasture West,No,S,Bobolink,0,0,0,0,0,0,0,
Notchview,Adam Sussbauer,2025,6,3,9:20,Christmas Tree Pasture,No,M,Savannah Sparrow,0,0,0,0,0,0,0,
Notchview,Adam Sussbauer,2025,6,3,9:30,Christmas Tree Pasture,No,N,Savannah Sparrow,0,0,0,0,0,0,0,
Notchview,Adam Sussbauer,2025,6,3,9:43,Christmas Tree Pasture,No,O,Savannah Sparrow,0,0,0,0,0,0,0,
Notchview,Adam Sussbauer,2025,6,3,9:54,Hume Fields,No,P,Savannah Sparrow,0,0,0,0,0,0,0,
Notchview,Adam Sussbauer,2025,6,3,10:01,Hume Fields,No,R,Savannah Sparrow,0,0,0,0,0,0,0,
Notchview,Adam Sussbauer,2025,6,3,10:25,Hume Pasture West,No,S,Savannah Sparrow,0,0,0,0,0,0,0,
Notchview,Adam Sussbauer,2025,6,3,9:20,Christmas Tree Pasture,No,M,Grasshopper Sparrow,0,0,0,0,0,0,0,
Notchview,Adam Sussbauer,2025,6,3,9:30,Christmas Tree Pasture,No,N,Grasshopper Sparrow,0,0,0,0,0,0,0,
Notchview,Adam Sussbauer,2025,6,3,9:43,Christmas Tree Pasture,No,O,Grasshopper Sparrow,0,0,0,0,0,0,0,
Notchview,Adam Sussbauer,2025,6,3,9:54,Hume Fields,No,P,Grasshopper Sparrow,0,0,0,0,0,0,0,
Notchview,Adam Sussbauer,2025,6,3,10:01,Hume Fields,No,R,Grasshopper Sparrow,0,0,0,0,0,0,0,
Notchview,Adam Sussbauer,2025,6,3,10:25,Hume Pasture West,No,S,Grasshopper Sparrow,0,0,0,0,0,0,0,
Notchview,Adam Sussbauer,2025,6,3,9:20,Christmas Tree Pasture,No,M,Eastern Meadowlark,0,0,0,0,0,0,0,
Notchview,Adam Sussbauer,2025,6,3,9:30,Christmas Tree Pasture,No,N,Eastern Meadowlark,0,0,0,0,0,0,0,
Notchview,Adam Sussbauer,2025,6,3,9:43,Christmas Tree Pasture,No,O,Eastern Meadowlark,0,0,0,0,0,0,0,
Notchview,Adam Sussbauer,2025,6,3,9:54,Hume Fields,No,P,Eastern Meadowlark,0,0,0,0,0,0,0,
Notchview,Adam Sussbauer,2025,6,3,10:01,Hume Fields,No,R,Eastern Meadowlark,0,0,0,0,0,0,0,
Notchview,Adam Sussbauer,2025,6,3,10:25,Hume Pasture West,No,S,Eastern Meadowlark,0,0,0,0,0,0,0,
Notchview,Will Sussbauer,2025,6,6,7:30,Christmas Tree Pasture,No,M,Bobolink,0,0,0,0,0,0,0,
Notchview,Will Sussbauer,2025,6,6,7:45,Christmas Tree Pasture,No,N,Bobolink,0,0,0,0,0,0,0,
Notchview,Will Sussbauer,2025,6,6,8:00,Christmas Tree Pasture,No,O,Bobolink,0,0,0,0,0,0,0,
Notchview,Will Sussbauer,2025,6,6,8:10,Hume Fields,No,P,Bobolink,1,0,1,0,0,0,1,
Notchview,Will Sussbauer,2025,6,6,8:20,Hume Fields,No,R,Bobolink,1,1,2,0,0,0,2,
Notchview,Will Sussbauer,2025,6,6,8:30,Hume Pasture West,No,S,Bobolink,0,0,0,0,0,0,0,
Notchview,Will Sussbauer,2025,6,6,7:30,Christmas Tree Pasture,No,M,Savannah Sparrow,0,0,0,0,0,0,0,
Notchview,Will Sussbauer,2025,6,6,7:45,Christmas Tree Pasture,No,N,Savannah Sparrow,0,0,0,0,0,0,0,
Notchview,Will Sussbauer,2025,6,6,8:00,Christmas Tree Pasture,No,O,Savannah Sparrow,0,0,0,0,0,0,0,
Notchview,Will Sussbauer,2025,6,6,8:10,Hume Fields,No,P,Savannah Sparrow,0,0,0,0,0,0,0,
Notchview,Will Sussbauer,2025,6,6,8:20,Hume Fields,No,R,Savannah Sparrow,0,0,0,0,0,0,0,
Notchview,Will Sussbauer,2025,6,6,8:30,Hume Pasture West,No,S,Savannah Sparrow,0,0,0,0,0,0,0,
Notchview,Will Sussbauer,2025,6,6,7:30,Christmas Tree Pasture,No,M,Grasshopper Sparrow,0,0,0,0,0,0,0,
Notchview,Will Sussbauer,2025,6,6,7:45,Christmas Tree Pasture,No,N,Grasshopper Sparrow,0,0,0,0,0,0,0,
Notchview,Will Sussbauer,2025,6,6,8:00,Christmas Tree Pasture,No,O,Grasshopper Sparrow,0,0,0,0,0,0,0,
Notchview,Will Sussbauer,2025,6,6,8:10,Hume Fields,No,P,Grasshopper Sparrow,0,0,0,0,0,0,0,
Notchview,Will Sussbauer,2025,6,6,8:20,Hume Fields,No,R,Grasshopper Sparrow,0,0,0,0,0,0,0,
Notchview,Will Sussbauer,2025,6,6,8:30,Hume Pasture West,No,S,Grasshopper Sparrow,0,0,0,0,0,0,0,
Notchview,Will Sussbauer,2025,6,6,7:30,Christmas Tree Pasture,No,M,Eastern Meadowlark,0,0,0,0,0,0,0,
Notchview,Will Sussbauer,2025,6,6,7:45,Christmas Tree Pasture,No,N,Eastern Meadowlark,0,0,0,0,0,0,0,
Notchview,Will Sussbauer,2025,6,6,8:00,Christmas Tree Pasture,No,O,Eastern Meadowlark,0,0,0,0,0,0,0,
Notchview,Will Sussbauer,2025,6,6,8:10,Hume Fields,No,P,Eastern Meadowlark,0,0,0,0,0,0,0,
Notchview,Will Sussbauer,2025,6,6,8:20,Hume Fields,No,R,Eastern Meadowlark,0,0,0,0,0,0,0,
Notchview,Will Sussbauer,2025,6,6,8:30,Hume Pasture West,No,S,Eastern Meadowlark,0,0,0,0,0,0,0,
Notchview,Mariel Hohmann,2025,6,3,9:21,Sawmill Field,No,E,Bobolink,0,0,0,3,2,5,5,
Notchview,Mariel Hohmann,2025,6,3,9:28,Sawmill Field,No,F,Bobolink,0,0,0,0,0,1,1,Bird heard not seen
Notchview,Mariel Hohmann,2025,6,3,10:38,Bates Field,No,G,Bobolink,0,0,0,0,0,0,0,
Notchview,Mariel Hohmann,2025,6,3,10:30,Bates Field,No,H,Bobolink,0,0,0,0,0,0,0,
Notchview,Mariel Hohmann,2025,6,3,10:16,Bates Field,No,J,Bobolink,0,0,0,0,0,0,0,
Notchview,Mariel Hohmann,2025,6,3,10:08,Bates Field,No,K,Bobolink,0,0,0,0,0,0,0,
Notchview,Mariel Hohmann,2025,6,3,9:21,Sawmill Field,No,E,Savannah Sparrow,0,0,0,0,0,0,0,
Notchview,Mariel Hohmann,2025,6,3,9:28,Sawmill Field,No,F,Savannah Sparrow,0,0,0,0,0,0,0,
Notchview,Mariel Hohmann,2025,6,3,10:38,Bates Field,No,G,Savannah Sparrow,0,0,0,0,0,0,0,
Notchview,Mariel Hohmann,2025,6,3,10:30,Bates Field,No,H,Savannah Sparrow,0,0,0,0,0,0,0,
Notchview,Mariel Hohmann,2025,6,3,10:16,Bates Field,No,J,Savannah Sparrow,0,0,0,0,0,0,0,
Notchview,Mariel Hohmann,2025,6,3,10:08,Bates Field,No,K,Savannah Sparrow,0,0,0,0,0,0,0,
Notchview,Mariel Hohmann,2025,6,3,9:21,Sawmill Field,No,E,Grasshopper Sparrow,0,0,0,0,0,0,0,
Notchview,Mariel Hohmann,2025,6,3,9:28,Sawmill Field,No,F,Grasshopper Sparrow,0,0,0,0,0,0,0,
Notchview,Mariel Hohmann,2025,6,3,10:38,Bates Field,No,G,Grasshopper Sparrow,0,0,0,0,0,0,0,
Notchview,Mariel Hohmann,2025,6,3,10:30,Bates Field,No,H,Grasshopper Sparrow,0,0,0,0,0,0,0,
Notchview,Mariel Hohmann,2025,6,3,10:16,Bates Field,No,J,Grasshopper Sparrow,0,0,0,0,0,0,0,
Notchview,Mariel Hohmann,2025,6,3,10:08,Bates Field,No,K,Grasshopper Sparrow,0,0,0,0,0,0,0,
Notchview,Mariel Hohmann,2025,6,3,9:21,Sawmill Field,No,E,Eastern Meadowlark,0,0,0,0,0,0,0,
Notchview,Mariel Hohmann,2025,6,3,9:28,Sawmill Field,No,F,Eastern Meadowlark,0,0,0,0,0,0,0,
Notchview,Mariel Hohmann,2025,6,3,10:38,Bates Field,No,G,Eastern Meadowlark,0,0,0,0,0,0,0,
Notchview,Mariel Hohmann,2025,6,3,10:30,Bates Field,No,H,Eastern Meadowlark,0,0,0,0,0,0,0,
Notchview,Mariel Hohmann,2025,6,3,10:16,Bates Field,No,J,Eastern Meadowlark,0,0,0,0,0,0,0,
Notchview,Mariel Hohmann,2025,6,3,10:08,Bates Field,No,K,Eastern Meadowlark,0,0,0,0,0,0,0,
Notchview,Harlee Strauss,2025,5,20,8:46,Christmas Tree Pasture,No,M,Bobolink,0,0,0,0,0,0,0,
Notchview,Harlee Strauss,2025,5,20,8:38,Christmas Tree Pasture,No,N,Bobolink,0,0,0,0,0,0,0,
Notchview,Harlee Strauss,2025,5,20,8:28,Christmas Tree Pasture,No,O,Bobolink,0,0,0,0,0,0,0,
Notchview,Harlee Strauss,2025,5,20,8:13,Hume Fields,No,P,Bobolink,2,1,3,0,0,0,3,
Notchview,Harlee Strauss,2025,5,20,8:03,Hume Fields,No,R,Bobolink,1,1,2,0,0,0,2,
Notchview,Harlee Strauss,2025,5,20,7:50,Hume Pasture West,No,S,Bobolink,0,0,0,0,0,0,0,
Notchview,Harlee Strauss,2025,5,20,8:46,Christmas Tree Pasture,No,M,Savannah Sparrow,0,0,0,0,0,0,0,
Notchview,Harlee Strauss,2025,5,20,8:38,Christmas Tree Pasture,No,N,Savannah Sparrow,0,0,0,0,0,0,0,
Notchview,Harlee Strauss,2025,5,20,8:28,Christmas Tree Pasture,No,O,Savannah Sparrow,0,0,0,0,0,0,0,
Notchview,Harlee Strauss,2025,5,20,8:13,Hume Fields,No,P,Savannah Sparrow,0,0,0,0,0,0,0,
Notchview,Harlee Strauss,2025,5,20,8:03,Hume Fields,No,R,Savannah Sparrow,0,0,0,0,0,0,0,
Notchview,Harlee Strauss,2025,5,20,7:50,Hume Pasture West,No,S,Savannah Sparrow,0,0,0,0,0,0,0,
Notchview,Harlee Strauss,2025,5,20,8:46,Christmas Tree Pasture,No,M,Grasshopper Sparrow,0,0,0,0,0,0,0,
Notchview,Harlee Strauss,2025,5,20,8:38,Christmas Tree Pasture,No,N,Grasshopper Sparrow,0,0,0,0,0,0,0,
Notchview,Harlee Strauss,2025,5,20,8:28,Christmas Tree Pasture,No,O,Grasshopper Sparrow,0,0,0,0,0,0,0,
Notchview,Harlee Strauss,2025,5,20,8:13,Hume Fields,No,P,Grasshopper Sparrow,0,0,0,0,0,0,0,
Notchview,Harlee Strauss,2025,5,20,8:03,Hume Fields,No,R,Grasshopper Sparrow,0,0,0,0,0,0,0,
Notchview,Harlee Strauss,2025,5,20,7:50,Hume Pasture West,No,S,Grasshopper Sparrow,0,0,0,0,0,0,0,
Notchview,Harlee Strauss,2025,5,20,8:46,Christmas Tree Pasture,No,M,Eastern Meadowlark,0,0,0,0,0,0,0,
Notchview,Harlee Strauss,2025,5,20,8:38,Christmas Tree Pasture,No,N,Eastern Meadowlark,0,0,0,0,0,0,0,
Notchview,Harlee Strauss,2025,5,20,8:28,Christmas Tree Pasture,No,O,Eastern Meadowlark,0,0,0,0,0,0,0,
Notchview,Harlee Strauss,2025,5,20,8:13,Hume Fields,No,P,Eastern Meadowlark,0,0,0,0,0,0,0,
Notchview,Harlee Strauss,2025,5,20,8:03,Hume Fields,No,R,Eastern Meadowlark,0,0,0,0,0,0,0,
Notchview,Harlee Strauss,2025,5,20,7:50,Hume Pasture West,No,S,Eastern Meadowlark,0,0,0,0,0,0,0,
Notchview,Harlee Strauss,2025,5,20,9:10,Front Rt9,No,A,Bobolink,3,1,4,0,0,0,4,
Notchview,Harlee Strauss,2025,5,20,9:20,Front Rt9,No,B,Bobolink,3,0,3,0,0,0,3,
Notchview,Harlee Strauss,2025,5,20,9:43,Front Rt9,No,C,Bobolink,3,0,3,0,0,0,3,
Notchview,Harlee Strauss,2025,5,20,9:36,Front Rt9,No,D,Bobolink,0,0,0,0,0,0,0,
Notchview,Harlee Strauss,2025,5,20,9:10,Front Rt9,No,A,Savannah Sparrow,0,0,1,0,0,0,1,
Notchview,Harlee Strauss,2025,5,20,9:20,Front Rt9,No,B,Savannah Sparrow,0,0,0,0,0,0,0,
Notchview,Harlee Strauss,2025,5,20,9:43,Front Rt9,No,C,Savannah Sparrow,0,0,0,0,0,0,0,
Notchview,Harlee Strauss,2025,5,20,9:36,Front Rt9,No,D,Savannah Sparrow,0,0,0,0,0,0,0,
Notchview,Harlee Strauss,2025,5,20,9:10,Front Rt9,No,A,Grasshopper Sparrow,0,0,0,0,0,0,0,
Notchview,Harlee Strauss,2025,5,20,9:20,Front Rt9,No,B,Grasshopper Sparrow,0,0,0,0,0,0,0,
Notchview,Harlee Strauss,2025,5,20,9:43,Front Rt9,No,C,Grasshopper Sparrow,0,0,0,0,0,0,0,
Notchview,Harlee Strauss,2025,5,20,9:36,Front Rt9,No,D,Grasshopper Sparrow,0,0,0,0,0,0,0,
Notchview,Harlee Strauss,2025,5,20,9:10,Front Rt9,No,A,Eastern Meadowlark,0,0,0,0,0,0,0,
Notchview,Harlee Strauss,2025,5,20,9:20,Front Rt9,No,B,Eastern Meadowlark,0,0,0,0,0,0,0,
Notchview,Harlee Strauss,2025,5,20,9:43,Front Rt9,No,C,Eastern Meadowlark,0,0,0,0,0,0,0,
Notchview,Harlee Strauss,2025,5,20,9:36,Front Rt9,No,D,Eastern Meadowlark,0,0,0,0,0,0,0,
Notchview,Joan and Gary Gemme,2025,6,11,8:14,Front Rt9,No,A,Bobolink,1,0,1,1,1,2,3,
Notchview,Joan and Gary Gemme,2025,6,11,8:21,Front Rt9,No,B,Bobolink,1,1,2,2,1,3,5,
Notchview,Joan and Gary Gemme,2025,6,11,8:04,Front Rt9,No,C,Bobolink,1,0,1,1,0,1,2,
Notchview,Joan and Gary Gemme,2025,6,11,7:57,Front Rt9,No,D,Bobolink,0,0,0,0,0,1,1,Bird heard not seen
Notchview,Joan and Gary Gemme,2025,6,11,8:14,Front Rt9,No,A,Savannah Sparrow,0,0,0,0,0,0,0,
Notchview,Joan and Gary Gemme,2025,6,11,8:21,Front Rt9,No,B,Savannah Sparrow,0,0,0,0,0,0,0,
Notchview,Joan and Gary Gemme,2025,6,11,8:04,Front Rt9,No,C,Savannah Sparrow,0,0,0,0,0,0,0,
Notchview,Joan and Gary Gemme,2025,6,11,7:57,Front Rt9,No,D,Savannah Sparrow,0,0,0,0,0,0,0,
Notchview,Joan and Gary Gemme,2025,6,11,8:14,Front Rt9,No,A,Grasshopper Sparrow,0,0,0,0,0,0,0,
Notchview,Joan and Gary Gemme,2025,6,11,8:21,Front Rt9,No,B,Grasshopper Sparrow,0,0,0,0,0,0,0,
Notchview,Joan and Gary Gemme,2025,6,11,8:04,Front Rt9,No,C,Grasshopper Sparrow,0,0,0,0,0,0,0,
Notchview,Joan and Gary Gemme,2025,6,11,7:57,Front Rt9,No,D,Grasshopper Sparrow,0,0,0,0,0,0,0,
Notchview,Joan and Gary Gemme,2025,6,11,8:14,Front Rt9,No,A,Eastern Meadowlark,0,0,0,0,0,0,0,
Notchview,Joan and Gary Gemme,2025,6,11,8:21,Front Rt9,No,B,Eastern Meadowlark,0,0,0,0,0,0,0,
Notchview,Joan and Gary Gemme,2025,6,11,8:04,Front Rt9,No,C,Eastern Meadowlark,0,0,0,0,0,0,0,
Notchview,Joan and Gary Gemme,2025,6,11,7:57,Front Rt9,No,D,Eastern Meadowlark,0,0,0,0,0,0,0,
Notchview,Joan and Gary Gemme,2025,6,11,7:46,Christmas Tree Pasture,No,M,Bobolink,0,0,0,0,0,0,0,
Notchview,Joan and Gary Gemme,2025,6,11,7:40,Christmas Tree Pasture,No,N,Bobolink,0,0,0,0,0,0,0,
Notchview,Joan and Gary Gemme,2025,6,11,7:30,Christmas Tree Pasture,No,O,Bobolink,0,0,0,0,0,0,0,
Notchview,Joan and Gary Gemme,2025,6,11,7:23,Hume Fields,No,P,Bobolink,0,0,0,1,0,1,1,
Notchview,Joan and Gary Gemme,2025,6,11,7:14,Hume Fields,No,R,Bobolink,0,0,0,1,1,2,2,
Notchview,Joan and Gary Gemme,2025,6,11,7:05,Hume Pasture West,No,S,Bobolink,0,0,0,0,0,0,0,
Notchview,Joan and Gary Gemme,2025,6,11,7:46,Christmas Tree Pasture,No,M,Savannah Sparrow,0,0,0,0,0,0,0,
Notchview,Joan and Gary Gemme,2025,6,11,7:40,Christmas Tree Pasture,No,N,Savannah Sparrow,0,0,0,0,0,0,0,
Notchview,Joan and Gary Gemme,2025,6,11,7:30,Christmas Tree Pasture,No,O,Savannah Sparrow,0,0,0,0,0,0,0,
Notchview,Joan and Gary Gemme,2025,6,11,7:23,Hume Fields,No,P,Savannah Sparrow,0,0,0,0,0,0,0,
Notchview,Joan and Gary Gemme,2025,6,11,7:14,Hume Fields,No,R,Savannah Sparrow,0,0,0,0,0,0,0,
Notchview,Joan and Gary Gemme,2025,6,11,7:05,Hume Pasture West,No,S,Savannah Sparrow,0,0,0,0,0,0,0,
Notchview,Joan and Gary Gemme,2025,6,11,7:46,Christmas Tree Pasture,No,M,Grasshopper Sparrow,0,0,0,0,0,0,0,
Notchview,Joan and Gary Gemme,2025,6,11,7:40,Christmas Tree Pasture,No,N,Grasshopper Sparrow,0,0,0,0,0,0,0,
Notchview,Joan and Gary Gemme,2025,6,11,7:30,Christmas Tree Pasture,No,O,Grasshopper Sparrow,0,0,0,0,0,0,0,
Notchview,Joan and Gary Gemme,2025,6,11,7:23,Hume Fields,No,P,Grasshopper Sparrow,0,0,0,0,0,0,0,
Notchview,Joan and Gary Gemme,2025,6,11,7:14,Hume Fields,No,R,Grasshopper Sparrow,0,0,0,0,0,0,0,
Notchview,Joan and Gary Gemme,2025,6,11,7:05,Hume Pasture West,No,S,Grasshopper Sparrow,0,0,0,0,0,0,0,
Notchview,Joan and Gary Gemme,2025,6,11,7:46,Christmas Tree Pasture,No,M,Eastern Meadowlark,0,0,0,0,0,0,0,
Notchview,Joan and Gary Gemme,2025,6,11,7:40,Christmas Tree Pasture,No,N,Eastern Meadowlark,0,0,0,0,0,0,0,
Notchview,Joan and Gary Gemme,2025,6,11,7:30,Christmas Tree Pasture,No,O,Eastern Meadowlark,0,0,0,0,0,0,0,
Notchview,Joan and Gary Gemme,2025,6,11,7:23,Hume Fields,No,P,Eastern Meadowlark,0,0,0,0,0,0,0,
Notchview,Joan and Gary Gemme,2025,6,11,7:14,Hume Fields,No,R,Eastern Meadowlark,0,0,0,0,0,0,0,
Notchview,Joan and Gary Gemme,2025,6,11,7:05,Hume Pasture West,No,S,Eastern Meadowlark,0,0,0,0,0,0,0,
Notchview,Joan and Gary Gemme,2025,6,5,8:43,Sawmill Field,No,E,Bobolink,0,0,0,0,0,0,0,
Notchview,Joan and Gary Gemme,2025,6,5,9:10,Sawmill Field,No,F,Bobolink,0,0,0,2,0,3,3,Flyovers
Notchview,Joan and Gary Gemme,2025,6,5,7:58,Bates Field,No,G,Bobolink,0,0,0,0,0,0,0,
Notchview,Joan and Gary Gemme,2025,6,5,7:47,Bates Field,No,H,Bobolink,0,0,0,0,0,0,0,
Notchview,Joan and Gary Gemme,2025,6,5,7:38,Bates Field,No,J,Bobolink,0,0,0,0,0,0,0,
Notchview,Joan and Gary Gemme,2025,6,5,7:29,Bates Field,No,K,Bobolink,0,0,0,0,0,0,0,
Notchview,Joan and Gary Gemme,2025,6,5,8:43,Sawmill Field,No,E,Savannah Sparrow,0,0,0,0,0,0,0,
Notchview,Joan and Gary Gemme,2025,6,5,9:10,Sawmill Field,No,F,Savannah Sparrow,0,0,0,0,0,0,0,
Notchview,Joan and Gary Gemme,2025,6,5,7:58,Bates Field,No,G,Savannah Sparrow,0,0,0,0,0,0,0,
Notchview,Joan and Gary Gemme,2025,6,5,7:47,Bates Field,No,H,Savannah Sparrow,0,0,0,0,0,0,0,
Notchview,Joan and Gary Gemme,2025,6,5,7:38,Bates Field,No,J,Savannah Sparrow,0,0,0,0,0,0,0,
Notchview,Joan and Gary Gemme,2025,6,5,7:29,Bates Field,No,K,Savannah Sparrow,0,0,0,0,0,0,0,
Notchview,Joan and Gary Gemme,2025,6,5,8:43,Sawmill Field,No,E,Grasshopper Sparrow,0,0,0,0,0,0,0,
Notchview,Joan and Gary Gemme,2025,6,5,9:10,Sawmill Field,No,F,Grasshopper Sparrow,0,0,0,0,0,0,0,
Notchview,Joan and Gary Gemme,2025,6,5,7:58,Bates Field,No,G,Grasshopper Sparrow,0,0,0,0,0,0,0,
Notchview,Joan and Gary Gemme,2025,6,5,7:47,Bates Field,No,H,Grasshopper Sparrow,0,0,0,0,0,0,0,
Notchview,Joan and Gary Gemme,2025,6,5,7:38,Bates Field,No,J,Grasshopper Sparrow,0,0,0,0,0,0,0,
Notchview,Joan and Gary Gemme,2025,6,5,7:29,Bates Field,No,K,Grasshopper Sparrow,0,0,0,0,0,0,0,
Notchview,Joan and Gary Gemme,2025,6,5,8:43,Sawmill Field,No,E,Eastern Meadowlark,0,0,0,0,0,0,0,
Notchview,Joan and Gary Gemme,2025,6,5,9:10,Sawmill Field,No,F,Eastern Meadowlark,0,0,0,0,0,0,0,
Notchview,Joan and Gary Gemme,2025,6,5,7:58,Bates Field,No,G,Eastern Meadowlark,0,0,0,0,0,0,0,
Notchview,Joan and Gary Gemme,2025,6,5,7:47,Bates Field,No,H,Eastern Meadowlark,0,0,0,0,0,0,0,
Notchview,Joan and Gary Gemme,2025,6,5,7:38,Bates Field,No,J,Eastern Meadowlark,0,0,0,0,0,0,0,
Notchview,Joan and Gary Gemme,2025,6,5,7:29,Bates Field,No,K,Eastern Meadowlark,0,0,0,0,0,0,0,
Notchview,Mariel Hohmann,2025,6,15,12:14,Sawmill Field,No,E,Bobolink,0,0,0,2,1,3,3,
Notchview,Mariel Hohmann,2025,6,15,12:25,Sawmill Field,No,F,Bobolink,0,0,0,2,0,2,2,
Notchview,Mariel Hohmann,2025,6,15,1:33,Bates Field,No,G,Bobolink,0,0,0,0,0,0,0,
Notchview,Mariel Hohmann,2025,6,15,1:24,Bates Field,No,H,Bobolink,0,0,0,0,0,0,0,
Notchview,Mariel Hohmann,2025,6,15,1:15,Bates Field,No,J,Bobolink,0,0,0,0,0,0,0,
Notchview,Mariel Hohmann,2025,6,15,1:05,Bates Field,No,K,Bobolink,0,0,0,0,0,0,0,
Notchview,Mariel Hohmann,2025,6,15,12:14,Sawmill Field,No,E,Savannah Sparrow,0,0,0,0,0,0,0,
Notchview,Mariel Hohmann,2025,6,15,12:25,Sawmill Field,No,F,Savannah Sparrow,0,0,0,0,0,0,0,
Notchview,Mariel Hohmann,2025,6,15,1:33,Bates Field,No,G,Savannah Sparrow,0,0,0,0,0,0,0,
Notchview,Mariel Hohmann,2025,6,15,1:24,Bates Field,No,H,Savannah Sparrow,0,0,0,0,0,0,0,
Notchview,Mariel Hohmann,2025,6,15,1:15,Bates Field,No,J,Savannah Sparrow,0,0,0,0,0,0,0,
Notchview,Mariel Hohmann,2025,6,15,1:05,Bates Field,No,K,Savannah Sparrow,0,0,0,0,0,0,0,
Notchview,Mariel Hohmann,2025,6,15,12:14,Sawmill Field,No,E,Grasshopper Sparrow,0,0,0,0,0,0,0,
Notchview,Mariel Hohmann,2025,6,15,12:25,Sawmill Field,No,F,Grasshopper Sparrow,0,0,0,0,0,0,0,
Notchview,Mariel Hohmann,2025,6,15,1:33,Bates Field,No,G,Grasshopper Sparrow,0,0,0,0,0,0,0,
Notchview,Mariel Hohmann,2025,6,15,1:24,Bates Field,No,H,Grasshopper Sparrow,0,0,0,0,0,0,0,
Notchview,Mariel Hohmann,2025,6,15,1:15,Bates Field,No,J,Grasshopper Sparrow,0,0,0,0,0,0,0,
Notchview,Mariel Hohmann,2025,6,15,1:05,Bates Field,No,K,Grasshopper Sparrow,0,0,0,0,0,0,0,
Notchview,Mariel Hohmann,2025,6,15,12:14,Sawmill Field,No,E,Eastern Meadowlark,0,0,0,0,0,0,0,
Notchview,Mariel Hohmann,2025,6,15,12:25,Sawmill Field,No,F,Eastern Meadowlark,0,0,0,0,0,0,0,
Notchview,Mariel Hohmann,2025,6,15,1:33,Bates Field,No,G,Eastern Meadowlark,0,0,0,0,0,0,0,
Notchview,Mariel Hohmann,2025,6,15,1:24,Bates Field,No,H,Eastern Meadowlark,0,0,0,0,0,0,0,
Notchview,Mariel Hohmann,2025,6,15,1:15,Bates Field,No,J,Eastern Meadowlark,0,0,0,0,0,0,0,
Notchview,Mariel Hohmann,2025,6,15,1:05,Bates Field,No,K,Eastern Meadowlark,0,0,0,0,0,0,0,
Notchview,Joan and Gary Gemme,2025,6,24,8:04,Sawmill Field,No,E,Bobolink,0,0,0,2,1,3,3,
Notchview,Joan and Gary Gemme,2025,6,24,8:03,Sawmill Field,No,F,Bobolink,0,0,0,2,1,3,3,
Notchview,Joan and Gary Gemme,2025,6,24,7:11,Bates Field,No,G,Bobolink,0,0,0,0,0,0,0,
Notchview,Joan and Gary Gemme,2025,6,24,7:25,Bates Field,No,H,Bobolink,0,0,0,0,0,0,0,
Notchview,Joan and Gary Gemme,2025,6,24,7:20,Bates Field,No,J,Bobolink,0,0,0,0,0,0,0,
Notchview,Joan and Gary Gemme,2025,6,24,7:10,Bates Field,No,K,Bobolink,0,0,0,0,0,0,0,
Notchview,Joan and Gary Gemme,2025,6,24,8:04,Sawmill Field,No,E,Savannah Sparrow,0,0,0,0,0,0,0,
Notchview,Joan and Gary Gemme,2025,6,24,8:03,Sawmill Field,No,F,Savannah Sparrow,0,0,0,0,0,0,0,
Notchview,Joan and Gary Gemme,2025,6,24,7:11,Bates Field,No,G,Savannah Sparrow,0,0,0,0,0,0,0,
Notchview,Joan and Gary Gemme,2025,6,24,7:25,Bates Field,No,H,Savannah Sparrow,0,0,0,0,0,0,0,
Notchview,Joan and Gary Gemme,2025,6,24,7:20,Bates Field,No,J,Savannah Sparrow,0,0,0,0,0,0,0,
Notchview,Joan and Gary Gemme,2025,6,24,7:10,Bates Field,No,K,Savannah Sparrow,0,0,0,0,0,0,0,
Notchview,Joan and Gary Gemme,2025,6,24,8:04,Sawmill Field,No,E,Grasshopper Sparrow,0,0,0,0,0,0,0,
Notchview,Joan and Gary Gemme,2025,6,24,8:03,Sawmill Field,No,F,Grasshopper Sparrow,0,0,0,0,0,0,0,
Notchview,Joan and Gary Gemme,2025,6,24,7:11,Bates Field,No,G,Grasshopper Sparrow,0,0,0,0,0,0,0,
Notchview,Joan and Gary Gemme,2025,6,24,7:25,Bates Field,No,H,Grasshopper Sparrow,0,0,0,0,0,0,0,
Notchview,Joan and Gary Gemme,2025,6,24,7:20,Bates Field,No,J,Grasshopper Sparrow,0,0,0,0,0,0,0,
Notchview,Joan and Gary Gemme,2025,6,24,7:10,Bates Field,No,K,Grasshopper Sparrow,0,0,0,0,0,0,0,
Notchview,Joan and Gary Gemme,2025,6,24,8:04,Sawmill Field,No,E,Eastern Meadowlark,0,0,0,0,0,0,0,
Notchview,Joan and Gary Gemme,2025,6,24,8:03,Sawmill Field,No,F,Eastern Meadowlark,0,0,0,0,0,0,0,
Notchview,Joan and Gary Gemme,2025,6,24,7:11,Bates Field,No,G,Eastern Meadowlark,0,0,0,0,0,0,0,
Notchview,Joan and Gary Gemme,2025,6,24,7:25,Bates Field,No,H,Eastern Meadowlark,0,0,0,0,0,0,0,
Notchview,Joan and Gary Gemme,2025,6,24,7:20,Bates Field,No,J,Eastern Meadowlark,0,0,0,0,0,0,0,
Notchview,Joan and Gary Gemme,2025,6,24,7:10,Bates Field,No,K,Eastern Meadowlark,0,0,0,0,0,0,0,
Notchview,Joan and Gary Gemme,2025,7,1,7:51,Front Rt9,No,A,Bobolink,0,0,0,0,0,1,1,Bird heard not seen
Notchview,Joan and Gary Gemme,2025,7,1,8:00,Front Rt9,No,B,Bobolink,1,1,2,0,0,0,2,
Notchview,Joan and Gary Gemme,2025,7,1,7:41,Front Rt9,No,C,Bobolink,1,0,1,3,1,4,4,
Notchview,Joan and Gary Gemme,2025,7,1,7:32,Front Rt9,No,D,Bobolink,0,0,0,0,0,2,2,Bird heard not seen
Notchview,Joan and Gary Gemme,2025,7,1,7:51,Front Rt9,No,A,Savannah Sparrow,0,0,0,0,0,0,0,
Notchview,Joan and Gary Gemme,2025,7,1,8:00,Front Rt9,No,B,Savannah Sparrow,0,0,0,0,0,0,0,
Notchview,Joan and Gary Gemme,2025,7,1,7:41,Front Rt9,No,C,Savannah Sparrow,0,0,0,0,0,0,0,
Notchview,Joan and Gary Gemme,2025,7,1,7:32,Front Rt9,No,D,Savannah Sparrow,0,0,0,0,0,0,0,
Notchview,Joan and Gary Gemme,2025,7,1,7:51,Front Rt9,No,A,Grasshopper Sparrow,0,0,0,0,0,0,0,
Notchview,Joan and Gary Gemme,2025,7,1,8:00,Front Rt9,No,B,Grasshopper Sparrow,0,0,0,0,0,0,0,
Notchview,Joan and Gary Gemme,2025,7,1,7:41,Front Rt9,No,C,Grasshopper Sparrow,0,0,0,0,0,0,0,
Notchview,Joan and Gary Gemme,2025,7,1,7:32,Front Rt9,No,D,Grasshopper Sparrow,0,0,0,0,0,0,0,
Notchview,Joan and Gary Gemme,2025,7,1,7:51,Front Rt9,No,A,Eastern Meadowlark,0,0,0,0,0,0,0,
Notchview,Joan and Gary Gemme,2025,7,1,8:00,Front Rt9,No,B,Eastern Meadowlark,0,0,0,0,0,0,0,
Notchview,Joan and Gary Gemme,2025,7,1,7:41,Front Rt9,No,C,Eastern Meadowlark,0,0,0,0,0,0,0,
Notchview,Joan and Gary Gemme,2025,7,1,7:32,Front Rt9,No,D,Eastern Meadowlark,0,0,0,0,0,0,0,
Notchview,Mariel Hohmann,2025,7,3,9:05,Sawmill Field,No,E,Bobolink,2,0,2,4,5,9,11,
Notchview,Mariel Hohmann,2025,7,3,9:13,Sawmill Field,No,F,Bobolink,0,0,0,2,2,4,4,
Notchview,Mariel Hohmann,2025,7,3,10:30,Bates Field,No,G,Bobolink,0,0,0,0,0,0,0,
Notchview,Mariel Hohmann,2025,7,3,10:26,Bates Field,No,H,Bobolink,0,0,0,0,0,0,0,
Notchview,Mariel Hohmann,2025,7,3,10:15,Bates Field,No,J,Bobolink,0,0,0,0,0,0,0,
Notchview,Mariel Hohmann,2025,7,3,10:04,Bates Field,No,K,Bobolink,0,0,0,0,0,0,0,
Notchview,Mariel Hohmann,2025,7,3,9:05,Sawmill Field,No,E,Savannah Sparrow,0,0,0,0,0,0,0,
Notchview,Mariel Hohmann,2025,7,3,9:13,Sawmill Field,No,F,Savannah Sparrow,0,0,0,0,0,0,0,
Notchview,Mariel Hohmann,2025,7,3,10:30,Bates Field,No,G,Savannah Sparrow,0,0,0,0,0,0,0,
Notchview,Mariel Hohmann,2025,7,3,10:26,Bates Field,No,H,Savannah Sparrow,0,0,0,0,0,0,0,
Notchview,Mariel Hohmann,2025,7,3,10:15,Bates Field,No,J,Savannah Sparrow,0,0,0,0,0,0,0,
Notchview,Mariel Hohmann,2025,7,3,10:04,Bates Field,No,K,Savannah Sparrow,0,0,0,0,0,0,0,
Notchview,Mariel Hohmann,2025,7,3,9:05,Sawmill Field,No,E,Grasshopper Sparrow,0,0,0,0,0,0,0,
Notchview,Mariel Hohmann,2025,7,3,9:13,Sawmill Field,No,F,Grasshopper Sparrow,0,0,0,0,0,0,0,
Notchview,Mariel Hohmann,2025,7,3,10:30,Bates Field,No,G,Grasshopper Sparrow,0,0,0,0,0,0,0,
Notchview,Mariel Hohmann,2025,7,3,10:26,Bates Field,No,H,Grasshopper Sparrow,0,0,0,0,0,0,0,
Notchview,Mariel Hohmann,2025,7,3,10:15,Bates Field,No,J,Grasshopper Sparrow,0,0,0,0,0,0,0,
Notchview,Mariel Hohmann,2025,7,3,10:04,Bates Field,No,K,Grasshopper Sparrow,0,0,0,0,0,0,0,
Notchview,Mariel Hohmann,2025,7,3,9:05,Sawmill Field,No,E,Eastern Meadowlark,0,0,0,0,0,0,0,
Notchview,Mariel Hohmann,2025,7,3,9:13,Sawmill Field,No,F,Eastern Meadowlark,0,0,0,0,0,0,0,
Notchview,Mariel Hohmann,2025,7,3,10:30,Bates Field,No,G,Eastern Meadowlark,0,0,0,0,0,0,0,
Notchview,Mariel Hohmann,2025,7,3,10:26,Bates Field,No,H,Eastern Meadowlark,0,0,0,0,0,0,0,
Notchview,Mariel Hohmann,2025,7,3,10:15,Bates Field,No,J,Eastern Meadowlark,0,0,0,0,0,0,0,
Notchview,Mariel Hohmann,2025,7,3,10:04,Bates Field,No,K,Eastern Meadowlark,0,0,0,0,0,0,0,
Notchview,Harlee Straus,2025,6,24,7:45,Front Rt9,No,A,Bobolink,3,3,6,0,0,0,6,
Notchview,Harlee Straus,2025,6,24,8:00,Front Rt9,No,B,Bobolink,3,3,6,0,0,0,6,
Notchview,Harlee Straus,2025,6,24,8:13,Front Rt9,No,C,Bobolink,3,0,3,0,0,0,3,
Notchview,Harlee Straus,2025,6,24,8:22,Front Rt9,No,D,Bobolink,0,0,0,0,0,0,0,
Notchview,Harlee Straus,2025,6,24,7:45,Front Rt9,No,A,Savannah Sparrow,0,0,0,0,0,0,0,
Notchview,Harlee Straus,2025,6,24,8:00,Front Rt9,No,B,Savannah Sparrow,0,0,0,0,0,0,0,
Notchview,Harlee Straus,2025,6,24,8:13,Front Rt9,No,C,Savannah Sparrow,0,0,0,0,0,0,0,
Notchview,Harlee Straus,2025,6,24,8:22,Front Rt9,No,D,Savannah Sparrow,0,0,0,0,0,0,0,
Notchview,Harlee Straus,2025,6,24,7:45,Front Rt9,No,A,Grasshopper Sparrow,0,0,0,0,0,0,0,
Notchview,Harlee Straus,2025,6,24,8:00,Front Rt9,No,B,Grasshopper Sparrow,0,0,0,0,0,0,0,
Notchview,Harlee Straus,2025,6,24,8:13,Front Rt9,No,C,Grasshopper Sparrow,0,0,0,0,0,0,0,
Notchview,Harlee Straus,2025,6,24,8:22,Front Rt9,No,D,Grasshopper Sparrow,0,0,0,0,0,0,0,
Notchview,Harlee Straus,2025,6,24,7:45,Front Rt9,No,A,Eastern Meadowlark,0,0,0,0,0,0,0,
Notchview,Harlee Straus,2025,6,24,8:00,Front Rt9,No,B,Eastern Meadowlark,0,0,0,0,0,0,0,
Notchview,Harlee Straus,2025,6,24,8:13,Front Rt9,No,C,Eastern Meadowlark,0,0,0,0,0,0,0,
Notchview,Harlee Straus,2025,6,24,8:22,Front Rt9,No,D,Eastern Meadowlark,0,0,0,0,0,0,0,
Notchview,Harlee Straus,2025,6,24,9:33,Christmas Tree Pasture,Yes,M,Bobolink,0,0,0,0,0,0,0,
Notchview,Harlee Straus,2025,6,24,9:26,Christmas Tree Pasture,Yes,N,Bobolink,0,0,0,0,0,0,0,
Notchview,Harlee Straus,2025,6,24,9:17,Christmas Tree Pasture,Yes,O,Bobolink,0,0,0,0,0,0,0,
Notchview,Harlee Straus,2025,6,24,9:09,Hume Fields,Yes,P,Bobolink,0,0,0,0,0,0,0,
Notchview,Harlee Straus,2025,6,24,9:03,Hume Fields,Yes,R,Bobolink,1,2,3,0,0,0,3,
Notchview,Harlee Straus,2025,6,24,8:49,Hume Pasture West,Yes,S,Bobolink,0,0,0,0,0,0,0,
Notchview,Harlee Straus,2025,6,24,9:33,Christmas Tree Pasture,Yes,M,Savannah Sparrow,0,0,0,0,0,0,0,
Notchview,Harlee Straus,2025,6,24,9:26,Christmas Tree Pasture,Yes,N,Savannah Sparrow,0,0,0,0,0,0,0,
Notchview,Harlee Straus,2025,6,24,9:17,Christmas Tree Pasture,Yes,O,Savannah Sparrow,0,0,0,0,0,0,0,
Notchview,Harlee Straus,2025,6,24,9:09,Hume Fields,Yes,P,Savannah Sparrow,0,0,0,0,0,0,0,
Notchview,Harlee Straus,2025,6,24,9:03,Hume Fields,Yes,R,Savannah Sparrow,0,0,0,0,0,0,0,
Notchview,Harlee Straus,2025,6,24,8:49,Hume Pasture West,Yes,S,Savannah Sparrow,0,0,0,0,0,0,0,
Notchview,Harlee Straus,2025,6,24,9:33,Christmas Tree Pasture,Yes,M,Grasshopper Sparrow,0,0,0,0,0,0,0,
Notchview,Harlee Straus,2025,6,24,9:26,Christmas Tree Pasture,Yes,N,Grasshopper Sparrow,0,0,0,0,0,0,0,
Notchview,Harlee Straus,2025,6,24,9:17,Christmas Tree Pasture,Yes,O,Grasshopper Sparrow,0,0,0,0,0,0,0,
Notchview,Harlee Straus,2025,6,24,9:09,Hume Fields,Yes,P,Grasshopper Sparrow,0,0,0,0,0,0,0,
Notchview,Harlee Straus,2025,6,24,9:03,Hume Fields,Yes,R,Grasshopper Sparrow,0,0,0,0,0,0,0,
Notchview,Harlee Straus,2025,6,24,8:49,Hume Pasture West,Yes,S,Grasshopper Sparrow,0,0,0,0,0,0,0,
Notchview,Harlee Straus,2025,6,24,9:33,Christmas Tree Pasture,Yes,M,Eastern Meadowlark,0,0,0,0,0,0,0,
Notchview,Harlee Straus,2025,6,24,9:26,Christmas Tree Pasture,Yes,N,Eastern Meadowlark,0,0,0,0,0,0,0,
Notchview,Harlee Straus,2025,6,24,9:17,Christmas Tree Pasture,Yes,O,Eastern Meadowlark,0,0,0,0,0,0,0,
Notchview,Harlee Straus,2025,6,24,9:09,Hume Fields,Yes,P,Eastern Meadowlark,0,0,0,0,0,0,0,
Notchview,Harlee Straus,2025,6,24,9:03,Hume Fields,Yes,R,Eastern Meadowlark,0,0,0,0,0,0,0,
Notchview,Harlee Straus,2025,6,24,8:49,Hume Pasture West,Yes,S,Eastern Meadowlark,0,0,0,0,0,0,0,
Notchview,Harlee Straus,2025,7,15,9:17,Christmas Tree Pasture,Yes,M,Bobolink,0,0,0,0,0,0,0,
Notchview,Harlee Straus,2025,7,15,NA,Christmas Tree Pasture,Yes,N,Bobolink,NA,NA,NA,NA,NA,NA,NA,
Notchview,Harlee Straus,2025,7,15,9:06,Christmas Tree Pasture,Yes,O,Bobolink,0,0,0,0,0,0,0,
Notchview,Harlee Straus,2025,7,15,8:57,Hume Fields,Yes,P,Bobolink,0,0,0,0,0,0,0,
Notchview,Harlee Straus,2025,7,15,8:48,Hume Fields,Yes,R,Bobolink,0,0,0,0,0,0,0,
Notchview,Harlee Straus,2025,7,15,8:38,Hume Pasture West,Yes,S,Bobolink,0,0,0,0,0,0,0,
Notchview,Harlee Straus,2025,7,15,9:17,Christmas Tree Pasture,Yes,M,Savannah Sparrow,0,0,0,0,0,0,0,
Notchview,Harlee Straus,2025,7,15,NA,Christmas Tree Pasture,Yes,N,Savannah Sparrow,NA,NA,NA,NA,NA,NA,NA,
Notchview,Harlee Straus,2025,7,15,9:06,Christmas Tree Pasture,Yes,O,Savannah Sparrow,0,0,0,0,0,0,0,
Notchview,Harlee Straus,2025,7,15,8:57,Hume Fields,Yes,P,Savannah Sparrow,0,0,0,0,0,0,0,
Notchview,Harlee Straus,2025,7,15,8:48,Hume Fields,Yes,R,Savannah Sparrow,0,0,0,0,0,0,0,
Notchview,Harlee Straus,2025,7,15,8:38,Hume Pasture West,Yes,S,Savannah Sparrow,0,0,0,0,0,0,0,
Notchview,Harlee Straus,2025,7,15,9:17,Christmas Tree Pasture,Yes,M,Grasshopper Sparrow,0,0,0,0,0,0,0,
Notchview,Harlee Straus,2025,7,15,NA,Christmas Tree Pasture,Yes,N,Grasshopper Sparrow,NA,NA,NA,NA,NA,NA,NA,
Notchview,Harlee Straus,2025,7,15,9:06,Christmas Tree Pasture,Yes,O,Grasshopper Sparrow,0,0,0,0,0,0,0,
Notchview,Harlee Straus,2025,7,15,8:57,Hume Fields,Yes,P,Grasshopper Sparrow,0,0,0,0,0,0,0,
Notchview,Harlee Straus,2025,7,15,8:48,Hume Fields,Yes,R,Grasshopper Sparrow,0,0,0,0,0,0,0,
Notchview,Harlee Straus,2025,7,15,8:38,Hume Pasture West,Yes,S,Grasshopper Sparrow,0,0,0,0,0,0,0,
Notchview,Harlee Straus,2025,7,15,9:17,Christmas Tree Pasture,Yes,M,Eastern Meadowlark,0,0,0,0,0,0,0,
Notchview,Harlee Straus,2025,7,15,NA,Christmas Tree Pasture,Yes,N,Eastern Meadowlark,NA,NA,NA,NA,NA,NA,NA,
Notchview,Harlee Straus,2025,7,15,9:06,Christmas Tree Pasture,Yes,O,Eastern Meadowlark,0,0,0,0,0,0,0,
Notchview,Harlee Straus,2025,7,15,8:57,Hume Fields,Yes,P,Eastern Meadowlark,0,0,0,0,0,0,0,
Notchview,Harlee Straus,2025,7,15,8:48,Hume Fields,Yes,R,Eastern Meadowlark,0,0,0,0,0,0,0,
Notchview,Harlee Straus,2025,7,15,8:38,Hume Pasture West,Yes,S,Eastern Meadowlark,0,0,0,0,0,0,0,
Notchview,Harlee Straus,2025,7,15,7:44,Front Rt9,No,A,Bobolink,0,0,0,0,0,0,0,
Notchview,Harlee Straus,2025,7,15,7:51,Front Rt9,No,B,Bobolink,1,1,2,0,0,0,2,
Notchview,Harlee Straus,2025,7,15,8:08,Front Rt9,No,C,Bobolink,0,0,0,0,0,0,0,
Notchview,Harlee Straus,2025,7,15,8:14,Front Rt9,No,D,Bobolink,0,0,0,0,0,0,0,
Notchview,Harlee Straus,2025,7,15,7:44,Front Rt9,No,A,Savannah Sparrow,0,0,0,0,0,0,0,
Notchview,Harlee Straus,2025,7,15,7:51,Front Rt9,No,B,Savannah Sparrow,0,0,0,0,0,0,0,
Notchview,Harlee Straus,2025,7,15,8:08,Front Rt9,No,C,Savannah Sparrow,0,0,0,0,0,0,0,
Notchview,Harlee Straus,2025,7,15,8:14,Front Rt9,No,D,Savannah Sparrow,0,0,0,0,0,0,0,
Notchview,Harlee Straus,2025,7,15,7:44,Front Rt9,No,A,Grasshopper Sparrow,0,0,0,0,0,0,0,
Notchview,Harlee Straus,2025,7,15,7:51,Front Rt9,No,B,Grasshopper Sparrow,0,0,0,0,0,0,0,
Notchview,Harlee Straus,2025,7,15,8:08,Front Rt9,No,C,Grasshopper Sparrow,0,0,0,0,0,0,0,
Notchview,Harlee Straus,2025,7,15,8:14,Front Rt9,No,D,Grasshopper Sparrow,0,0,0,0,0,0,0,
Notchview,Harlee Straus,2025,7,15,7:44,Front Rt9,No,A,Eastern Meadowlark,0,0,0,0,0,0,0,
Notchview,Harlee Straus,2025,7,15,7:51,Front Rt9,No,B,Eastern Meadowlark,0,0,0,0,0,0,0,
Notchview,Harlee Straus,2025,7,15,8:08,Front Rt9,No,C,Eastern Meadowlark,0,0,0,0,0,0,0,
Notchview,Harlee Straus,2025,7,15,8:14,Front Rt9,No,D,Eastern Meadowlark,0,0,0,0,0,0,0,
Notchview,Joan and Gary Gemme,2025,7,19,8:33,Sawmill Field,No,E,Bobolink,0,0,0,0,2,2,2,
Notchview,Joan and Gary Gemme,2025,7,19,8:45,Sawmill Field,No,F,Bobolink,0,0,0,0,0,0,0,
Notchview,Joan and Gary Gemme,2025,7,19,7:23,Bates Field,No,G,Bobolink,0,0,0,0,0,0,0,
Notchview,Joan and Gary Gemme,2025,7,19,7:34,Bates Field,No,H,Bobolink,0,0,0,0,0,0,0,
Notchview,Joan and Gary Gemme,2025,7,19,7:45,Bates Field,No,J,Bobolink,0,0,0,0,0,0,0,
Notchview,Joan and Gary Gemme,2025,7,19,7:54,Bates Field,No,K,Bobolink,0,0,0,0,0,0,0,
Notchview,Joan and Gary Gemme,2025,7,19,8:33,Sawmill Field,No,E,Savannah Sparrow,0,0,0,0,0,0,0,
Notchview,Joan and Gary Gemme,2025,7,19,8:45,Sawmill Field,No,F,Savannah Sparrow,0,0,0,0,0,0,0,
Notchview,Joan and Gary Gemme,2025,7,19,7:23,Bates Field,No,G,Savannah Sparrow,0,0,0,0,0,0,0,
Notchview,Joan and Gary Gemme,2025,7,19,7:34,Bates Field,No,H,Savannah Sparrow,0,0,0,0,0,0,0,
Notchview,Joan and Gary Gemme,2025,7,19,7:45,Bates Field,No,J,Savannah Sparrow,0,0,0,0,0,0,0,
Notchview,Joan and Gary Gemme,2025,7,19,7:54,Bates Field,No,K,Savannah Sparrow,0,0,0,0,0,0,0,
Notchview,Joan and Gary Gemme,2025,7,19,8:33,Sawmill Field,No,E,Grasshopper Sparrow,0,0,0,0,0,0,0,
Notchview,Joan and Gary Gemme,2025,7,19,8:45,Sawmill Field,No,F,Grasshopper Sparrow,0,0,0,0,0,0,0,
Notchview,Joan and Gary Gemme,2025,7,19,7:23,Bates Field,No,G,Grasshopper Sparrow,0,0,0,0,0,0,0,
Notchview,Joan and Gary Gemme,2025,7,19,7:34,Bates Field,No,H,Grasshopper Sparrow,0,0,0,0,0,0,0,
Notchview,Joan and Gary Gemme,2025,7,19,7:45,Bates Field,No,J,Grasshopper Sparrow,0,0,0,0,0,0,0,
Notchview,Joan and Gary Gemme,2025,7,19,7:54,Bates Field,No,K,Grasshopper Sparrow,0,0,0,0,0,0,0,
Notchview,Joan and Gary Gemme,2025,7,19,8:33,Sawmill Field,No,E,Eastern Meadowlark,0,0,0,0,0,0,0,
Notchview,Joan and Gary Gemme,2025,7,19,8:45,Sawmill Field,No,F,Eastern Meadowlark,0,0,0,0,0,0,0,
Notchview,Joan and Gary Gemme,2025,7,19,7:23,Bates Field,No,G,Eastern Meadowlark,0,0,0,0,0,0,0,
Notchview,Joan and Gary Gemme,2025,7,19,7:34,Bates Field,No,H,Eastern Meadowlark,0,0,0,0,0,0,0,
Notchview,Joan and Gary Gemme,2025,7,19,7:45,Bates Field,No,J,Eastern Meadowlark,0,0,0,0,0,0,0,
Notchview,Joan and Gary Gemme,2025,7,19,7:54,Bates Field,No,K,Eastern Meadowlark,0,0,0,0,0,0,0,
Old Town Hill,Sabrina Brown,2025,5,17,8:17,Watch Field,No,A,Bobolink,0,0,0,0,0,0,0,
Old Town Hill,Sabrina Brown,2025,5,17,8:28,Watch Field,No,B,Bobolink,0,0,0,0,0,0,0,
Old Town Hill,Sabrina Brown,2025,5,17,8:36,Watch Field,No,C,Bobolink,0,0,0,0,0,0,0,
Old Town Hill,Sabrina Brown,2025,5,17,7:21,Bushee Pasture,No,D,Bobolink,0,0,0,0,0,0,0,
Old Town Hill,Sabrina Brown,2025,5,17,7:30,Bushee Pasture,No,E,Bobolink,0,0,0,0,0,0,0,
Old Town Hill,Sabrina Brown,2025,5,17,7:38,Bushee Pasture,No,F,Bobolink,1,1,2,0,0,0,2,
Old Town Hill,Sabrina Brown,2025,5,17,7:49,Bushee Pasture,No,G,Bobolink,1,0,1,0,0,1,2,
Old Town Hill,Sabrina Brown,2025,5,17,7:06,Little River,No,H,Bobolink,0,0,5,0,0,1,6,
Old Town Hill,Sabrina Brown,2025,5,17,9:29,Adams Pasture,No,I,Bobolink,0,0,4,0,0,2,6,
Old Town Hill,Sabrina Brown,2025,5,17,9:20,Adams Pasture,No,J,Bobolink,0,0,3,0,0,2,5,
Old Town Hill,Sabrina Brown,2025,5,17,9:09,Adams Pasture,No,K,Bobolink,2,0,2,0,0,0,2,
Old Town Hill,Sabrina Brown,2025,5,17,8:17,Watch Field,No,A,Savannah Sparrow,0,0,0,0,0,0,0,
Old Town Hill,Sabrina Brown,2025,5,17,8:28,Watch Field,No,B,Savannah Sparrow,0,0,0,0,0,0,0,
Old Town Hill,Sabrina Brown,2025,5,17,8:36,Watch Field,No,C,Savannah Sparrow,0,0,0,0,0,0,0,
Old Town Hill,Sabrina Brown,2025,5,17,7:21,Bushee Pasture,No,D,Savannah Sparrow,0,0,0,0,0,0,0,
Old Town Hill,Sabrina Brown,2025,5,17,7:30,Bushee Pasture,No,E,Savannah Sparrow,0,0,0,0,0,0,0,
Old Town Hill,Sabrina Brown,2025,5,17,7:38,Bushee Pasture,No,F,Savannah Sparrow,0,0,0,0,0,0,0,
Old Town Hill,Sabrina Brown,2025,5,17,7:49,Bushee Pasture,No,G,Savannah Sparrow,0,0,0,0,0,0,0,
Old Town Hill,Sabrina Brown,2025,5,17,7:06,Little River,No,H,Savannah Sparrow,0,0,0,0,0,0,0,
Old Town Hill,Sabrina Brown,2025,5,17,9:29,Adams Pasture,No,I,Savannah Sparrow,0,0,0,0,0,0,0,
Old Town Hill,Sabrina Brown,2025,5,17,9:20,Adams Pasture,No,J,Savannah Sparrow,0,0,0,0,0,0,0,
Old Town Hill,Sabrina Brown,2025,5,17,9:09,Adams Pasture,No,K,Savannah Sparrow,0,0,0,0,0,0,0,
Old Town Hill,Sabrina Brown,2025,5,17,8:17,Watch Field,No,A,Grasshopper Sparrow,0,0,0,0,0,0,0,
Old Town Hill,Sabrina Brown,2025,5,17,8:28,Watch Field,No,B,Grasshopper Sparrow,0,0,0,0,0,0,0,
Old Town Hill,Sabrina Brown,2025,5,17,8:36,Watch Field,No,C,Grasshopper Sparrow,0,0,0,0,0,0,0,
Old Town Hill,Sabrina Brown,2025,5,17,7:21,Bushee Pasture,No,D,Grasshopper Sparrow,0,0,0,0,0,0,0,
Old Town Hill,Sabrina Brown,2025,5,17,7:30,Bushee Pasture,No,E,Grasshopper Sparrow,0,0,0,0,0,0,0,
Old Town Hill,Sabrina Brown,2025,5,17,7:38,Bushee Pasture,No,F,Grasshopper Sparrow,0,0,0,0,0,0,0,
Old Town Hill,Sabrina Brown,2025,5,17,7:49,Bushee Pasture,No,G,Grasshopper Sparrow,0,0,0,0,0,0,0,
Old Town Hill,Sabrina Brown,2025,5,17,7:06,Little River,No,H,Grasshopper Sparrow,0,0,0,0,0,0,0,
Old Town Hill,Sabrina Brown,2025,5,17,9:29,Adams Pasture,No,I,Grasshopper Sparrow,0,0,0,0,0,0,0,
Old Town Hill,Sabrina Brown,2025,5,17,9:20,Adams Pasture,No,J,Grasshopper Sparrow,0,0,0,0,0,0,0,
Old Town Hill,Sabrina Brown,2025,5,17,9:09,Adams Pasture,No,K,Grasshopper Sparrow,0,0,0,0,0,0,0,
Old Town Hill,Sabrina Brown,2025,5,17,8:17,Watch Field,No,A,Eastern Meadowlark,0,0,0,0,0,0,0,
Old Town Hill,Sabrina Brown,2025,5,17,8:28,Watch Field,No,B,Eastern Meadowlark,0,0,0,0,0,0,0,
Old Town Hill,Sabrina Brown,2025,5,17,8:36,Watch Field,No,C,Eastern Meadowlark,0,0,0,0,0,0,0,
Old Town Hill,Sabrina Brown,2025,5,17,7:21,Bushee Pasture,No,D,Eastern Meadowlark,0,0,0,0,0,0,0,
Old Town Hill,Sabrina Brown,2025,5,17,7:30,Bushee Pasture,No,E,Eastern Meadowlark,0,0,0,0,0,0,0,
Old Town Hill,Sabrina Brown,2025,5,17,7:38,Bushee Pasture,No,F,Eastern Meadowlark,0,0,0,0,0,0,0,
Old Town Hill,Sabrina Brown,2025,5,17,7:49,Bushee Pasture,No,G,Eastern Meadowlark,0,0,0,0,0,0,0,
Old Town Hill,Sabrina Brown,2025,5,17,7:06,Little River,No,H,Eastern Meadowlark,0,0,0,0,0,0,0,
Old Town Hill,Sabrina Brown,2025,5,17,9:29,Adams Pasture,No,I,Eastern Meadowlark,0,0,0,0,0,0,0,
Old Town Hill,Sabrina Brown,2025,5,17,9:20,Adams Pasture,No,J,Eastern Meadowlark,0,0,0,0,0,0,0,
Old Town Hill,Sabrina Brown,2025,5,17,9:09,Adams Pasture,No,K,Eastern Meadowlark,0,0,0,0,0,0,0,
Old Town Hill,Julie Casto,2025,5,20,7:40,Watch Field,No,A,Bobolink,0,0,0,0,0,0,0,
Old Town Hill,Julie Casto,2025,5,20,7:48,Watch Field,No,B,Bobolink,0,0,0,0,0,0,0,
Old Town Hill,Julie Casto,2025,5,20,7:56,Watch Field,No,C,Bobolink,0,0,0,0,0,0,0,
Old Town Hill,Julie Casto,2025,5,20,8:11,Bushee Pasture,No,D,Bobolink,0,0,0,0,0,0,0,
Old Town Hill,Julie Casto,2025,5,20,8:20,Bushee Pasture,No,E,Bobolink,0,0,0,3,0,3,3,
Old Town Hill,Julie Casto,2025,5,20,8:28,Bushee Pasture,No,F,Bobolink,0,0,0,0,0,0,0,
Old Town Hill,Julie Casto,2025,5,20,8:38,Bushee Pasture,No,G,Bobolink,2,0,2,0,0,0,2,
Old Town Hill,Julie Casto,2025,5,20,8:51,Little River,No,H,Bobolink,4,0,4,0,0,0,4,
Old Town Hill,Julie Casto,2025,5,20,6:40,Adams Pasture,No,I,Bobolink,3,1,4,0,0,1,5,
Old Town Hill,Julie Casto,2025,5,20,6:47,Adams Pasture,No,J,Bobolink,0,0,0,6,0,7,7,Flyovers
Old Town Hill,Julie Casto,2025,5,20,6:55,Adams Pasture,No,K,Bobolink,0,0,0,2,1,3,3,
Old Town Hill,Julie Casto,2025,5,20,7:40,Watch Field,No,A,Savannah Sparrow,0,0,0,0,0,0,0,
Old Town Hill,Julie Casto,2025,5,20,7:48,Watch Field,No,B,Savannah Sparrow,0,0,0,0,0,0,0,
Old Town Hill,Julie Casto,2025,5,20,7:56,Watch Field,No,C,Savannah Sparrow,0,0,0,0,0,0,0,
Old Town Hill,Julie Casto,2025,5,20,8:11,Bushee Pasture,No,D,Savannah Sparrow,0,0,0,0,0,0,0,
Old Town Hill,Julie Casto,2025,5,20,8:20,Bushee Pasture,No,E,Savannah Sparrow,0,0,0,0,0,0,0,
Old Town Hill,Julie Casto,2025,5,20,8:28,Bushee Pasture,No,F,Savannah Sparrow,0,0,0,0,0,0,0,
Old Town Hill,Julie Casto,2025,5,20,8:38,Bushee Pasture,No,G,Savannah Sparrow,0,0,0,0,0,0,0,
Old Town Hill,Julie Casto,2025,5,20,8:51,Little River,No,H,Savannah Sparrow,0,0,0,0,0,0,0,
Old Town Hill,Julie Casto,2025,5,20,6:40,Adams Pasture,No,I,Savannah Sparrow,0,0,0,0,0,0,0,
Old Town Hill,Julie Casto,2025,5,20,6:47,Adams Pasture,No,J,Savannah Sparrow,0,0,0,0,0,0,0,
Old Town Hill,Julie Casto,2025,5,20,6:55,Adams Pasture,No,K,Savannah Sparrow,0,0,0,0,0,0,0,
Old Town Hill,Julie Casto,2025,5,20,7:40,Watch Field,No,A,Grasshopper Sparrow,0,0,0,0,0,0,0,
Old Town Hill,Julie Casto,2025,5,20,7:48,Watch Field,No,B,Grasshopper Sparrow,0,0,0,0,0,0,0,
Old Town Hill,Julie Casto,2025,5,20,7:56,Watch Field,No,C,Grasshopper Sparrow,0,0,0,0,0,0,0,
Old Town Hill,Julie Casto,2025,5,20,8:11,Bushee Pasture,No,D,Grasshopper Sparrow,0,0,0,0,0,0,0,
Old Town Hill,Julie Casto,2025,5,20,8:20,Bushee Pasture,No,E,Grasshopper Sparrow,0,0,0,0,0,0,0,
Old Town Hill,Julie Casto,2025,5,20,8:28,Bushee Pasture,No,F,Grasshopper Sparrow,0,0,0,0,0,0,0,
Old Town Hill,Julie Casto,2025,5,20,8:38,Bushee Pasture,No,G,Grasshopper Sparrow,0,0,0,0,0,0,0,
Old Town Hill,Julie Casto,2025,5,20,8:51,Little River,No,H,Grasshopper Sparrow,0,0,0,0,0,0,0,
Old Town Hill,Julie Casto,2025,5,20,6:40,Adams Pasture,No,I,Grasshopper Sparrow,0,0,0,0,0,0,0,
Old Town Hill,Julie Casto,2025,5,20,6:47,Adams Pasture,No,J,Grasshopper Sparrow,0,0,0,0,0,0,0,
Old Town Hill,Julie Casto,2025,5,20,6:55,Adams Pasture,No,K,Grasshopper Sparrow,0,0,0,0,0,0,0,
Old Town Hill,Julie Casto,2025,5,20,7:40,Watch Field,No,A,Eastern Meadowlark,0,0,0,0,0,0,0,
Old Town Hill,Julie Casto,2025,5,20,7:48,Watch Field,No,B,Eastern Meadowlark,0,0,0,0,0,0,0,
Old Town Hill,Julie Casto,2025,5,20,7:56,Watch Field,No,C,Eastern Meadowlark,0,0,0,0,0,0,0,
Old Town Hill,Julie Casto,2025,5,20,8:11,Bushee Pasture,No,D,Eastern Meadowlark,0,0,0,0,0,0,0,
Old Town Hill,Julie Casto,2025,5,20,8:20,Bushee Pasture,No,E,Eastern Meadowlark,0,0,0,0,0,0,0,
Old Town Hill,Julie Casto,2025,5,20,8:28,Bushee Pasture,No,F,Eastern Meadowlark,0,0,0,0,0,0,0,
Old Town Hill,Julie Casto,2025,5,20,8:38,Bushee Pasture,No,G,Eastern Meadowlark,0,0,0,0,0,0,0,
Old Town Hill,Julie Casto,2025,5,20,8:51,Little River,No,H,Eastern Meadowlark,0,0,0,0,0,0,0,
Old Town Hill,Julie Casto,2025,5,20,6:40,Adams Pasture,No,I,Eastern Meadowlark,0,0,0,0,0,0,0,
Old Town Hill,Julie Casto,2025,5,20,6:47,Adams Pasture,No,J,Eastern Meadowlark,0,0,0,0,0,0,0,
Old Town Hill,Julie Casto,2025,5,20,6:55,Adams Pasture,No,K,Eastern Meadowlark,0,0,0,0,0,0,0,
Old Town Hill,Sabrina Brown,2025,5,24,8:31,Watch Field,No,A,Bobolink,0,0,0,0,0,0,0,
Old Town Hill,Sabrina Brown,2025,5,24,8:43,Watch Field,No,B,Bobolink,0,0,0,0,0,0,0,
Old Town Hill,Sabrina Brown,2025,5,24,8:52,Watch Field,No,C,Bobolink,0,0,0,0,0,0,0,
Old Town Hill,Sabrina Brown,2025,5,24,7:36,Bushee Pasture,No,D,Bobolink,0,0,0,0,0,0,0,
Old Town Hill,Sabrina Brown,2025,5,24,7:46,Bushee Pasture,No,E,Bobolink,0,0,0,1,0,1,1,
Old Town Hill,Sabrina Brown,2025,5,24,7:55,Bushee Pasture,No,F,Bobolink,0,0,0,3,0,3,3,
Old Town Hill,Sabrina Brown,2025,5,24,8:08,Bushee Pasture,No,G,Bobolink,0,0,0,4,1,5,5,
Old Town Hill,Sabrina Brown,2025,5,24,7:19,Little River,No,H,Bobolink,2,0,2,4,1,5,7,
Old Town Hill,Sabrina Brown,2025,5,24,9:40,Adams Pasture,No,I,Bobolink,1,0,1,4,0,4,5,
Old Town Hill,Sabrina Brown,2025,5,24,9:29,Adams Pasture,No,J,Bobolink,1,0,1,7,1,8,9,
Old Town Hill,Sabrina Brown,2025,5,24,9:20,Adams Pasture,No,K,Bobolink,1,0,1,1,0,1,2,
Old Town Hill,Sabrina Brown,2025,5,24,8:31,Watch Field,No,A,Savannah Sparrow,0,0,0,0,0,0,0,
Old Town Hill,Sabrina Brown,2025,5,24,8:43,Watch Field,No,B,Savannah Sparrow,0,0,0,0,0,0,0,
Old Town Hill,Sabrina Brown,2025,5,24,8:52,Watch Field,No,C,Savannah Sparrow,0,0,0,0,0,0,0,
Old Town Hill,Sabrina Brown,2025,5,24,7:36,Bushee Pasture,No,D,Savannah Sparrow,0,0,0,0,0,0,0,
Old Town Hill,Sabrina Brown,2025,5,24,7:46,Bushee Pasture,No,E,Savannah Sparrow,0,0,0,0,0,0,0,
Old Town Hill,Sabrina Brown,2025,5,24,7:55,Bushee Pasture,No,F,Savannah Sparrow,0,0,0,0,0,0,0,
Old Town Hill,Sabrina Brown,2025,5,24,8:08,Bushee Pasture,No,G,Savannah Sparrow,0,0,0,0,0,0,0,
Old Town Hill,Sabrina Brown,2025,5,24,7:19,Little River,No,H,Savannah Sparrow,0,0,0,0,0,0,0,
Old Town Hill,Sabrina Brown,2025,5,24,9:40,Adams Pasture,No,I,Savannah Sparrow,0,0,0,0,0,0,0,
Old Town Hill,Sabrina Brown,2025,5,24,9:29,Adams Pasture,No,J,Savannah Sparrow,0,0,0,0,0,0,0,
Old Town Hill,Sabrina Brown,2025,5,24,9:20,Adams Pasture,No,K,Savannah Sparrow,0,0,0,0,0,0,0,
Old Town Hill,Sabrina Brown,2025,5,24,8:31,Watch Field,No,A,Grasshopper Sparrow,0,0,0,0,0,0,0,
Old Town Hill,Sabrina Brown,2025,5,24,8:43,Watch Field,No,B,Grasshopper Sparrow,0,0,0,0,0,0,0,
Old Town Hill,Sabrina Brown,2025,5,24,8:52,Watch Field,No,C,Grasshopper Sparrow,0,0,0,0,0,0,0,
Old Town Hill,Sabrina Brown,2025,5,24,7:36,Bushee Pasture,No,D,Grasshopper Sparrow,0,0,0,0,0,0,0,
Old Town Hill,Sabrina Brown,2025,5,24,7:46,Bushee Pasture,No,E,Grasshopper Sparrow,0,0,0,0,0,0,0,
Old Town Hill,Sabrina Brown,2025,5,24,7:55,Bushee Pasture,No,F,Grasshopper Sparrow,0,0,0,0,0,0,0,
Old Town Hill,Sabrina Brown,2025,5,24,8:08,Bushee Pasture,No,G,Grasshopper Sparrow,0,0,0,0,0,0,0,
Old Town Hill,Sabrina Brown,2025,5,24,7:19,Little River,No,H,Grasshopper Sparrow,0,0,0,0,0,0,0,
Old Town Hill,Sabrina Brown,2025,5,24,9:40,Adams Pasture,No,I,Grasshopper Sparrow,0,0,0,0,0,0,0,
Old Town Hill,Sabrina Brown,2025,5,24,9:29,Adams Pasture,No,J,Grasshopper Sparrow,0,0,0,0,0,0,0,
Old Town Hill,Sabrina Brown,2025,5,24,9:20,Adams Pasture,No,K,Grasshopper Sparrow,0,0,0,0,0,0,0,
Old Town Hill,Sabrina Brown,2025,5,24,8:31,Watch Field,No,A,Eastern Meadowlark,0,0,0,0,0,0,0,
Old Town Hill,Sabrina Brown,2025,5,24,8:43,Watch Field,No,B,Eastern Meadowlark,0,0,0,0,0,0,0,
Old Town Hill,Sabrina Brown,2025,5,24,8:52,Watch Field,No,C,Eastern Meadowlark,0,0,0,0,0,0,0,
Old Town Hill,Sabrina Brown,2025,5,24,7:36,Bushee Pasture,No,D,Eastern Meadowlark,0,0,0,0,0,0,0,
Old Town Hill,Sabrina Brown,2025,5,24,7:46,Bushee Pasture,No,E,Eastern Meadowlark,0,0,0,0,0,0,0,
Old Town Hill,Sabrina Brown,2025,5,24,7:55,Bushee Pasture,No,F,Eastern Meadowlark,0,0,0,0,0,0,0,
Old Town Hill,Sabrina Brown,2025,5,24,8:08,Bushee Pasture,No,G,Eastern Meadowlark,0,0,0,0,0,0,0,
Old Town Hill,Sabrina Brown,2025,5,24,7:19,Little River,No,H,Eastern Meadowlark,0,0,0,0,0,0,0,
Old Town Hill,Sabrina Brown,2025,5,24,9:40,Adams Pasture,No,I,Eastern Meadowlark,0,0,0,0,0,0,0,
Old Town Hill,Sabrina Brown,2025,5,24,9:29,Adams Pasture,No,J,Eastern Meadowlark,0,0,0,0,0,0,0,
Old Town Hill,Sabrina Brown,2025,5,24,9:20,Adams Pasture,No,K,Eastern Meadowlark,0,0,0,0,0,0,0,
Old Town Hill,Scarlett Martin,2025,5,31,9:20,Watch Field,No,A,Bobolink,0,0,0,0,0,0,0,
Old Town Hill,Scarlett Martin,2025,5,31,9:15,Watch Field,No,B,Bobolink,0,0,0,0,0,0,0,
Old Town Hill,Scarlett Martin,2025,5,31,9:10,Watch Field,No,C,Bobolink,0,0,0,0,0,0,0,
Old Town Hill,Scarlett Martin,2025,5,31,8:05,Bushee Pasture,No,D,Bobolink,0,0,0,0,0,0,0,
Old Town Hill,Scarlett Martin,2025,5,31,8:10,Bushee Pasture,No,E,Bobolink,0,0,0,0,0,0,0,
Old Town Hill,Scarlett Martin,2025,5,31,8:15,Bushee Pasture,No,F,Bobolink,0,0,0,0,0,0,0,
Old Town Hill,Scarlett Martin,2025,5,31,8:20,Bushee Pasture,No,G,Bobolink,1,1,2,0,0,0,2,
Old Town Hill,Scarlett Martin,2025,5,31,8:35,Little River,No,H,Bobolink,1,1,2,1,0,1,3,
Old Town Hill,Scarlett Martin,2025,5,31,9:40,Adams Pasture,No,I,Bobolink,0,0,0,0,0,0,0,
Old Town Hill,Scarlett Martin,2025,5,31,9:35,Adams Pasture,No,J,Bobolink,0,0,0,0,0,0,0,
Old Town Hill,Scarlett Martin,2025,5,31,9:30,Adams Pasture,No,K,Bobolink,0,0,0,0,0,0,0,
Old Town Hill,Scarlett Martin,2025,5,31,9:20,Watch Field,No,A,Savannah Sparrow,0,0,0,0,0,0,0,
Old Town Hill,Scarlett Martin,2025,5,31,9:15,Watch Field,No,B,Savannah Sparrow,0,0,0,0,0,0,0,
Old Town Hill,Scarlett Martin,2025,5,31,9:10,Watch Field,No,C,Savannah Sparrow,0,0,0,0,0,0,0,
Old Town Hill,Scarlett Martin,2025,5,31,8:05,Bushee Pasture,No,D,Savannah Sparrow,0,0,0,0,0,0,0,
Old Town Hill,Scarlett Martin,2025,5,31,8:10,Bushee Pasture,No,E,Savannah Sparrow,0,0,0,0,0,0,0,
Old Town Hill,Scarlett Martin,2025,5,31,8:15,Bushee Pasture,No,F,Savannah Sparrow,0,0,0,0,0,0,0,
Old Town Hill,Scarlett Martin,2025,5,31,8:20,Bushee Pasture,No,G,Savannah Sparrow,0,0,0,0,0,0,0,
Old Town Hill,Scarlett Martin,2025,5,31,8:35,Little River,No,H,Savannah Sparrow,0,0,0,0,0,0,0,
Old Town Hill,Scarlett Martin,2025,5,31,9:40,Adams Pasture,No,I,Savannah Sparrow,0,0,0,0,0,0,0,
Old Town Hill,Scarlett Martin,2025,5,31,9:35,Adams Pasture,No,J,Savannah Sparrow,0,0,0,0,0,0,0,
Old Town Hill,Scarlett Martin,2025,5,31,9:30,Adams Pasture,No,K,Savannah Sparrow,0,0,0,0,0,0,0,
Old Town Hill,Scarlett Martin,2025,5,31,9:20,Watch Field,No,A,Grasshopper Sparrow,0,0,0,0,0,0,0,
Old Town Hill,Scarlett Martin,2025,5,31,9:15,Watch Field,No,B,Grasshopper Sparrow,0,0,0,0,0,0,0,
Old Town Hill,Scarlett Martin,2025,5,31,9:10,Watch Field,No,C,Grasshopper Sparrow,1,0,1,0,0,0,1,
Old Town Hill,Scarlett Martin,2025,5,31,8:05,Bushee Pasture,No,D,Grasshopper Sparrow,0,0,0,0,0,0,0,
Old Town Hill,Scarlett Martin,2025,5,31,8:10,Bushee Pasture,No,E,Grasshopper Sparrow,0,0,0,0,0,0,0,
Old Town Hill,Scarlett Martin,2025,5,31,8:15,Bushee Pasture,No,F,Grasshopper Sparrow,0,0,0,0,0,0,0,
Old Town Hill,Scarlett Martin,2025,5,31,8:20,Bushee Pasture,No,G,Grasshopper Sparrow,0,0,0,0,0,0,0,
Old Town Hill,Scarlett Martin,2025,5,31,8:35,Little River,No,H,Grasshopper Sparrow,0,0,0,0,0,0,0,
Old Town Hill,Scarlett Martin,2025,5,31,9:40,Adams Pasture,No,I,Grasshopper Sparrow,0,0,0,0,0,0,0,
Old Town Hill,Scarlett Martin,2025,5,31,9:35,Adams Pasture,No,J,Grasshopper Sparrow,0,0,0,0,0,0,0,
Old Town Hill,Scarlett Martin,2025,5,31,9:30,Adams Pasture,No,K,Grasshopper Sparrow,0,0,0,0,0,0,0,
Old Town Hill,Scarlett Martin,2025,5,31,9:20,Watch Field,No,A,Eastern Meadowlark,0,0,0,0,0,0,0,
Old Town Hill,Scarlett Martin,2025,5,31,9:15,Watch Field,No,B,Eastern Meadowlark,0,0,0,0,0,0,0,
Old Town Hill,Scarlett Martin,2025,5,31,9:10,Watch Field,No,C,Eastern Meadowlark,0,0,0,0,0,0,0,
Old Town Hill,Scarlett Martin,2025,5,31,8:05,Bushee Pasture,No,D,Eastern Meadowlark,0,0,0,0,0,0,0,
Old Town Hill,Scarlett Martin,2025,5,31,8:10,Bushee Pasture,No,E,Eastern Meadowlark,0,0,0,0,0,0,0,
Old Town Hill,Scarlett Martin,2025,5,31,8:15,Bushee Pasture,No,F,Eastern Meadowlark,0,0,0,0,0,0,0,
Old Town Hill,Scarlett Martin,2025,5,31,8:20,Bushee Pasture,No,G,Eastern Meadowlark,0,0,0,0,0,0,0,
Old Town Hill,Scarlett Martin,2025,5,31,8:35,Little River,No,H,Eastern Meadowlark,0,0,0,0,0,0,0,
Old Town Hill,Scarlett Martin,2025,5,31,9:40,Adams Pasture,No,I,Eastern Meadowlark,0,0,0,0,0,0,0,
Old Town Hill,Scarlett Martin,2025,5,31,9:35,Adams Pasture,No,J,Eastern Meadowlark,0,0,0,0,0,0,0,
Old Town Hill,Scarlett Martin,2025,5,31,9:30,Adams Pasture,No,K,Eastern Meadowlark,0,0,0,0,0,0,0,
Old Town Hill,Shannon MacDonald,2025,5,25,8:51,Watch Field,No,A,Bobolink,0,0,0,0,0,0,0,
Old Town Hill,Shannon MacDonald,2025,5,25,8:44,Watch Field,No,B,Bobolink,0,0,0,0,0,0,0,
Old Town Hill,Shannon MacDonald,2025,5,25,8:39,Watch Field,No,C,Bobolink,0,0,0,0,0,1,1,Bird heard not seen
Old Town Hill,Shannon MacDonald,2025,5,25,7:58,Bushee Pasture,Yes,D,Bobolink,0,0,0,3,0,5,5,Flyovers
Old Town Hill,Shannon MacDonald,2025,5,25,8:16,Bushee Pasture,Yes,E,Bobolink,0,0,0,0,0,2,2,Bird heard not seen
Old Town Hill,Shannon MacDonald,2025,5,25,8:04,Bushee Pasture,Yes,F,Bobolink,0,0,0,0,0,1,1,Bird heard not seen
Old Town Hill,Shannon MacDonald,2025,5,25,8:24,Bushee Pasture,Yes,G,Bobolink,0,0,0,0,0,0,0,
Old Town Hill,Shannon MacDonald,2025,5,25,7:44,Little River,No,H,Bobolink,2,1,3,3,0,3,6,Flyovers
Old Town Hill,Shannon MacDonald,2025,5,25,9:28,Adams Pasture,No,I,Bobolink,2,0,2,2,2,6,8,Bird heard not seen
Old Town Hill,Shannon MacDonald,2025,5,25,9:21,Adams Pasture,No,J,Bobolink,2,0,3,1,0,1,4,Bird heard not seen
Old Town Hill,Shannon MacDonald,2025,5,25,9:14,Adams Pasture,No,K,Bobolink,2,0,2,0,0,3,5,Bird heard not seen
Old Town Hill,Shannon MacDonald,2025,5,25,8:51,Watch Field,No,A,Savannah Sparrow,0,0,0,0,0,0,0,
Old Town Hill,Shannon MacDonald,2025,5,25,8:44,Watch Field,No,B,Savannah Sparrow,0,0,0,0,0,0,0,
Old Town Hill,Shannon MacDonald,2025,5,25,8:39,Watch Field,No,C,Savannah Sparrow,0,0,0,0,0,0,0,
Old Town Hill,Shannon MacDonald,2025,5,25,7:58,Bushee Pasture,Yes,D,Savannah Sparrow,0,0,0,0,0,0,0,
Old Town Hill,Shannon MacDonald,2025,5,25,8:16,Bushee Pasture,Yes,E,Savannah Sparrow,0,0,0,0,0,0,0,
Old Town Hill,Shannon MacDonald,2025,5,25,8:04,Bushee Pasture,Yes,F,Savannah Sparrow,0,0,0,0,0,0,0,
Old Town Hill,Shannon MacDonald,2025,5,25,8:24,Bushee Pasture,Yes,G,Savannah Sparrow,0,0,0,0,0,0,0,
Old Town Hill,Shannon MacDonald,2025,5,25,7:44,Little River,No,H,Savannah Sparrow,0,0,0,0,0,0,0,
Old Town Hill,Shannon MacDonald,2025,5,25,9:28,Adams Pasture,No,I,Savannah Sparrow,0,0,0,0,0,0,0,
Old Town Hill,Shannon MacDonald,2025,5,25,9:21,Adams Pasture,No,J,Savannah Sparrow,0,0,0,0,0,0,0,
Old Town Hill,Shannon MacDonald,2025,5,25,9:14,Adams Pasture,No,K,Savannah Sparrow,0,0,0,0,0,0,0,
Old Town Hill,Shannon MacDonald,2025,5,25,8:51,Watch Field,No,A,Grasshopper Sparrow,0,0,0,0,0,0,0,
Old Town Hill,Shannon MacDonald,2025,5,25,8:44,Watch Field,No,B,Grasshopper Sparrow,0,0,0,0,0,0,0,
Old Town Hill,Shannon MacDonald,2025,5,25,8:39,Watch Field,No,C,Grasshopper Sparrow,0,0,0,0,0,0,0,
Old Town Hill,Shannon MacDonald,2025,5,25,7:58,Bushee Pasture,Yes,D,Grasshopper Sparrow,0,0,0,0,0,0,0,
Old Town Hill,Shannon MacDonald,2025,5,25,8:16,Bushee Pasture,Yes,E,Grasshopper Sparrow,0,0,0,0,0,0,0,
Old Town Hill,Shannon MacDonald,2025,5,25,8:04,Bushee Pasture,Yes,F,Grasshopper Sparrow,0,0,0,0,0,0,0,
Old Town Hill,Shannon MacDonald,2025,5,25,8:24,Bushee Pasture,Yes,G,Grasshopper Sparrow,0,0,0,0,0,0,0,
Old Town Hill,Shannon MacDonald,2025,5,25,7:44,Little River,No,H,Grasshopper Sparrow,0,0,0,0,0,0,0,
Old Town Hill,Shannon MacDonald,2025,5,25,9:28,Adams Pasture,No,I,Grasshopper Sparrow,0,0,0,0,0,0,0,
Old Town Hill,Shannon MacDonald,2025,5,25,9:21,Adams Pasture,No,J,Grasshopper Sparrow,0,0,0,0,0,0,0,
Old Town Hill,Shannon MacDonald,2025,5,25,9:14,Adams Pasture,No,K,Grasshopper Sparrow,0,0,0,0,0,0,0,
Old Town Hill,Shannon MacDonald,2025,5,25,8:51,Watch Field,No,A,Eastern Meadowlark,0,0,0,0,0,0,0,
Old Town Hill,Shannon MacDonald,2025,5,25,8:44,Watch Field,No,B,Eastern Meadowlark,0,0,0,0,0,0,0,
Old Town Hill,Shannon MacDonald,2025,5,25,8:39,Watch Field,No,C,Eastern Meadowlark,0,0,0,0,0,0,0,
Old Town Hill,Shannon MacDonald,2025,5,25,7:58,Bushee Pasture,Yes,D,Eastern Meadowlark,0,0,0,0,0,0,0,
Old Town Hill,Shannon MacDonald,2025,5,25,8:16,Bushee Pasture,Yes,E,Eastern Meadowlark,0,0,0,0,0,0,0,
Old Town Hill,Shannon MacDonald,2025,5,25,8:04,Bushee Pasture,Yes,F,Eastern Meadowlark,0,0,0,0,0,0,0,
Old Town Hill,Shannon MacDonald,2025,5,25,8:24,Bushee Pasture,Yes,G,Eastern Meadowlark,0,0,0,0,0,0,0,
Old Town Hill,Shannon MacDonald,2025,5,25,7:44,Little River,No,H,Eastern Meadowlark,0,0,0,0,0,0,0,
Old Town Hill,Shannon MacDonald,2025,5,25,9:28,Adams Pasture,No,I,Eastern Meadowlark,0,0,0,0,0,0,0,
Old Town Hill,Shannon MacDonald,2025,5,25,9:21,Adams Pasture,No,J,Eastern Meadowlark,0,0,0,0,0,0,0,
Old Town Hill,Shannon MacDonald,2025,5,25,9:14,Adams Pasture,No,K,Eastern Meadowlark,0,0,0,0,0,0,0,
Old Town Hill,Shannon MacDonald,2025,6,8,8:47,Watch Field,No,A,Bobolink,0,0,0,0,0,0,0,
Old Town Hill,Shannon MacDonald,2025,6,8,8:40,Watch Field,No,B,Bobolink,0,0,0,0,0,0,0,
Old Town Hill,Shannon MacDonald,2025,6,8,8:34,Watch Field,No,C,Bobolink,0,0,0,1,0,1,1,
Old Town Hill,Shannon MacDonald,2025,6,8,7:55,Bushee Pasture,Yes,D,Bobolink,0,0,0,0,0,1,1,Bird heard not seen
Old Town Hill,Shannon MacDonald,2025,6,8,8:20,Bushee Pasture,Yes,E,Bobolink,0,0,0,0,0,0,0,
Old Town Hill,Shannon MacDonald,2025,6,8,8:13,Bushee Pasture,Yes,F,Bobolink,0,0,0,1,0,2,2,Bird heard not seen
Old Town Hill,Shannon MacDonald,2025,6,8,8:02,Bushee Pasture,Yes,G,Bobolink,0,0,0,0,0,0,0,
Old Town Hill,Shannon MacDonald,2025,6,8,7:43,Little River,No,H,Bobolink,2,2,4,0,0,1,5,Bird heard not seen
Old Town Hill,Shannon MacDonald,2025,6,8,9:26,Adams Pasture,No,I,Bobolink,3,1,4,0,0,2,6,Bird heard not seen
Old Town Hill,Shannon MacDonald,2025,6,8,9:19,Adams Pasture,No,J,Bobolink,0,0,0,2,0,3,3,Bird heard not seen
Old Town Hill,Shannon MacDonald,2025,6,8,9:13,Adams Pasture,No,K,Bobolink,0,0,0,0,0,1,1,Bird heard not seen
Old Town Hill,Shannon MacDonald,2025,6,8,8:47,Watch Field,No,A,Savannah Sparrow,0,0,0,0,0,0,0,
Old Town Hill,Shannon MacDonald,2025,6,8,8:40,Watch Field,No,B,Savannah Sparrow,0,0,0,0,0,0,0,
Old Town Hill,Shannon MacDonald,2025,6,8,8:34,Watch Field,No,C,Savannah Sparrow,0,0,0,0,0,0,0,
Old Town Hill,Shannon MacDonald,2025,6,8,7:55,Bushee Pasture,Yes,D,Savannah Sparrow,0,0,0,0,0,0,0,
Old Town Hill,Shannon MacDonald,2025,6,8,8:20,Bushee Pasture,Yes,E,Savannah Sparrow,0,0,0,0,0,0,0,
Old Town Hill,Shannon MacDonald,2025,6,8,8:13,Bushee Pasture,Yes,F,Savannah Sparrow,0,0,0,0,0,0,0,
Old Town Hill,Shannon MacDonald,2025,6,8,8:02,Bushee Pasture,Yes,G,Savannah Sparrow,0,0,0,0,0,0,0,
Old Town Hill,Shannon MacDonald,2025,6,8,7:43,Little River,No,H,Savannah Sparrow,0,0,0,0,0,0,0,
Old Town Hill,Shannon MacDonald,2025,6,8,9:26,Adams Pasture,No,I,Savannah Sparrow,0,0,0,0,0,0,0,
Old Town Hill,Shannon MacDonald,2025,6,8,9:19,Adams Pasture,No,J,Savannah Sparrow,0,0,0,0,0,0,0,
Old Town Hill,Shannon MacDonald,2025,6,8,9:13,Adams Pasture,No,K,Savannah Sparrow,0,0,0,0,0,0,0,
Old Town Hill,Shannon MacDonald,2025,6,8,8:47,Watch Field,No,A,Grasshopper Sparrow,0,0,0,0,0,0,0,
Old Town Hill,Shannon MacDonald,2025,6,8,8:40,Watch Field,No,B,Grasshopper Sparrow,0,0,0,0,0,0,0,
Old Town Hill,Shannon MacDonald,2025,6,8,8:34,Watch Field,No,C,Grasshopper Sparrow,0,0,0,0,0,0,0,
Old Town Hill,Shannon MacDonald,2025,6,8,7:55,Bushee Pasture,Yes,D,Grasshopper Sparrow,0,0,0,0,0,0,0,
Old Town Hill,Shannon MacDonald,2025,6,8,8:20,Bushee Pasture,Yes,E,Grasshopper Sparrow,0,0,0,0,0,0,0,
Old Town Hill,Shannon MacDonald,2025,6,8,8:13,Bushee Pasture,Yes,F,Grasshopper Sparrow,0,0,0,0,0,0,0,
Old Town Hill,Shannon MacDonald,2025,6,8,8:02,Bushee Pasture,Yes,G,Grasshopper Sparrow,0,0,0,0,0,0,0,
Old Town Hill,Shannon MacDonald,2025,6,8,7:43,Little River,No,H,Grasshopper Sparrow,0,0,0,0,0,0,0,
Old Town Hill,Shannon MacDonald,2025,6,8,9:26,Adams Pasture,No,I,Grasshopper Sparrow,0,0,0,0,0,0,0,
Old Town Hill,Shannon MacDonald,2025,6,8,9:19,Adams Pasture,No,J,Grasshopper Sparrow,0,0,0,0,0,0,0,
Old Town Hill,Shannon MacDonald,2025,6,8,9:13,Adams Pasture,No,K,Grasshopper Sparrow,0,0,0,0,0,0,0,
Old Town Hill,Shannon MacDonald,2025,6,8,8:47,Watch Field,No,A,Eastern Meadowlark,0,0,0,0,0,0,0,
Old Town Hill,Shannon MacDonald,2025,6,8,8:40,Watch Field,No,B,Eastern Meadowlark,0,0,0,0,0,0,0,
Old Town Hill,Shannon MacDonald,2025,6,8,8:34,Watch Field,No,C,Eastern Meadowlark,0,0,0,0,0,0,0,
Old Town Hill,Shannon MacDonald,2025,6,8,7:55,Bushee Pasture,Yes,D,Eastern Meadowlark,0,0,0,0,0,0,0,
Old Town Hill,Shannon MacDonald,2025,6,8,8:20,Bushee Pasture,Yes,E,Eastern Meadowlark,0,0,0,0,0,0,0,
Old Town Hill,Shannon MacDonald,2025,6,8,8:13,Bushee Pasture,Yes,F,Eastern Meadowlark,0,0,0,0,0,0,0,
Old Town Hill,Shannon MacDonald,2025,6,8,8:02,Bushee Pasture,Yes,G,Eastern Meadowlark,0,0,0,0,0,0,0,
Old Town Hill,Shannon MacDonald,2025,6,8,7:43,Little River,No,H,Eastern Meadowlark,0,0,0,0,0,0,0,
Old Town Hill,Shannon MacDonald,2025,6,8,9:26,Adams Pasture,No,I,Eastern Meadowlark,0,0,0,0,0,0,0,
Old Town Hill,Shannon MacDonald,2025,6,8,9:19,Adams Pasture,No,J,Eastern Meadowlark,0,0,0,0,0,0,0,
Old Town Hill,Shannon MacDonald,2025,6,8,9:13,Adams Pasture,No,K,Eastern Meadowlark,0,0,0,0,0,0,0,
Old Town Hill,David Peterson,2025,6,19,6:15,Watch Field,No,A,Bobolink,0,0,0,0,0,0,0,
Old Town Hill,David Peterson,2025,6,19,6:03,Watch Field,No,B,Bobolink,0,0,0,0,0,0,0,
Old Town Hill,David Peterson,2025,6,19,5:55,Watch Field,No,C,Bobolink,0,0,0,0,0,0,0,
Old Town Hill,David Peterson,2025,6,19,8:28,Bushee Pasture,Yes,D,Bobolink,0,0,0,0,0,0,0,
Old Town Hill,David Peterson,2025,6,19,8:20,Bushee Pasture,Yes,E,Bobolink,0,0,0,0,0,0,0,
Old Town Hill,David Peterson,2025,6,19,8:11,Bushee Pasture,Yes,F,Bobolink,0,0,0,0,0,0,0,
Old Town Hill,David Peterson,2025,6,19,8:03,Bushee Pasture,Yes,G,Bobolink,1,0,1,0,0,0,1,
Old Town Hill,David Peterson,2025,6,19,7:47,Little River,Yes,H,Bobolink,0,0,0,1,0,1,1,
Old Town Hill,David Peterson,2025,6,19,7:04,Adams Pasture,No,I,Bobolink,2,1,3,0,0,0,3,
Old Town Hill,David Peterson,2025,6,19,6:54,Adams Pasture,No,J,Bobolink,1,2,3,0,0,0,3,
Old Town Hill,David Peterson,2025,6,19,6:46,Adams Pasture,No,K,Bobolink,0,0,0,0,0,0,0,
Old Town Hill,David Peterson,2025,6,19,6:15,Watch Field,No,A,Savannah Sparrow,0,0,0,0,0,0,0,
Old Town Hill,David Peterson,2025,6,19,6:03,Watch Field,No,B,Savannah Sparrow,0,0,0,0,0,0,0,
Old Town Hill,David Peterson,2025,6,19,5:55,Watch Field,No,C,Savannah Sparrow,0,0,0,0,0,0,0,
Old Town Hill,David Peterson,2025,6,19,8:28,Bushee Pasture,Yes,D,Savannah Sparrow,0,0,0,0,0,0,0,
Old Town Hill,David Peterson,2025,6,19,8:20,Bushee Pasture,Yes,E,Savannah Sparrow,0,0,0,0,0,0,0,
Old Town Hill,David Peterson,2025,6,19,8:11,Bushee Pasture,Yes,F,Savannah Sparrow,0,0,0,0,0,0,0,
Old Town Hill,David Peterson,2025,6,19,8:03,Bushee Pasture,Yes,G,Savannah Sparrow,0,0,0,0,0,0,0,
Old Town Hill,David Peterson,2025,6,19,7:47,Little River,Yes,H,Savannah Sparrow,0,0,0,0,0,0,0,
Old Town Hill,David Peterson,2025,6,19,7:04,Adams Pasture,No,I,Savannah Sparrow,0,0,0,0,0,0,0,
Old Town Hill,David Peterson,2025,6,19,6:54,Adams Pasture,No,J,Savannah Sparrow,0,0,0,0,0,0,0,
Old Town Hill,David Peterson,2025,6,19,6:46,Adams Pasture,No,K,Savannah Sparrow,0,0,0,0,0,0,0,
Old Town Hill,David Peterson,2025,6,19,6:15,Watch Field,No,A,Grasshopper Sparrow,0,0,0,0,0,0,0,
Old Town Hill,David Peterson,2025,6,19,6:03,Watch Field,No,B,Grasshopper Sparrow,0,0,0,0,0,0,0,
Old Town Hill,David Peterson,2025,6,19,5:55,Watch Field,No,C,Grasshopper Sparrow,0,0,0,0,0,0,0,
Old Town Hill,David Peterson,2025,6,19,8:28,Bushee Pasture,Yes,D,Grasshopper Sparrow,0,0,0,0,0,0,0,
Old Town Hill,David Peterson,2025,6,19,8:20,Bushee Pasture,Yes,E,Grasshopper Sparrow,0,0,0,0,0,0,0,
Old Town Hill,David Peterson,2025,6,19,8:11,Bushee Pasture,Yes,F,Grasshopper Sparrow,0,0,0,0,0,0,0,
Old Town Hill,David Peterson,2025,6,19,8:03,Bushee Pasture,Yes,G,Grasshopper Sparrow,0,0,0,0,0,0,0,
Old Town Hill,David Peterson,2025,6,19,7:47,Little River,Yes,H,Grasshopper Sparrow,0,0,0,0,0,0,0,
Old Town Hill,David Peterson,2025,6,19,7:04,Adams Pasture,No,I,Grasshopper Sparrow,0,0,0,0,0,0,0,
Old Town Hill,David Peterson,2025,6,19,6:54,Adams Pasture,No,J,Grasshopper Sparrow,0,0,0,0,0,0,0,
Old Town Hill,David Peterson,2025,6,19,6:46,Adams Pasture,No,K,Grasshopper Sparrow,0,0,0,0,0,0,0,
Old Town Hill,David Peterson,2025,6,19,6:15,Watch Field,No,A,Eastern Meadowlark,0,0,0,0,0,0,0,
Old Town Hill,David Peterson,2025,6,19,6:03,Watch Field,No,B,Eastern Meadowlark,0,0,0,0,0,0,0,
Old Town Hill,David Peterson,2025,6,19,5:55,Watch Field,No,C,Eastern Meadowlark,0,0,0,0,0,0,0,
Old Town Hill,David Peterson,2025,6,19,8:28,Bushee Pasture,Yes,D,Eastern Meadowlark,0,0,0,0,0,0,0,
Old Town Hill,David Peterson,2025,6,19,8:20,Bushee Pasture,Yes,E,Eastern Meadowlark,0,0,0,0,0,0,0,
Old Town Hill,David Peterson,2025,6,19,8:11,Bushee Pasture,Yes,F,Eastern Meadowlark,0,0,0,0,0,0,0,
Old Town Hill,David Peterson,2025,6,19,8:03,Bushee Pasture,Yes,G,Eastern Meadowlark,0,0,0,0,0,0,0,
Old Town Hill,David Peterson,2025,6,19,7:47,Little River,Yes,H,Eastern Meadowlark,0,0,0,0,0,0,0,
Old Town Hill,David Peterson,2025,6,19,7:04,Adams Pasture,No,I,Eastern Meadowlark,0,0,0,0,0,0,0,
Old Town Hill,David Peterson,2025,6,19,6:54,Adams Pasture,No,J,Eastern Meadowlark,0,0,0,0,0,0,0,
Old Town Hill,David Peterson,2025,6,19,6:46,Adams Pasture,No,K,Eastern Meadowlark,0,0,0,0,0,0,0,
Old Town Hill,Julie Casto,2025,6,13,7:28,Watch Field,No,A,Bobolink,0,0,0,0,0,0,0,
Old Town Hill,Julie Casto,2025,6,13,7:19,Watch Field,No,B,Bobolink,0,0,0,0,0,0,0,
Old Town Hill,Julie Casto,2025,6,13,7:12,Watch Field,No,C,Bobolink,0,0,0,0,0,0,0,
Old Town Hill,Julie Casto,2025,6,13,7:44,Bushee Pasture,Yes,D,Bobolink,0,0,0,0,0,0,0,
Old Town Hill,Julie Casto,2025,6,13,7:56,Bushee Pasture,Yes,E,Bobolink,0,0,0,0,0,0,0,
Old Town Hill,Julie Casto,2025,6,13,8:03,Bushee Pasture,Yes,F,Bobolink,0,0,0,0,0,0,0,
Old Town Hill,Julie Casto,2025,6,13,8:11,Bushee Pasture,Yes,G,Bobolink,0,0,0,0,0,0,0,
Old Town Hill,Julie Casto,2025,6,13,8:22,Little River,Yes,H,Bobolink,0,0,0,0,0,0,0,
Old Town Hill,Julie Casto,2025,6,13,6:26,Adams Pasture,No,I,Bobolink,3,2,5,0,0,0,5,
Old Town Hill,Julie Casto,2025,6,13,6:33,Adams Pasture,No,J,Bobolink,0,0,0,0,0,0,0,
Old Town Hill,Julie Casto,2025,6,13,6:41,Adams Pasture,No,K,Bobolink,0,0,0,3,0,3,3,
Old Town Hill,Julie Casto,2025,6,13,7:28,Watch Field,No,A,Savannah Sparrow,0,0,0,0,0,0,0,
Old Town Hill,Julie Casto,2025,6,13,7:19,Watch Field,No,B,Savannah Sparrow,0,0,0,0,0,0,0,
Old Town Hill,Julie Casto,2025,6,13,7:12,Watch Field,No,C,Savannah Sparrow,0,0,0,0,0,0,0,
Old Town Hill,Julie Casto,2025,6,13,7:44,Bushee Pasture,Yes,D,Savannah Sparrow,0,0,0,0,0,0,0,
Old Town Hill,Julie Casto,2025,6,13,7:56,Bushee Pasture,Yes,E,Savannah Sparrow,0,0,0,0,0,0,0,
Old Town Hill,Julie Casto,2025,6,13,8:03,Bushee Pasture,Yes,F,Savannah Sparrow,0,0,0,0,0,0,0,
Old Town Hill,Julie Casto,2025,6,13,8:11,Bushee Pasture,Yes,G,Savannah Sparrow,0,0,0,0,0,0,0,
Old Town Hill,Julie Casto,2025,6,13,8:22,Little River,Yes,H,Savannah Sparrow,0,0,0,0,0,0,0,
Old Town Hill,Julie Casto,2025,6,13,6:26,Adams Pasture,No,I,Savannah Sparrow,0,0,0,0,0,0,0,
Old Town Hill,Julie Casto,2025,6,13,6:33,Adams Pasture,No,J,Savannah Sparrow,0,0,0,2,1,3,3,
Old Town Hill,Julie Casto,2025,6,13,6:41,Adams Pasture,No,K,Savannah Sparrow,0,0,0,0,0,0,0,
Old Town Hill,Julie Casto,2025,6,13,7:28,Watch Field,No,A,Grasshopper Sparrow,0,0,0,0,0,0,0,
Old Town Hill,Julie Casto,2025,6,13,7:19,Watch Field,No,B,Grasshopper Sparrow,0,0,0,0,0,0,0,
Old Town Hill,Julie Casto,2025,6,13,7:12,Watch Field,No,C,Grasshopper Sparrow,0,0,0,0,0,0,0,
Old Town Hill,Julie Casto,2025,6,13,7:44,Bushee Pasture,Yes,D,Grasshopper Sparrow,0,0,0,0,0,0,0,
Old Town Hill,Julie Casto,2025,6,13,7:56,Bushee Pasture,Yes,E,Grasshopper Sparrow,0,0,0,0,0,0,0,
Old Town Hill,Julie Casto,2025,6,13,8:03,Bushee Pasture,Yes,F,Grasshopper Sparrow,0,0,0,0,0,0,0,
Old Town Hill,Julie Casto,2025,6,13,8:11,Bushee Pasture,Yes,G,Grasshopper Sparrow,0,0,0,0,0,0,0,
Old Town Hill,Julie Casto,2025,6,13,8:22,Little River,Yes,H,Grasshopper Sparrow,0,0,0,0,0,0,0,
Old Town Hill,Julie Casto,2025,6,13,6:26,Adams Pasture,No,I,Grasshopper Sparrow,0,0,0,0,0,0,0,
Old Town Hill,Julie Casto,2025,6,13,6:33,Adams Pasture,No,J,Grasshopper Sparrow,0,0,0,0,0,0,0,
Old Town Hill,Julie Casto,2025,6,13,6:41,Adams Pasture,No,K,Grasshopper Sparrow,0,0,0,0,0,0,0,
Old Town Hill,Julie Casto,2025,6,13,7:28,Watch Field,No,A,Eastern Meadowlark,0,0,0,0,0,0,0,
Old Town Hill,Julie Casto,2025,6,13,7:19,Watch Field,No,B,Eastern Meadowlark,0,0,0,0,0,0,0,
Old Town Hill,Julie Casto,2025,6,13,7:12,Watch Field,No,C,Eastern Meadowlark,0,0,0,0,0,0,0,
Old Town Hill,Julie Casto,2025,6,13,7:44,Bushee Pasture,Yes,D,Eastern Meadowlark,0,0,0,0,0,0,0,
Old Town Hill,Julie Casto,2025,6,13,7:56,Bushee Pasture,Yes,E,Eastern Meadowlark,0,0,0,0,0,0,0,
Old Town Hill,Julie Casto,2025,6,13,8:03,Bushee Pasture,Yes,F,Eastern Meadowlark,0,0,0,0,0,0,0,
Old Town Hill,Julie Casto,2025,6,13,8:11,Bushee Pasture,Yes,G,Eastern Meadowlark,0,0,0,0,0,0,0,
Old Town Hill,Julie Casto,2025,6,13,8:22,Little River,Yes,H,Eastern Meadowlark,0,0,0,0,0,0,0,
Old Town Hill,Julie Casto,2025,6,13,6:26,Adams Pasture,No,I,Eastern Meadowlark,0,0,0,0,0,0,0,
Old Town Hill,Julie Casto,2025,6,13,6:33,Adams Pasture,No,J,Eastern Meadowlark,0,0,0,0,0,0,0,
Old Town Hill,Julie Casto,2025,6,13,6:41,Adams Pasture,No,K,Eastern Meadowlark,0,0,0,0,0,0,0,
Old Town Hill,David Peterson,2025,5,30,7:31,Watch Field,No,A,Bobolink,0,0,0,0,0,0,0,
Old Town Hill,David Peterson,2025,5,30,7:21,Watch Field,No,B,Bobolink,0,0,0,0,0,0,0,
Old Town Hill,David Peterson,2025,5,30,7:13,Watch Field,No,C,Bobolink,0,0,0,0,0,0,0,
Old Town Hill,David Peterson,2025,5,30,8:16,Bushee Pasture,Yes,D,Bobolink,0,0,0,0,0,0,0,
Old Town Hill,David Peterson,2025,5,30,NA,Bushee Pasture,Yes,E,Bobolink,0,0,0,1,0,1,1,
Old Town Hill,David Peterson,2025,5,30,NA,Bushee Pasture,Yes,F,Bobolink,0,0,0,1,1,2,2,
Old Town Hill,David Peterson,2025,5,30,NA,Bushee Pasture,Yes,G,Bobolink,1,0,1,0,0,0,1,
Old Town Hill,David Peterson,2025,5,30,NA,Little River,No,H,Bobolink,3,1,4,0,1,1,5,
Old Town Hill,David Peterson,2025,5,30,NA,Adams Pasture,No,I,Bobolink,1,0,1,0,1,1,2,
Old Town Hill,David Peterson,2025,5,30,NA,Adams Pasture,No,J,Bobolink,5,2,7,0,0,0,7,
Old Town Hill,David Peterson,2025,5,30,NA,Adams Pasture,No,K,Bobolink,1,1,2,0,0,0,2,
Old Town Hill,David Peterson,2025,5,30,7:31,Watch Field,No,A,Savannah Sparrow,0,0,0,0,0,0,0,
Old Town Hill,David Peterson,2025,5,30,7:21,Watch Field,No,B,Savannah Sparrow,0,0,0,0,0,0,0,
Old Town Hill,David Peterson,2025,5,30,7:13,Watch Field,No,C,Savannah Sparrow,0,0,0,0,0,0,0,
Old Town Hill,David Peterson,2025,5,30,8:16,Bushee Pasture,Yes,D,Savannah Sparrow,0,0,0,0,0,0,0,
Old Town Hill,David Peterson,2025,5,30,NA,Bushee Pasture,Yes,E,Savannah Sparrow,0,0,0,0,0,0,0,
Old Town Hill,David Peterson,2025,5,30,NA,Bushee Pasture,Yes,F,Savannah Sparrow,0,0,0,0,0,0,0,
Old Town Hill,David Peterson,2025,5,30,NA,Bushee Pasture,Yes,G,Savannah Sparrow,0,0,0,0,0,0,0,
Old Town Hill,David Peterson,2025,5,30,NA,Little River,No,H,Savannah Sparrow,0,0,0,0,0,0,0,
Old Town Hill,David Peterson,2025,5,30,NA,Adams Pasture,No,I,Savannah Sparrow,0,0,0,0,0,0,0,
Old Town Hill,David Peterson,2025,5,30,NA,Adams Pasture,No,J,Savannah Sparrow,0,0,0,0,0,0,0,
Old Town Hill,David Peterson,2025,5,30,NA,Adams Pasture,No,K,Savannah Sparrow,0,0,0,0,0,0,0,
Old Town Hill,David Peterson,2025,5,30,7:31,Watch Field,No,A,Grasshopper Sparrow,0,0,0,0,0,0,0,
Old Town Hill,David Peterson,2025,5,30,7:21,Watch Field,No,B,Grasshopper Sparrow,0,0,0,0,0,0,0,
Old Town Hill,David Peterson,2025,5,30,7:13,Watch Field,No,C,Grasshopper Sparrow,0,0,0,0,0,0,0,
Old Town Hill,David Peterson,2025,5,30,8:16,Bushee Pasture,Yes,D,Grasshopper Sparrow,0,0,0,0,0,0,0,
Old Town Hill,David Peterson,2025,5,30,NA,Bushee Pasture,Yes,E,Grasshopper Sparrow,0,0,0,0,0,0,0,
Old Town Hill,David Peterson,2025,5,30,NA,Bushee Pasture,Yes,F,Grasshopper Sparrow,0,0,0,0,0,0,0,
Old Town Hill,David Peterson,2025,5,30,NA,Bushee Pasture,Yes,G,Grasshopper Sparrow,0,0,0,0,0,0,0,
Old Town Hill,David Peterson,2025,5,30,NA,Little River,No,H,Grasshopper Sparrow,0,0,0,0,0,0,0,
Old Town Hill,David Peterson,2025,5,30,NA,Adams Pasture,No,I,Grasshopper Sparrow,0,0,0,0,0,0,0,
Old Town Hill,David Peterson,2025,5,30,NA,Adams Pasture,No,J,Grasshopper Sparrow,0,0,0,0,0,0,0,
Old Town Hill,David Peterson,2025,5,30,NA,Adams Pasture,No,K,Grasshopper Sparrow,0,0,0,0,0,0,0,
Old Town Hill,David Peterson,2025,5,30,7:31,Watch Field,No,A,Eastern Meadowlark,0,0,0,0,0,0,0,
Old Town Hill,David Peterson,2025,5,30,7:21,Watch Field,No,B,Eastern Meadowlark,0,0,0,0,0,0,0,
Old Town Hill,David Peterson,2025,5,30,7:13,Watch Field,No,C,Eastern Meadowlark,0,0,0,0,0,0,0,
Old Town Hill,David Peterson,2025,5,30,8:16,Bushee Pasture,Yes,D,Eastern Meadowlark,0,0,0,0,0,0,0,
Old Town Hill,David Peterson,2025,5,30,NA,Bushee Pasture,Yes,E,Eastern Meadowlark,0,0,0,0,0,0,0,
Old Town Hill,David Peterson,2025,5,30,NA,Bushee Pasture,Yes,F,Eastern Meadowlark,0,0,0,0,0,0,0,
Old Town Hill,David Peterson,2025,5,30,NA,Bushee Pasture,Yes,G,Eastern Meadowlark,0,0,0,0,0,0,0,
Old Town Hill,David Peterson,2025,5,30,NA,Little River,No,H,Eastern Meadowlark,0,0,0,0,0,0,0,
Old Town Hill,David Peterson,2025,5,30,NA,Adams Pasture,No,I,Eastern Meadowlark,0,0,0,0,0,0,0,
Old Town Hill,David Peterson,2025,5,30,NA,Adams Pasture,No,J,Eastern Meadowlark,0,0,0,0,0,0,0,
Old Town Hill,David Peterson,2025,5,30,NA,Adams Pasture,No,K,Eastern Meadowlark,0,0,0,0,0,0,0,
Old Town Hill,Scarlett Martin,2025,6,29,7:42,Watch Field,No,A,Bobolink,0,0,0,0,0,0,0,
Old Town Hill,Scarlett Martin,2025,6,29,7:50,Watch Field,No,B,Bobolink,0,0,0,0,0,0,0,
Old Town Hill,Scarlett Martin,2025,6,29,7:57,Watch Field,No,C,Bobolink,0,0,0,0,0,0,0,
Old Town Hill,Scarlett Martin,2025,6,29,8:58,Bushee Pasture,No,D,Bobolink,0,0,0,0,0,0,0,
Old Town Hill,Scarlett Martin,2025,6,29,9:04,Bushee Pasture,No,E,Bobolink,0,0,0,0,0,0,0,
Old Town Hill,Scarlett Martin,2025,6,29,9:10,Bushee Pasture,No,F,Bobolink,0,0,0,0,0,0,0,
Old Town Hill,Scarlett Martin,2025,6,29,9:16,Bushee Pasture,No,G,Bobolink,0,0,0,0,0,0,0,
Old Town Hill,Scarlett Martin,2025,6,29,9:27,Little River,Yes,H,Bobolink,0,0,0,2,0,2,2,
Old Town Hill,Scarlett Martin,2025,6,29,8:31,Adams Pasture,No,I,Bobolink,0,0,0,0,0,0,0,
Old Town Hill,Scarlett Martin,2025,6,29,8:25,Adams Pasture,No,J,Bobolink,3,2,5,1,0,1,6,
Old Town Hill,Scarlett Martin,2025,6,29,8:20,Adams Pasture,No,K,Bobolink,0,0,0,0,0,0,0,
Old Town Hill,Scarlett Martin,2025,6,29,7:42,Watch Field,No,A,Savannah Sparrow,0,0,0,0,0,0,0,
Old Town Hill,Scarlett Martin,2025,6,29,7:50,Watch Field,No,B,Savannah Sparrow,0,0,0,0,0,0,0,
Old Town Hill,Scarlett Martin,2025,6,29,7:57,Watch Field,No,C,Savannah Sparrow,0,0,0,0,0,0,0,
Old Town Hill,Scarlett Martin,2025,6,29,8:58,Bushee Pasture,No,D,Savannah Sparrow,0,0,0,0,0,0,0,
Old Town Hill,Scarlett Martin,2025,6,29,9:04,Bushee Pasture,No,E,Savannah Sparrow,0,0,0,0,0,0,0,
Old Town Hill,Scarlett Martin,2025,6,29,9:10,Bushee Pasture,No,F,Savannah Sparrow,0,0,0,0,0,0,0,
Old Town Hill,Scarlett Martin,2025,6,29,9:16,Bushee Pasture,No,G,Savannah Sparrow,0,0,0,0,0,0,0,
Old Town Hill,Scarlett Martin,2025,6,29,9:27,Little River,Yes,H,Savannah Sparrow,0,0,0,0,0,0,0,
Old Town Hill,Scarlett Martin,2025,6,29,8:31,Adams Pasture,No,I,Savannah Sparrow,0,0,0,0,0,0,0,
Old Town Hill,Scarlett Martin,2025,6,29,8:25,Adams Pasture,No,J,Savannah Sparrow,0,0,0,0,0,0,0,
Old Town Hill,Scarlett Martin,2025,6,29,8:20,Adams Pasture,No,K,Savannah Sparrow,0,0,0,0,0,0,0,
Old Town Hill,Scarlett Martin,2025,6,29,7:42,Watch Field,No,A,Grasshopper Sparrow,0,0,0,0,0,0,0,
Old Town Hill,Scarlett Martin,2025,6,29,7:50,Watch Field,No,B,Grasshopper Sparrow,0,0,0,0,0,0,0,
Old Town Hill,Scarlett Martin,2025,6,29,7:57,Watch Field,No,C,Grasshopper Sparrow,0,0,0,0,0,0,0,
Old Town Hill,Scarlett Martin,2025,6,29,8:58,Bushee Pasture,No,D,Grasshopper Sparrow,0,0,0,0,0,0,0,
Old Town Hill,Scarlett Martin,2025,6,29,9:04,Bushee Pasture,No,E,Grasshopper Sparrow,0,0,0,0,0,0,0,
Old Town Hill,Scarlett Martin,2025,6,29,9:10,Bushee Pasture,No,F,Grasshopper Sparrow,0,0,0,0,0,0,0,
Old Town Hill,Scarlett Martin,2025,6,29,9:16,Bushee Pasture,No,G,Grasshopper Sparrow,0,0,0,0,0,0,0,
Old Town Hill,Scarlett Martin,2025,6,29,9:27,Little River,Yes,H,Grasshopper Sparrow,0,0,0,0,0,0,0,
Old Town Hill,Scarlett Martin,2025,6,29,8:31,Adams Pasture,No,I,Grasshopper Sparrow,0,0,0,0,0,0,0,
Old Town Hill,Scarlett Martin,2025,6,29,8:25,Adams Pasture,No,J,Grasshopper Sparrow,0,0,0,0,0,0,0,
Old Town Hill,Scarlett Martin,2025,6,29,8:20,Adams Pasture,No,K,Grasshopper Sparrow,0,0,0,0,0,0,0,
Old Town Hill,Scarlett Martin,2025,6,29,7:42,Watch Field,No,A,Eastern Meadowlark,0,0,0,0,0,0,0,
Old Town Hill,Scarlett Martin,2025,6,29,7:50,Watch Field,No,B,Eastern Meadowlark,0,0,0,0,0,0,0,
Old Town Hill,Scarlett Martin,2025,6,29,7:57,Watch Field,No,C,Eastern Meadowlark,0,0,0,0,0,0,0,
Old Town Hill,Scarlett Martin,2025,6,29,8:58,Bushee Pasture,No,D,Eastern Meadowlark,0,0,0,0,0,0,0,
Old Town Hill,Scarlett Martin,2025,6,29,9:04,Bushee Pasture,No,E,Eastern Meadowlark,0,0,0,0,0,0,0,
Old Town Hill,Scarlett Martin,2025,6,29,9:10,Bushee Pasture,No,F,Eastern Meadowlark,0,0,0,0,0,0,0,
Old Town Hill,Scarlett Martin,2025,6,29,9:16,Bushee Pasture,No,G,Eastern Meadowlark,0,0,0,0,0,0,0,
Old Town Hill,Scarlett Martin,2025,6,29,9:27,Little River,Yes,H,Eastern Meadowlark,0,0,0,0,0,0,0,
Old Town Hill,Scarlett Martin,2025,6,29,8:31,Adams Pasture,No,I,Eastern Meadowlark,0,0,0,0,0,0,0,
Old Town Hill,Scarlett Martin,2025,6,29,8:25,Adams Pasture,No,J,Eastern Meadowlark,0,0,0,0,0,0,0,
Old Town Hill,Scarlett Martin,2025,6,29,8:20,Adams Pasture,No,K,Eastern Meadowlark,0,0,0,0,0,0,0,
Old Town Hill,Julie Casto,2025,7,11,6:52,Watch Field,No,A,Bobolink,0,0,0,0,0,0,0,
Old Town Hill,Julie Casto,2025,7,11,6:45,Watch Field,No,B,Bobolink,0,0,0,0,0,0,0,
Old Town Hill,Julie Casto,2025,7,11,6:37,Watch Field,No,C,Bobolink,0,0,0,0,0,0,0,
Old Town Hill,Julie Casto,2025,7,11,7:09,Bushee Pasture,Yes,D,Bobolink,0,0,0,0,0,0,0,
Old Town Hill,Julie Casto,2025,7,11,7:18,Bushee Pasture,Yes,E,Bobolink,0,0,0,0,0,0,0,
Old Town Hill,Julie Casto,2025,7,11,7:25,Bushee Pasture,Yes,F,Bobolink,0,0,0,0,0,0,0,
Old Town Hill,Julie Casto,2025,7,11,7:34,Bushee Pasture,Yes,G,Bobolink,0,0,0,0,0,0,0,
Old Town Hill,Julie Casto,2025,7,11,7:45,Little River,Yes,H,Bobolink,0,0,0,0,0,0,0,
Old Town Hill,Julie Casto,2025,7,11,5:45,Adams Pasture,No,I,Bobolink,0,1,1,0,0,0,1,
Old Town Hill,Julie Casto,2025,7,11,5:52,Adams Pasture,No,J,Bobolink,0,0,0,0,0,0,0,
Old Town Hill,Julie Casto,2025,7,11,5:59,Adams Pasture,No,K,Bobolink,0,0,0,0,0,0,0,
Old Town Hill,Julie Casto,2025,7,11,6:52,Watch Field,No,A,Savannah Sparrow,0,0,0,0,0,0,0,
Old Town Hill,Julie Casto,2025,7,11,6:45,Watch Field,No,B,Savannah Sparrow,0,0,0,0,0,0,0,
Old Town Hill,Julie Casto,2025,7,11,6:37,Watch Field,No,C,Savannah Sparrow,0,0,0,0,0,0,0,
Old Town Hill,Julie Casto,2025,7,11,7:09,Bushee Pasture,Yes,D,Savannah Sparrow,0,0,0,0,0,0,0,
Old Town Hill,Julie Casto,2025,7,11,7:18,Bushee Pasture,Yes,E,Savannah Sparrow,0,0,0,0,0,0,0,
Old Town Hill,Julie Casto,2025,7,11,7:25,Bushee Pasture,Yes,F,Savannah Sparrow,0,0,0,0,0,0,0,
Old Town Hill,Julie Casto,2025,7,11,7:34,Bushee Pasture,Yes,G,Savannah Sparrow,0,0,0,0,0,0,0,
Old Town Hill,Julie Casto,2025,7,11,7:45,Little River,Yes,H,Savannah Sparrow,0,0,0,0,0,0,0,
Old Town Hill,Julie Casto,2025,7,11,5:45,Adams Pasture,No,I,Savannah Sparrow,0,0,0,0,0,0,0,
Old Town Hill,Julie Casto,2025,7,11,5:52,Adams Pasture,No,J,Savannah Sparrow,0,0,0,0,0,0,0,
Old Town Hill,Julie Casto,2025,7,11,5:59,Adams Pasture,No,K,Savannah Sparrow,0,0,0,0,0,0,0,
Old Town Hill,Julie Casto,2025,7,11,6:52,Watch Field,No,A,Grasshopper Sparrow,0,0,0,0,0,0,0,
Old Town Hill,Julie Casto,2025,7,11,6:45,Watch Field,No,B,Grasshopper Sparrow,0,0,0,0,0,0,0,
Old Town Hill,Julie Casto,2025,7,11,6:37,Watch Field,No,C,Grasshopper Sparrow,0,0,0,0,0,0,0,
Old Town Hill,Julie Casto,2025,7,11,7:09,Bushee Pasture,Yes,D,Grasshopper Sparrow,0,0,0,0,0,0,0,
Old Town Hill,Julie Casto,2025,7,11,7:18,Bushee Pasture,Yes,E,Grasshopper Sparrow,0,0,0,0,0,0,0,
Old Town Hill,Julie Casto,2025,7,11,7:25,Bushee Pasture,Yes,F,Grasshopper Sparrow,0,0,0,0,0,0,0,
Old Town Hill,Julie Casto,2025,7,11,7:34,Bushee Pasture,Yes,G,Grasshopper Sparrow,0,0,0,0,0,0,0,
Old Town Hill,Julie Casto,2025,7,11,7:45,Little River,Yes,H,Grasshopper Sparrow,0,0,0,0,0,0,0,
Old Town Hill,Julie Casto,2025,7,11,5:45,Adams Pasture,No,I,Grasshopper Sparrow,0,0,0,0,0,0,0,
Old Town Hill,Julie Casto,2025,7,11,5:52,Adams Pasture,No,J,Grasshopper Sparrow,0,0,0,0,0,0,0,
Old Town Hill,Julie Casto,2025,7,11,5:59,Adams Pasture,No,K,Grasshopper Sparrow,0,0,0,0,0,0,0,
Old Town Hill,Julie Casto,2025,7,11,6:52,Watch Field,No,A,Eastern Meadowlark,0,0,0,0,0,0,0,
Old Town Hill,Julie Casto,2025,7,11,6:45,Watch Field,No,B,Eastern Meadowlark,0,0,0,0,0,0,0,
Old Town Hill,Julie Casto,2025,7,11,6:37,Watch Field,No,C,Eastern Meadowlark,0,0,0,0,0,0,0,
Old Town Hill,Julie Casto,2025,7,11,7:09,Bushee Pasture,Yes,D,Eastern Meadowlark,0,0,0,0,0,0,0,
Old Town Hill,Julie Casto,2025,7,11,7:18,Bushee Pasture,Yes,E,Eastern Meadowlark,0,0,0,0,0,0,0,
Old Town Hill,Julie Casto,2025,7,11,7:25,Bushee Pasture,Yes,F,Eastern Meadowlark,0,0,0,0,0,0,0,
Old Town Hill,Julie Casto,2025,7,11,7:34,Bushee Pasture,Yes,G,Eastern Meadowlark,0,0,0,0,0,0,0,
Old Town Hill,Julie Casto,2025,7,11,7:45,Little River,Yes,H,Eastern Meadowlark,0,0,0,0,0,0,0,
Old Town Hill,Julie Casto,2025,7,11,5:45,Adams Pasture,No,I,Eastern Meadowlark,0,0,0,0,0,0,0,
Old Town Hill,Julie Casto,2025,7,11,5:52,Adams Pasture,No,J,Eastern Meadowlark,0,0,0,0,0,0,0,
Old Town Hill,Julie Casto,2025,7,11,5:59,Adams Pasture,No,K,Eastern Meadowlark,0,0,0,0,0,0,0,
Old Town Hill,Scarlett Martin,2025,7,15,7:59,Watch Field,No,A,Bobolink,0,0,0,0,0,0,0,
Old Town Hill,Scarlett Martin,2025,7,15,8:05,Watch Field,No,B,Bobolink,0,0,0,0,0,0,0,
Old Town Hill,Scarlett Martin,2025,7,15,8:11,Watch Field,No,C,Bobolink,0,0,0,0,0,0,0,
Old Town Hill,Scarlett Martin,2025,7,15,8:52,Bushee Pasture,Yes,D,Bobolink,0,0,0,0,0,0,0,
Old Town Hill,Scarlett Martin,2025,7,15,8:58,Bushee Pasture,Yes,E,Bobolink,0,0,0,0,0,0,0,
Old Town Hill,Scarlett Martin,2025,7,15,9:03,Bushee Pasture,Yes,F,Bobolink,0,0,0,0,0,0,0,
Old Town Hill,Scarlett Martin,2025,7,15,9:08,Bushee Pasture,Yes,G,Bobolink,0,0,0,0,0,0,0,
Old Town Hill,Scarlett Martin,2025,7,15,9:17,Little River,Yes,H,Bobolink,0,0,0,0,0,0,0,
Old Town Hill,Scarlett Martin,2025,7,15,8:35,Adams Pasture,No,I,Bobolink,0,0,0,0,0,0,0,
Old Town Hill,Scarlett Martin,2025,7,15,8:30,Adams Pasture,No,J,Bobolink,0,0,0,0,0,0,0,
Old Town Hill,Scarlett Martin,2025,7,15,8:25,Adams Pasture,No,K,Bobolink,0,0,0,0,0,0,0,
Old Town Hill,Scarlett Martin,2025,7,15,7:59,Watch Field,No,A,Savannah Sparrow,0,0,0,0,0,0,0,
Old Town Hill,Scarlett Martin,2025,7,15,8:05,Watch Field,No,B,Savannah Sparrow,0,0,0,0,0,0,0,
Old Town Hill,Scarlett Martin,2025,7,15,8:11,Watch Field,No,C,Savannah Sparrow,0,0,0,0,0,0,0,
Old Town Hill,Scarlett Martin,2025,7,15,8:52,Bushee Pasture,Yes,D,Savannah Sparrow,0,0,0,0,0,0,0,
Old Town Hill,Scarlett Martin,2025,7,15,8:58,Bushee Pasture,Yes,E,Savannah Sparrow,0,0,0,0,0,0,0,
Old Town Hill,Scarlett Martin,2025,7,15,9:03,Bushee Pasture,Yes,F,Savannah Sparrow,0,0,0,0,0,0,0,
Old Town Hill,Scarlett Martin,2025,7,15,9:08,Bushee Pasture,Yes,G,Savannah Sparrow,0,0,0,0,0,0,0,
Old Town Hill,Scarlett Martin,2025,7,15,9:17,Little River,Yes,H,Savannah Sparrow,0,0,0,0,0,0,0,
Old Town Hill,Scarlett Martin,2025,7,15,8:35,Adams Pasture,No,I,Savannah Sparrow,0,0,0,0,0,0,0,
Old Town Hill,Scarlett Martin,2025,7,15,8:30,Adams Pasture,No,J,Savannah Sparrow,0,0,0,0,0,0,0,
Old Town Hill,Scarlett Martin,2025,7,15,8:25,Adams Pasture,No,K,Savannah Sparrow,0,0,0,0,0,0,0,
Old Town Hill,Scarlett Martin,2025,7,15,7:59,Watch Field,No,A,Grasshopper Sparrow,0,0,0,0,0,0,0,
Old Town Hill,Scarlett Martin,2025,7,15,8:05,Watch Field,No,B,Grasshopper Sparrow,0,0,0,0,0,0,0,
Old Town Hill,Scarlett Martin,2025,7,15,8:11,Watch Field,No,C,Grasshopper Sparrow,0,0,0,0,0,0,0,
Old Town Hill,Scarlett Martin,2025,7,15,8:52,Bushee Pasture,Yes,D,Grasshopper Sparrow,0,0,0,0,0,0,0,
Old Town Hill,Scarlett Martin,2025,7,15,8:58,Bushee Pasture,Yes,E,Grasshopper Sparrow,0,0,0,0,0,0,0,
Old Town Hill,Scarlett Martin,2025,7,15,9:03,Bushee Pasture,Yes,F,Grasshopper Sparrow,0,0,0,0,0,0,0,
Old Town Hill,Scarlett Martin,2025,7,15,9:08,Bushee Pasture,Yes,G,Grasshopper Sparrow,0,0,0,0,0,0,0,
Old Town Hill,Scarlett Martin,2025,7,15,9:17,Little River,Yes,H,Grasshopper Sparrow,0,0,0,0,0,0,0,
Old Town Hill,Scarlett Martin,2025,7,15,8:35,Adams Pasture,No,I,Grasshopper Sparrow,0,0,0,0,0,0,0,
Old Town Hill,Scarlett Martin,2025,7,15,8:30,Adams Pasture,No,J,Grasshopper Sparrow,0,0,0,0,0,0,0,
Old Town Hill,Scarlett Martin,2025,7,15,8:25,Adams Pasture,No,K,Grasshopper Sparrow,0,0,0,0,0,0,0,
Old Town Hill,Scarlett Martin,2025,7,15,7:59,Watch Field,No,A,Eastern Meadowlark,0,0,0,0,0,0,0,
Old Town Hill,Scarlett Martin,2025,7,15,8:05,Watch Field,No,B,Eastern Meadowlark,0,0,0,0,0,0,0,
Old Town Hill,Scarlett Martin,2025,7,15,8:11,Watch Field,No,C,Eastern Meadowlark,0,0,0,0,0,0,0,
Old Town Hill,Scarlett Martin,2025,7,15,8:52,Bushee Pasture,Yes,D,Eastern Meadowlark,0,0,0,0,0,0,0,
Old Town Hill,Scarlett Martin,2025,7,15,8:58,Bushee Pasture,Yes,E,Eastern Meadowlark,0,0,0,0,0,0,0,
Old Town Hill,Scarlett Martin,2025,7,15,9:03,Bushee Pasture,Yes,F,Eastern Meadowlark,0,0,0,0,0,0,0,
Old Town Hill,Scarlett Martin,2025,7,15,9:08,Bushee Pasture,Yes,G,Eastern Meadowlark,0,0,0,0,0,0,0,
Old Town Hill,Scarlett Martin,2025,7,15,9:17,Little River,Yes,H,Eastern Meadowlark,0,0,0,0,0,0,0,
Old Town Hill,Scarlett Martin,2025,7,15,8:35,Adams Pasture,No,I,Eastern Meadowlark,0,0,0,0,0,0,0,
Old Town Hill,Scarlett Martin,2025,7,15,8:30,Adams Pasture,No,J,Eastern Meadowlark,0,0,0,0,0,0,0,
Old Town Hill,Scarlett Martin,2025,7,15,8:25,Adams Pasture,No,K,Eastern Meadowlark,0,0,0,0,0,0,0,
Old Town Hill,Sabria Brown,2025,6,8,8:51,Watch Field,No,A,Bobolink,0,0,0,0,0,0,0,
Old Town Hill,Sabria Brown,2025,6,8,8:59,Watch Field,No,B,Bobolink,0,0,0,0,0,0,0,
Old Town Hill,Sabria Brown,2025,6,8,9:06,Watch Field,No,C,Bobolink,0,0,0,0,0,0,0,
Old Town Hill,Sabria Brown,2025,6,8,8:36,Bushee Pasture,Yes,D,Bobolink,0,0,0,0,0,0,0,
Old Town Hill,Sabria Brown,2025,6,8,8:09,Bushee Pasture,Yes,E,Bobolink,0,0,0,0,0,0,0,
Old Town Hill,Sabria Brown,2025,6,8,8:20,Bushee Pasture,Yes,F,Bobolink,0,0,0,1,0,1,1,
Old Town Hill,Sabria Brown,2025,6,8,8:30,Bushee Pasture,Yes,G,Bobolink,0,0,0,0,0,0,0,
Old Town Hill,Sabria Brown,2025,6,8,7:51,Little River,No,H,Bobolink,1,0,1,5,1,6,7,
Old Town Hill,Sabria Brown,2025,6,8,9:41,Adams Pasture,No,I,Bobolink,0,1,1,2,0,2,3,
Old Town Hill,Sabria Brown,2025,6,8,9:34,Adams Pasture,No,J,Bobolink,2,0,2,1,0,1,3,
Old Town Hill,Sabria Brown,2025,6,8,9:27,Adams Pasture,No,K,Bobolink,0,0,0,1,0,1,1,
Old Town Hill,Sabria Brown,2025,6,8,8:51,Watch Field,No,A,Savannah Sparrow,0,0,0,0,0,0,0,
Old Town Hill,Sabria Brown,2025,6,8,8:59,Watch Field,No,B,Savannah Sparrow,0,0,0,0,0,0,0,
Old Town Hill,Sabria Brown,2025,6,8,9:06,Watch Field,No,C,Savannah Sparrow,0,0,0,0,0,0,0,
Old Town Hill,Sabria Brown,2025,6,8,8:36,Bushee Pasture,Yes,D,Savannah Sparrow,0,0,0,0,0,0,0,
Old Town Hill,Sabria Brown,2025,6,8,8:09,Bushee Pasture,Yes,E,Savannah Sparrow,0,0,0,0,0,0,0,
Old Town Hill,Sabria Brown,2025,6,8,8:20,Bushee Pasture,Yes,F,Savannah Sparrow,0,0,0,0,0,0,0,
Old Town Hill,Sabria Brown,2025,6,8,8:30,Bushee Pasture,Yes,G,Savannah Sparrow,0,0,0,0,0,0,0,
Old Town Hill,Sabria Brown,2025,6,8,7:51,Little River,No,H,Savannah Sparrow,0,0,0,0,0,0,0,
Old Town Hill,Sabria Brown,2025,6,8,9:41,Adams Pasture,No,I,Savannah Sparrow,0,0,0,0,0,0,0,
Old Town Hill,Sabria Brown,2025,6,8,9:34,Adams Pasture,No,J,Savannah Sparrow,0,0,0,0,0,0,0,
Old Town Hill,Sabria Brown,2025,6,8,9:27,Adams Pasture,No,K,Savannah Sparrow,0,0,0,0,0,0,0,
Old Town Hill,Sabria Brown,2025,6,8,8:51,Watch Field,No,A,Grasshopper Sparrow,0,0,0,0,0,0,0,
Old Town Hill,Sabria Brown,2025,6,8,8:59,Watch Field,No,B,Grasshopper Sparrow,0,0,0,0,0,0,0,
Old Town Hill,Sabria Brown,2025,6,8,9:06,Watch Field,No,C,Grasshopper Sparrow,0,0,0,0,0,0,0,
Old Town Hill,Sabria Brown,2025,6,8,8:36,Bushee Pasture,Yes,D,Grasshopper Sparrow,0,0,0,0,0,0,0,
Old Town Hill,Sabria Brown,2025,6,8,8:09,Bushee Pasture,Yes,E,Grasshopper Sparrow,0,0,0,0,0,0,0,
Old Town Hill,Sabria Brown,2025,6,8,8:20,Bushee Pasture,Yes,F,Grasshopper Sparrow,0,0,0,0,0,0,0,
Old Town Hill,Sabria Brown,2025,6,8,8:30,Bushee Pasture,Yes,G,Grasshopper Sparrow,0,0,0,0,0,0,0,
Old Town Hill,Sabria Brown,2025,6,8,7:51,Little River,No,H,Grasshopper Sparrow,0,0,0,0,0,0,0,
Old Town Hill,Sabria Brown,2025,6,8,9:41,Adams Pasture,No,I,Grasshopper Sparrow,0,0,0,0,0,0,0,
Old Town Hill,Sabria Brown,2025,6,8,9:34,Adams Pasture,No,J,Grasshopper Sparrow,0,0,0,0,0,0,0,
Old Town Hill,Sabria Brown,2025,6,8,9:27,Adams Pasture,No,K,Grasshopper Sparrow,0,0,0,0,0,0,0,
Old Town Hill,Sabria Brown,2025,6,8,8:51,Watch Field,No,A,Eastern Meadowlark,0,0,0,0,0,0,0,
Old Town Hill,Sabria Brown,2025,6,8,8:59,Watch Field,No,B,Eastern Meadowlark,0,0,0,0,0,0,0,
Old Town Hill,Sabria Brown,2025,6,8,9:06,Watch Field,No,C,Eastern Meadowlark,0,0,0,0,0,0,0,
Old Town Hill,Sabria Brown,2025,6,8,8:36,Bushee Pasture,Yes,D,Eastern Meadowlark,0,0,0,0,0,0,0,
Old Town Hill,Sabria Brown,2025,6,8,8:09,Bushee Pasture,Yes,E,Eastern Meadowlark,0,0,0,0,0,0,0,
Old Town Hill,Sabria Brown,2025,6,8,8:20,Bushee Pasture,Yes,F,Eastern Meadowlark,0,0,0,0,0,0,0,
Old Town Hill,Sabria Brown,2025,6,8,8:30,Bushee Pasture,Yes,G,Eastern Meadowlark,0,0,0,0,0,0,0,
Old Town Hill,Sabria Brown,2025,6,8,7:51,Little River,No,H,Eastern Meadowlark,0,0,0,0,0,0,0,
Old Town Hill,Sabria Brown,2025,6,8,9:41,Adams Pasture,No,I,Eastern Meadowlark,0,0,0,0,0,0,0,
Old Town Hill,Sabria Brown,2025,6,8,9:34,Adams Pasture,No,J,Eastern Meadowlark,0,0,0,0,0,0,0,
Old Town Hill,Sabria Brown,2025,6,8,9:27,Adams Pasture,No,K,Eastern Meadowlark,0,0,0,0,0,0,0,
Old Town Hill,Sabria Brown,2025,7,5,1:40,Watch Field,No,A,Bobolink,0,0,0,0,0,0,0,
Old Town Hill,Sabria Brown,2025,7,5,1:52,Watch Field,No,B,Bobolink,0,0,0,0,0,0,0,
Old Town Hill,Sabria Brown,2025,7,5,1:59,Watch Field,No,C,Bobolink,0,0,0,0,0,0,0,
Old Town Hill,Sabria Brown,2025,7,5,12:53,Bushee Pasture,Yes,D,Bobolink,0,0,0,0,0,0,0,
Old Town Hill,Sabria Brown,2025,7,5,1:00,Bushee Pasture,Yes,E,Bobolink,0,0,0,0,0,0,0,
Old Town Hill,Sabria Brown,2025,7,5,1:07,Bushee Pasture,Yes,F,Bobolink,0,0,0,0,0,0,0,
Old Town Hill,Sabria Brown,2025,7,5,1:17,Bushee Pasture,Yes,G,Bobolink,0,0,0,0,0,0,0,
Old Town Hill,Sabria Brown,2025,7,5,12:38,Little River,No,H,Bobolink,0,0,0,0,0,0,0,
Old Town Hill,Sabria Brown,2025,7,5,2:38,Adams Pasture,No,I,Bobolink,0,0,0,0,0,0,0,
Old Town Hill,Sabria Brown,2025,7,5,2:30,Adams Pasture,No,J,Bobolink,0,0,0,1,1,2,2,
Old Town Hill,Sabria Brown,2025,7,5,2:23,Adams Pasture,No,K,Bobolink,1,1,2,0,0,0,2,
Old Town Hill,Sabria Brown,2025,7,5,1:40,Watch Field,No,A,Savannah Sparrow,0,0,0,0,0,0,0,
Old Town Hill,Sabria Brown,2025,7,5,1:52,Watch Field,No,B,Savannah Sparrow,0,0,0,0,0,0,0,
Old Town Hill,Sabria Brown,2025,7,5,1:59,Watch Field,No,C,Savannah Sparrow,0,0,0,0,0,0,0,
Old Town Hill,Sabria Brown,2025,7,5,12:53,Bushee Pasture,Yes,D,Savannah Sparrow,0,0,0,0,0,0,0,
Old Town Hill,Sabria Brown,2025,7,5,1:00,Bushee Pasture,Yes,E,Savannah Sparrow,0,0,0,0,0,0,0,
Old Town Hill,Sabria Brown,2025,7,5,1:07,Bushee Pasture,Yes,F,Savannah Sparrow,0,0,0,0,0,0,0,
Old Town Hill,Sabria Brown,2025,7,5,1:17,Bushee Pasture,Yes,G,Savannah Sparrow,0,0,0,0,0,0,0,
Old Town Hill,Sabria Brown,2025,7,5,12:38,Little River,No,H,Savannah Sparrow,0,0,0,0,0,0,0,
Old Town Hill,Sabria Brown,2025,7,5,2:38,Adams Pasture,No,I,Savannah Sparrow,0,0,0,0,0,0,0,
Old Town Hill,Sabria Brown,2025,7,5,2:30,Adams Pasture,No,J,Savannah Sparrow,0,0,0,0,0,0,0,
Old Town Hill,Sabria Brown,2025,7,5,2:23,Adams Pasture,No,K,Savannah Sparrow,0,0,0,0,0,0,0,
Old Town Hill,Sabria Brown,2025,7,5,1:40,Watch Field,No,A,Grasshopper Sparrow,0,0,0,0,0,0,0,
Old Town Hill,Sabria Brown,2025,7,5,1:52,Watch Field,No,B,Grasshopper Sparrow,0,0,0,0,0,0,0,
Old Town Hill,Sabria Brown,2025,7,5,1:59,Watch Field,No,C,Grasshopper Sparrow,0,0,0,0,0,0,0,
Old Town Hill,Sabria Brown,2025,7,5,12:53,Bushee Pasture,Yes,D,Grasshopper Sparrow,0,0,0,0,0,0,0,
Old Town Hill,Sabria Brown,2025,7,5,1:00,Bushee Pasture,Yes,E,Grasshopper Sparrow,0,0,0,0,0,0,0,
Old Town Hill,Sabria Brown,2025,7,5,1:07,Bushee Pasture,Yes,F,Grasshopper Sparrow,0,0,0,0,0,0,0,
Old Town Hill,Sabria Brown,2025,7,5,1:17,Bushee Pasture,Yes,G,Grasshopper Sparrow,0,0,0,0,0,0,0,
Old Town Hill,Sabria Brown,2025,7,5,12:38,Little River,No,H,Grasshopper Sparrow,0,0,0,0,0,0,0,
Old Town Hill,Sabria Brown,2025,7,5,2:38,Adams Pasture,No,I,Grasshopper Sparrow,0,0,0,0,0,0,0,
Old Town Hill,Sabria Brown,2025,7,5,2:30,Adams Pasture,No,J,Grasshopper Sparrow,0,0,0,0,0,0,0,
Old Town Hill,Sabria Brown,2025,7,5,2:23,Adams Pasture,No,K,Grasshopper Sparrow,0,0,0,0,0,0,0,
Old Town Hill,Sabria Brown,2025,7,5,1:40,Watch Field,No,A,Eastern Meadowlark,0,0,0,0,0,0,0,
Old Town Hill,Sabria Brown,2025,7,5,1:52,Watch Field,No,B,Eastern Meadowlark,0,0,0,0,0,0,0,
Old Town Hill,Sabria Brown,2025,7,5,1:59,Watch Field,No,C,Eastern Meadowlark,0,0,0,0,0,0,0,
Old Town Hill,Sabria Brown,2025,7,5,12:53,Bushee Pasture,Yes,D,Eastern Meadowlark,0,0,0,0,0,0,0,
Old Town Hill,Sabria Brown,2025,7,5,1:00,Bushee Pasture,Yes,E,Eastern Meadowlark,0,0,0,0,0,0,0,
Old Town Hill,Sabria Brown,2025,7,5,1:07,Bushee Pasture,Yes,F,Eastern Meadowlark,0,0,0,0,0,0,0,
Old Town Hill,Sabria Brown,2025,7,5,1:17,Bushee Pasture,Yes,G,Eastern Meadowlark,0,0,0,0,0,0,0,
Old Town Hill,Sabria Brown,2025,7,5,12:38,Little River,No,H,Eastern Meadowlark,0,0,0,0,0,0,0,
Old Town Hill,Sabria Brown,2025,7,5,2:38,Adams Pasture,No,I,Eastern Meadowlark,0,0,0,0,0,0,0,
Old Town Hill,Sabria Brown,2025,7,5,2:30,Adams Pasture,No,J,Eastern Meadowlark,0,0,0,0,0,0,0,
Old Town Hill,Sabria Brown,2025,7,5,2:23,Adams Pasture,No,K,Eastern Meadowlark,0,0,0,0,0,0,0,
Old Town Hill,Sabria Brown,2025,7,12,5:20,Watch Field,No,A,Bobolink,0,0,0,0,0,0,0,
Old Town Hill,Sabria Brown,2025,7,12,5:34,Watch Field,No,B,Bobolink,0,0,0,0,0,0,0,
Old Town Hill,Sabria Brown,2025,7,12,5:41,Watch Field,No,C,Bobolink,0,0,0,0,0,0,0,
Old Town Hill,Sabria Brown,2025,7,12,4:39,Bushee Pasture,Yes,D,Bobolink,0,0,0,0,0,0,0,
Old Town Hill,Sabria Brown,2025,7,12,4:47,Bushee Pasture,Yes,E,Bobolink,0,0,0,0,0,0,0,
Old Town Hill,Sabria Brown,2025,7,12,4:54,Bushee Pasture,Yes,F,Bobolink,0,0,0,0,0,0,0,
Old Town Hill,Sabria Brown,2025,7,12,5:05,Bushee Pasture,Yes,G,Bobolink,0,0,0,0,0,0,0,
Old Town Hill,Sabria Brown,2025,7,12,4:27,Little River,No,H,Bobolink,0,0,0,0,0,0,0,
Old Town Hill,Sabria Brown,2025,7,12,6:45,Adams Pasture,No,I,Bobolink,0,0,0,1,1,2,2,
Old Town Hill,Sabria Brown,2025,7,12,6:38,Adams Pasture,No,J,Bobolink,0,0,0,0,0,0,0,
Old Town Hill,Sabria Brown,2025,7,12,6:30,Adams Pasture,No,K,Bobolink,0,0,0,0,0,0,0,
Old Town Hill,Sabria Brown,2025,7,12,5:20,Watch Field,No,A,Savannah Sparrow,0,0,0,0,0,0,0,
Old Town Hill,Sabria Brown,2025,7,12,5:34,Watch Field,No,B,Savannah Sparrow,0,0,0,0,0,0,0,
Old Town Hill,Sabria Brown,2025,7,12,5:41,Watch Field,No,C,Savannah Sparrow,0,0,0,0,0,0,0,
Old Town Hill,Sabria Brown,2025,7,12,4:39,Bushee Pasture,Yes,D,Savannah Sparrow,0,0,0,0,0,0,0,
Old Town Hill,Sabria Brown,2025,7,12,4:47,Bushee Pasture,Yes,E,Savannah Sparrow,0,0,0,0,0,0,0,
Old Town Hill,Sabria Brown,2025,7,12,4:54,Bushee Pasture,Yes,F,Savannah Sparrow,0,0,0,0,0,0,0,
Old Town Hill,Sabria Brown,2025,7,12,5:05,Bushee Pasture,Yes,G,Savannah Sparrow,0,0,0,0,0,0,0,
Old Town Hill,Sabria Brown,2025,7,12,4:27,Little River,No,H,Savannah Sparrow,0,0,0,0,0,0,0,
Old Town Hill,Sabria Brown,2025,7,12,6:45,Adams Pasture,No,I,Savannah Sparrow,0,0,0,0,0,0,0,
Old Town Hill,Sabria Brown,2025,7,12,6:38,Adams Pasture,No,J,Savannah Sparrow,0,0,0,0,0,0,0,
Old Town Hill,Sabria Brown,2025,7,12,6:30,Adams Pasture,No,K,Savannah Sparrow,0,0,0,0,0,0,0,
Old Town Hill,Sabria Brown,2025,7,12,5:20,Watch Field,No,A,Grasshopper Sparrow,0,0,0,0,0,0,0,
Old Town Hill,Sabria Brown,2025,7,12,5:34,Watch Field,No,B,Grasshopper Sparrow,0,0,0,0,0,0,0,
Old Town Hill,Sabria Brown,2025,7,12,5:41,Watch Field,No,C,Grasshopper Sparrow,0,0,0,0,0,0,0,
Old Town Hill,Sabria Brown,2025,7,12,4:39,Bushee Pasture,Yes,D,Grasshopper Sparrow,0,0,0,0,0,0,0,
Old Town Hill,Sabria Brown,2025,7,12,4:47,Bushee Pasture,Yes,E,Grasshopper Sparrow,0,0,0,0,0,0,0,
Old Town Hill,Sabria Brown,2025,7,12,4:54,Bushee Pasture,Yes,F,Grasshopper Sparrow,0,0,0,0,0,0,0,
Old Town Hill,Sabria Brown,2025,7,12,5:05,Bushee Pasture,Yes,G,Grasshopper Sparrow,0,0,0,0,0,0,0,
Old Town Hill,Sabria Brown,2025,7,12,4:27,Little River,No,H,Grasshopper Sparrow,0,0,0,0,0,0,0,
Old Town Hill,Sabria Brown,2025,7,12,6:45,Adams Pasture,No,I,Grasshopper Sparrow,0,0,0,0,0,0,0,
Old Town Hill,Sabria Brown,2025,7,12,6:38,Adams Pasture,No,J,Grasshopper Sparrow,0,0,0,0,0,0,0,
Old Town Hill,Sabria Brown,2025,7,12,6:30,Adams Pasture,No,K,Grasshopper Sparrow,0,0,0,0,0,0,0,
Old Town Hill,Sabria Brown,2025,7,12,5:20,Watch Field,No,A,Eastern Meadowlark,0,0,0,0,0,0,0,
Old Town Hill,Sabria Brown,2025,7,12,5:34,Watch Field,No,B,Eastern Meadowlark,0,0,0,0,0,0,0,
Old Town Hill,Sabria Brown,2025,7,12,5:41,Watch Field,No,C,Eastern Meadowlark,0,0,0,0,0,0,0,
Old Town Hill,Sabria Brown,2025,7,12,4:39,Bushee Pasture,Yes,D,Eastern Meadowlark,0,0,0,0,0,0,0,
Old Town Hill,Sabria Brown,2025,7,12,4:47,Bushee Pasture,Yes,E,Eastern Meadowlark,0,0,0,0,0,0,0,
Old Town Hill,Sabria Brown,2025,7,12,4:54,Bushee Pasture,Yes,F,Eastern Meadowlark,0,0,0,0,0,0,0,
Old Town Hill,Sabria Brown,2025,7,12,5:05,Bushee Pasture,Yes,G,Eastern Meadowlark,0,0,0,0,0,0,0,
Old Town Hill,Sabria Brown,2025,7,12,4:27,Little River,No,H,Eastern Meadowlark,0,0,0,0,0,0,0,
Old Town Hill,Sabria Brown,2025,7,12,6:45,Adams Pasture,No,I,Eastern Meadowlark,0,0,0,0,0,0,0,
Old Town Hill,Sabria Brown,2025,7,12,6:38,Adams Pasture,No,J,Eastern Meadowlark,0,0,0,0,0,0,0,
Old Town Hill,Sabria Brown,2025,7,12,6:30,Adams Pasture,No,K,Eastern Meadowlark,0,0,0,0,0,0,0,
Powisset Farm,Jen Stone,2025,5,3,7:44,Main Field,No,A,Bobolink,0,0,0,0,0,0,0,
Powisset Farm,Jen Stone,2025,5,3,7:52,Main Field,No,B,Bobolink,0,0,0,0,0,0,0,
Powisset Farm,Jen Stone,2025,5,3,7:59,Main Field,No,C,Bobolink,0,0,0,0,0,0,0,
Powisset Farm,Jen Stone,2025,5,3,7:35,Main Field,No,D,Bobolink,0,0,0,0,0,0,0,
Powisset Farm,Jen Stone,2025,5,3,7:44,Main Field,No,A,Savannah Sparrow,0,0,0,0,0,0,0,
Powisset Farm,Jen Stone,2025,5,3,7:52,Main Field,No,B,Savannah Sparrow,0,0,0,0,0,0,0,
Powisset Farm,Jen Stone,2025,5,3,7:59,Main Field,No,C,Savannah Sparrow,0,0,0,0,0,0,0,
Powisset Farm,Jen Stone,2025,5,3,7:35,Main Field,No,D,Savannah Sparrow,0,0,0,0,0,0,0,
Powisset Farm,Jen Stone,2025,5,3,7:44,Main Field,No,A,Grasshopper Sparrow,0,0,0,0,0,0,0,
Powisset Farm,Jen Stone,2025,5,3,7:52,Main Field,No,B,Grasshopper Sparrow,0,0,0,0,0,0,0,
Powisset Farm,Jen Stone,2025,5,3,7:59,Main Field,No,C,Grasshopper Sparrow,0,0,0,0,0,0,0,
Powisset Farm,Jen Stone,2025,5,3,7:35,Main Field,No,D,Grasshopper Sparrow,0,0,0,0,0,0,0,
Powisset Farm,Jen Stone,2025,5,3,7:44,Main Field,No,A,Eastern Meadowlark,0,0,0,0,0,0,0,
Powisset Farm,Jen Stone,2025,5,3,7:52,Main Field,No,B,Eastern Meadowlark,0,0,0,0,0,0,0,
Powisset Farm,Jen Stone,2025,5,3,7:59,Main Field,No,C,Eastern Meadowlark,0,0,0,0,0,0,0,
Powisset Farm,Jen Stone,2025,5,3,7:35,Main Field,No,D,Eastern Meadowlark,0,0,0,0,0,0,0,
Powisset Farm,Jen Stone,2025,5,11,8:15,Main Field,No,A,Bobolink,0,0,0,0,0,0,0,
Powisset Farm,Jen Stone,2025,5,11,8:25,Main Field,No,B,Bobolink,0,0,0,0,0,0,0,
Powisset Farm,Jen Stone,2025,5,11,8:35,Main Field,No,C,Bobolink,0,0,0,0,0,0,0,
Powisset Farm,Jen Stone,2025,5,11,8:05,Main Field,No,D,Bobolink,0,0,0,0,0,0,0,
Powisset Farm,Jen Stone,2025,5,11,8:15,Main Field,No,A,Savannah Sparrow,0,0,0,0,0,0,0,
Powisset Farm,Jen Stone,2025,5,11,8:25,Main Field,No,B,Savannah Sparrow,0,0,0,0,0,0,0,
Powisset Farm,Jen Stone,2025,5,11,8:35,Main Field,No,C,Savannah Sparrow,0,0,0,0,0,0,0,
Powisset Farm,Jen Stone,2025,5,11,8:05,Main Field,No,D,Savannah Sparrow,0,0,0,0,0,0,0,
Powisset Farm,Jen Stone,2025,5,11,8:15,Main Field,No,A,Grasshopper Sparrow,0,0,0,0,0,0,0,
Powisset Farm,Jen Stone,2025,5,11,8:25,Main Field,No,B,Grasshopper Sparrow,0,0,0,0,0,0,0,
Powisset Farm,Jen Stone,2025,5,11,8:35,Main Field,No,C,Grasshopper Sparrow,0,0,0,0,0,0,0,
Powisset Farm,Jen Stone,2025,5,11,8:05,Main Field,No,D,Grasshopper Sparrow,0,0,0,0,0,0,0,
Powisset Farm,Jen Stone,2025,5,11,8:15,Main Field,No,A,Eastern Meadowlark,0,0,0,0,0,0,0,
Powisset Farm,Jen Stone,2025,5,11,8:25,Main Field,No,B,Eastern Meadowlark,0,0,0,0,0,0,0,
Powisset Farm,Jen Stone,2025,5,11,8:35,Main Field,No,C,Eastern Meadowlark,0,0,0,0,0,0,0,
Powisset Farm,Jen Stone,2025,5,11,8:05,Main Field,No,D,Eastern Meadowlark,0,0,0,0,0,0,0,
Powisset Farm,Cliff Cook,2025,5,14,8:24,Main Field,No,A,Bobolink,0,0,0,0,0,0,0,
Powisset Farm,Cliff Cook,2025,5,14,8:15,Main Field,No,B,Bobolink,0,0,0,0,0,0,0,
Powisset Farm,Cliff Cook,2025,5,14,8:05,Main Field,No,C,Bobolink,0,0,0,0,0,0,0,
Powisset Farm,Cliff Cook,2025,5,14,8:37,Main Field,No,D,Bobolink,0,0,0,0,0,0,0,
Powisset Farm,Cliff Cook,2025,5,14,8:24,Main Field,No,A,Savannah Sparrow,3,0,3,0,0,0,3,
Powisset Farm,Cliff Cook,2025,5,14,8:15,Main Field,No,B,Savannah Sparrow,1,0,1,0,0,0,1,
Powisset Farm,Cliff Cook,2025,5,14,8:05,Main Field,No,C,Savannah Sparrow,0,0,0,0,0,0,0,
Powisset Farm,Cliff Cook,2025,5,14,8:37,Main Field,No,D,Savannah Sparrow,0,0,0,0,0,0,0,
Powisset Farm,Cliff Cook,2025,5,14,8:24,Main Field,No,A,Grasshopper Sparrow,0,0,0,0,0,0,0,
Powisset Farm,Cliff Cook,2025,5,14,8:15,Main Field,No,B,Grasshopper Sparrow,0,0,0,0,0,0,0,
Powisset Farm,Cliff Cook,2025,5,14,8:05,Main Field,No,C,Grasshopper Sparrow,0,0,0,0,0,0,0,
Powisset Farm,Cliff Cook,2025,5,14,8:37,Main Field,No,D,Grasshopper Sparrow,0,0,0,0,0,0,0,
Powisset Farm,Cliff Cook,2025,5,14,8:24,Main Field,No,A,Eastern Meadowlark,0,0,0,0,0,0,0,
Powisset Farm,Cliff Cook,2025,5,14,8:15,Main Field,No,B,Eastern Meadowlark,0,0,0,0,0,0,0,
Powisset Farm,Cliff Cook,2025,5,14,8:05,Main Field,No,C,Eastern Meadowlark,0,0,0,0,0,0,0,
Powisset Farm,Cliff Cook,2025,5,14,8:37,Main Field,No,D,Eastern Meadowlark,0,0,0,0,0,0,0,
Powisset Farm,Jenny Weeks,2025,5,14,8:48,Main Field,No,A,Bobolink,0,0,0,0,0,0,0,
Powisset Farm,Jenny Weeks,2025,5,14,9:00,Main Field,No,B,Bobolink,0,0,0,0,0,0,0,
Powisset Farm,Jenny Weeks,2025,5,14,9:15,Main Field,No,C,Bobolink,0,0,0,0,0,0,0,
Powisset Farm,Jenny Weeks,2025,5,14,9:35,Main Field,No,D,Bobolink,0,0,0,0,0,0,0,
Powisset Farm,Jenny Weeks,2025,5,14,8:48,Main Field,No,A,Savannah Sparrow,0,0,0,0,0,1,1,
Powisset Farm,Jenny Weeks,2025,5,14,9:00,Main Field,No,B,Savannah Sparrow,0,0,0,0,0,1,1,
Powisset Farm,Jenny Weeks,2025,5,14,9:15,Main Field,No,C,Savannah Sparrow,0,0,0,0,0,0,0,
Powisset Farm,Jenny Weeks,2025,5,14,9:35,Main Field,No,D,Savannah Sparrow,0,0,0,0,0,0,0,
Powisset Farm,Jenny Weeks,2025,5,14,8:48,Main Field,No,A,Grasshopper Sparrow,0,0,0,0,0,0,0,
Powisset Farm,Jenny Weeks,2025,5,14,9:00,Main Field,No,B,Grasshopper Sparrow,0,0,0,0,0,0,0,
Powisset Farm,Jenny Weeks,2025,5,14,9:15,Main Field,No,C,Grasshopper Sparrow,0,0,0,0,0,0,0,
Powisset Farm,Jenny Weeks,2025,5,14,9:35,Main Field,No,D,Grasshopper Sparrow,0,0,0,0,0,0,0,
Powisset Farm,Jenny Weeks,2025,5,14,8:48,Main Field,No,A,Eastern Meadowlark,0,0,0,0,0,0,0,
Powisset Farm,Jenny Weeks,2025,5,14,9:00,Main Field,No,B,Eastern Meadowlark,0,0,0,0,0,0,0,
Powisset Farm,Jenny Weeks,2025,5,14,9:15,Main Field,No,C,Eastern Meadowlark,0,0,0,0,0,0,0,
Powisset Farm,Jenny Weeks,2025,5,14,9:35,Main Field,No,D,Eastern Meadowlark,0,0,0,0,0,0,0,
Powisset Farm,Jen Stone,2025,6,1,8:14,Main Field,No,A,Bobolink,0,0,0,0,0,0,0,
Powisset Farm,Jen Stone,2025,6,1,8:23,Main Field,No,B,Bobolink,0,0,0,0,0,0,0,
Powisset Farm,Jen Stone,2025,6,1,8:33,Main Field,No,C,Bobolink,0,0,0,0,0,0,0,
Powisset Farm,Jen Stone,2025,6,1,8:04,Main Field,No,D,Bobolink,0,0,0,0,0,0,0,
Powisset Farm,Jen Stone,2025,6,1,8:14,Main Field,No,A,Savannah Sparrow,0,0,0,0,0,0,0,
Powisset Farm,Jen Stone,2025,6,1,8:23,Main Field,No,B,Savannah Sparrow,0,0,0,0,0,0,0,
Powisset Farm,Jen Stone,2025,6,1,8:33,Main Field,No,C,Savannah Sparrow,0,0,0,0,0,0,0,
Powisset Farm,Jen Stone,2025,6,1,8:04,Main Field,No,D,Savannah Sparrow,0,0,0,0,0,0,0,
Powisset Farm,Jen Stone,2025,6,1,8:14,Main Field,No,A,Grasshopper Sparrow,0,0,0,0,0,0,0,
Powisset Farm,Jen Stone,2025,6,1,8:23,Main Field,No,B,Grasshopper Sparrow,0,0,0,0,0,0,0,
Powisset Farm,Jen Stone,2025,6,1,8:33,Main Field,No,C,Grasshopper Sparrow,0,0,0,0,0,0,0,
Powisset Farm,Jen Stone,2025,6,1,8:04,Main Field,No,D,Grasshopper Sparrow,0,0,0,0,0,0,0,
Powisset Farm,Jen Stone,2025,6,1,8:14,Main Field,No,A,Eastern Meadowlark,0,0,0,0,0,0,0,
Powisset Farm,Jen Stone,2025,6,1,8:23,Main Field,No,B,Eastern Meadowlark,0,0,0,0,0,0,0,
Powisset Farm,Jen Stone,2025,6,1,8:33,Main Field,No,C,Eastern Meadowlark,0,0,0,0,0,0,0,
Powisset Farm,Jen Stone,2025,6,1,8:04,Main Field,No,D,Eastern Meadowlark,0,0,0,0,0,0,0,
Powisset Farm,Jenny Weeks,2025,5,21,NA,Main Field,No,A,Bobolink,0,0,0,0,0,0,0,
Powisset Farm,Jenny Weeks,2025,5,21,NA,Main Field,No,B,Bobolink,0,0,0,0,0,0,0,
Powisset Farm,Jenny Weeks,2025,5,21,NA,Main Field,No,C,Bobolink,0,0,0,0,0,0,0,
Powisset Farm,Jenny Weeks,2025,5,21,NA,Main Field,No,D,Bobolink,0,0,0,0,0,0,0,
Powisset Farm,Jenny Weeks,2025,5,21,NA,Main Field,No,A,Savannah Sparrow,0,0,0,0,0,0,0,
Powisset Farm,Jenny Weeks,2025,5,21,NA,Main Field,No,B,Savannah Sparrow,0,0,0,0,0,0,0,
Powisset Farm,Jenny Weeks,2025,5,21,NA,Main Field,No,C,Savannah Sparrow,0,0,0,0,0,0,0,
Powisset Farm,Jenny Weeks,2025,5,21,NA,Main Field,No,D,Savannah Sparrow,0,0,0,0,0,0,0,
Powisset Farm,Jenny Weeks,2025,5,21,NA,Main Field,No,A,Grasshopper Sparrow,0,0,0,0,0,0,0,
Powisset Farm,Jenny Weeks,2025,5,21,NA,Main Field,No,B,Grasshopper Sparrow,0,0,0,0,0,0,0,
Powisset Farm,Jenny Weeks,2025,5,21,NA,Main Field,No,C,Grasshopper Sparrow,0,0,0,0,0,0,0,
Powisset Farm,Jenny Weeks,2025,5,21,NA,Main Field,No,D,Grasshopper Sparrow,0,0,0,0,0,0,0,
Powisset Farm,Jenny Weeks,2025,5,21,NA,Main Field,No,A,Eastern Meadowlark,0,0,0,0,0,0,0,
Powisset Farm,Jenny Weeks,2025,5,21,NA,Main Field,No,B,Eastern Meadowlark,0,0,0,0,0,0,0,
Powisset Farm,Jenny Weeks,2025,5,21,NA,Main Field,No,C,Eastern Meadowlark,0,0,0,0,0,0,0,
Powisset Farm,Jenny Weeks,2025,5,21,NA,Main Field,No,D,Eastern Meadowlark,0,0,0,0,0,0,0,
Powisset Farm,Jenny Weeks,2025,5,29,9:07,Main Field,No,A,Bobolink,0,0,0,0,0,0,0,
Powisset Farm,Jenny Weeks,2025,5,29,9:23,Main Field,No,B,Bobolink,0,0,0,0,0,0,0,
Powisset Farm,Jenny Weeks,2025,5,29,9:40,Main Field,No,C,Bobolink,0,0,0,0,0,0,0,
Powisset Farm,Jenny Weeks,2025,5,29,9:51,Main Field,No,D,Bobolink,0,0,0,0,0,0,0,
Powisset Farm,Jenny Weeks,2025,5,29,9:07,Main Field,No,A,Savannah Sparrow,0,0,0,0,0,0,0,
Powisset Farm,Jenny Weeks,2025,5,29,9:23,Main Field,No,B,Savannah Sparrow,0,0,0,0,0,0,0,
Powisset Farm,Jenny Weeks,2025,5,29,9:40,Main Field,No,C,Savannah Sparrow,0,0,0,0,0,0,0,
Powisset Farm,Jenny Weeks,2025,5,29,9:51,Main Field,No,D,Savannah Sparrow,0,0,0,0,0,0,0,
Powisset Farm,Jenny Weeks,2025,5,29,9:07,Main Field,No,A,Grasshopper Sparrow,0,0,0,0,0,0,0,
Powisset Farm,Jenny Weeks,2025,5,29,9:23,Main Field,No,B,Grasshopper Sparrow,0,0,0,0,0,0,0,
Powisset Farm,Jenny Weeks,2025,5,29,9:40,Main Field,No,C,Grasshopper Sparrow,0,0,0,0,0,0,0,
Powisset Farm,Jenny Weeks,2025,5,29,9:51,Main Field,No,D,Grasshopper Sparrow,0,0,0,0,0,0,0,
Powisset Farm,Jenny Weeks,2025,5,29,9:07,Main Field,No,A,Eastern Meadowlark,0,0,0,0,0,0,0,
Powisset Farm,Jenny Weeks,2025,5,29,9:23,Main Field,No,B,Eastern Meadowlark,0,0,0,0,0,0,0,
Powisset Farm,Jenny Weeks,2025,5,29,9:40,Main Field,No,C,Eastern Meadowlark,0,0,0,0,0,0,0,
Powisset Farm,Jenny Weeks,2025,5,29,9:51,Main Field,No,D,Eastern Meadowlark,0,0,0,0,0,0,0,
Powisset Farm,Jenny Weeks,2025,6,5,8:16,Main Field,No,A,Bobolink,0,0,0,0,0,0,0,
Powisset Farm,Jenny Weeks,2025,6,5,8:26,Main Field,No,B,Bobolink,0,0,0,0,0,0,0,
Powisset Farm,Jenny Weeks,2025,6,5,8:36,Main Field,No,C,Bobolink,0,0,0,0,0,0,0,
Powisset Farm,Jenny Weeks,2025,6,5,8:49,Main Field,No,D,Bobolink,0,0,0,0,0,0,0,
Powisset Farm,Jenny Weeks,2025,6,5,8:16,Main Field,No,A,Savannah Sparrow,0,0,0,0,0,0,0,
Powisset Farm,Jenny Weeks,2025,6,5,8:26,Main Field,No,B,Savannah Sparrow,0,0,0,0,0,0,0,
Powisset Farm,Jenny Weeks,2025,6,5,8:36,Main Field,No,C,Savannah Sparrow,0,0,0,0,0,0,0,
Powisset Farm,Jenny Weeks,2025,6,5,8:49,Main Field,No,D,Savannah Sparrow,0,0,0,0,0,0,0,
Powisset Farm,Jenny Weeks,2025,6,5,8:16,Main Field,No,A,Grasshopper Sparrow,0,0,0,0,0,0,0,
Powisset Farm,Jenny Weeks,2025,6,5,8:26,Main Field,No,B,Grasshopper Sparrow,0,0,0,0,0,0,0,
Powisset Farm,Jenny Weeks,2025,6,5,8:36,Main Field,No,C,Grasshopper Sparrow,0,0,0,0,0,0,0,
Powisset Farm,Jenny Weeks,2025,6,5,8:49,Main Field,No,D,Grasshopper Sparrow,0,0,0,0,0,0,0,
Powisset Farm,Jenny Weeks,2025,6,5,8:16,Main Field,No,A,Eastern Meadowlark,0,0,0,0,0,0,0,
Powisset Farm,Jenny Weeks,2025,6,5,8:26,Main Field,No,B,Eastern Meadowlark,0,0,0,0,0,0,0,
Powisset Farm,Jenny Weeks,2025,6,5,8:36,Main Field,No,C,Eastern Meadowlark,0,0,0,0,0,0,0,
Powisset Farm,Jenny Weeks,2025,6,5,8:49,Main Field,No,D,Eastern Meadowlark,0,0,0,0,0,0,0,
Powisset Farm,Jen Stone,2025,6,15,8:30,Main Field,No,A,Bobolink,0,0,0,0,0,0,0,
Powisset Farm,Jen Stone,2025,6,15,8:38:00,Main Field,No,B,Bobolink,0,0,0,0,0,0,0,
Powisset Farm,Jen Stone,2025,6,15,8:45,Main Field,No,C,Bobolink,0,0,0,0,0,0,0,
Powisset Farm,Jen Stone,2025,6,15,8:23,Main Field,No,D,Bobolink,0,0,0,0,0,0,0,
Powisset Farm,Jen Stone,2025,6,15,8:30,Main Field,No,A,Savannah Sparrow,0,0,0,0,0,0,0,
Powisset Farm,Jen Stone,2025,6,15,8:38:00,Main Field,No,B,Savannah Sparrow,0,0,0,0,0,0,0,
Powisset Farm,Jen Stone,2025,6,15,8:45,Main Field,No,C,Savannah Sparrow,0,0,0,0,0,0,0,
Powisset Farm,Jen Stone,2025,6,15,8:23,Main Field,No,D,Savannah Sparrow,0,0,0,0,0,0,0,
Powisset Farm,Jen Stone,2025,6,15,8:30,Main Field,No,A,Grasshopper Sparrow,0,0,0,0,0,0,0,
Powisset Farm,Jen Stone,2025,6,15,8:38:00,Main Field,No,B,Grasshopper Sparrow,0,0,0,0,0,0,0,
Powisset Farm,Jen Stone,2025,6,15,8:45,Main Field,No,C,Grasshopper Sparrow,0,0,0,0,0,0,0,
Powisset Farm,Jen Stone,2025,6,15,8:23,Main Field,No,D,Grasshopper Sparrow,0,0,0,0,0,0,0,
Powisset Farm,Jen Stone,2025,6,15,8:30,Main Field,No,A,Eastern Meadowlark,0,0,0,0,0,0,0,
Powisset Farm,Jen Stone,2025,6,15,8:38:00,Main Field,No,B,Eastern Meadowlark,0,0,0,0,0,0,0,
Powisset Farm,Jen Stone,2025,6,15,8:45,Main Field,No,C,Eastern Meadowlark,0,0,0,0,0,0,0,
Powisset Farm,Jen Stone,2025,6,15,8:23,Main Field,No,D,Eastern Meadowlark,0,0,0,0,0,0,0,
Powisset Farm,Sam Schmitz,2025,6,21,9:42,Main Field,No,A,Bobolink,0,0,0,0,0,0,0,
Powisset Farm,Sam Schmitz,2025,6,21,9:54,Main Field,No,B,Bobolink,0,0,0,0,0,0,0,
Powisset Farm,Sam Schmitz,2025,6,21,10:10,Main Field,No,C,Bobolink,0,0,0,0,0,0,0,
Powisset Farm,Sam Schmitz,2025,6,21,9:25,Main Field,No,D,Bobolink,0,0,0,0,0,0,0,
Powisset Farm,Sam Schmitz,2025,6,21,9:42,Main Field,No,A,Savannah Sparrow,0,0,0,0,0,0,0,
Powisset Farm,Sam Schmitz,2025,6,21,9:54,Main Field,No,B,Savannah Sparrow,0,0,0,0,0,0,0,
Powisset Farm,Sam Schmitz,2025,6,21,10:10,Main Field,No,C,Savannah Sparrow,0,0,0,0,0,0,0,
Powisset Farm,Sam Schmitz,2025,6,21,9:25,Main Field,No,D,Savannah Sparrow,0,0,0,0,0,0,0,
Powisset Farm,Sam Schmitz,2025,6,21,9:42,Main Field,No,A,Grasshopper Sparrow,0,0,0,0,0,0,0,
Powisset Farm,Sam Schmitz,2025,6,21,9:54,Main Field,No,B,Grasshopper Sparrow,0,0,0,0,0,0,0,
Powisset Farm,Sam Schmitz,2025,6,21,10:10,Main Field,No,C,Grasshopper Sparrow,0,0,0,0,0,0,0,
Powisset Farm,Sam Schmitz,2025,6,21,9:25,Main Field,No,D,Grasshopper Sparrow,0,0,0,0,0,0,0,
Powisset Farm,Sam Schmitz,2025,6,21,9:42,Main Field,No,A,Eastern Meadowlark,0,0,0,0,0,0,0,
Powisset Farm,Sam Schmitz,2025,6,21,9:54,Main Field,No,B,Eastern Meadowlark,0,0,0,0,0,0,0,
Powisset Farm,Sam Schmitz,2025,6,21,10:10,Main Field,No,C,Eastern Meadowlark,0,0,0,0,0,0,0,
Powisset Farm,Sam Schmitz,2025,6,21,9:25,Main Field,No,D,Eastern Meadowlark,0,0,0,0,0,0,0,
Powisset Farm,Cliff Cook,2025,6,6,6:59,Main Field,No,A,Bobolink,0,0,0,0,0,0,0,
Powisset Farm,Cliff Cook,2025,6,6,7:13,Main Field,No,B,Bobolink,0,0,0,0,0,0,0,
Powisset Farm,Cliff Cook,2025,6,6,7:23,Main Field,No,C,Bobolink,0,0,0,0,0,0,0,
Powisset Farm,Cliff Cook,2025,6,6,7:32,Main Field,No,D,Bobolink,0,0,0,0,0,0,0,
Powisset Farm,Cliff Cook,2025,6,6,6:59,Main Field,No,A,Savannah Sparrow,0,0,0,0,0,0,0,
Powisset Farm,Cliff Cook,2025,6,6,7:13,Main Field,No,B,Savannah Sparrow,0,0,0,0,0,0,0,
Powisset Farm,Cliff Cook,2025,6,6,7:23,Main Field,No,C,Savannah Sparrow,0,0,0,0,0,0,0,
Powisset Farm,Cliff Cook,2025,6,6,7:32,Main Field,No,D,Savannah Sparrow,0,0,0,0,0,0,0,
Powisset Farm,Cliff Cook,2025,6,6,6:59,Main Field,No,A,Grasshopper Sparrow,0,0,0,0,0,0,0,
Powisset Farm,Cliff Cook,2025,6,6,7:13,Main Field,No,B,Grasshopper Sparrow,0,0,0,0,0,0,0,
Powisset Farm,Cliff Cook,2025,6,6,7:23,Main Field,No,C,Grasshopper Sparrow,0,0,0,0,0,0,0,
Powisset Farm,Cliff Cook,2025,6,6,7:32,Main Field,No,D,Grasshopper Sparrow,0,0,0,0,0,0,0,
Powisset Farm,Cliff Cook,2025,6,6,6:59,Main Field,No,A,Eastern Meadowlark,0,0,0,0,0,0,0,
Powisset Farm,Cliff Cook,2025,6,6,7:13,Main Field,No,B,Eastern Meadowlark,0,0,0,0,0,0,0,
Powisset Farm,Cliff Cook,2025,6,6,7:23,Main Field,No,C,Eastern Meadowlark,0,0,0,0,0,0,0,
Powisset Farm,Cliff Cook,2025,6,6,7:32,Main Field,No,D,Eastern Meadowlark,0,0,0,0,0,0,0,
Powisset Farm,Cliff Cook,2025,6,26,9:28,Main Field,No,A,Bobolink,0,0,0,0,0,0,0,
Powisset Farm,Cliff Cook,2025,6,26,9:17,Main Field,No,B,Bobolink,0,0,0,0,0,0,0,
Powisset Farm,Cliff Cook,2025,6,26,9:06,Main Field,No,C,Bobolink,0,0,0,0,0,0,0,
Powisset Farm,Cliff Cook,2025,6,26,9:41,Main Field,No,D,Bobolink,0,0,0,0,0,0,0,
Powisset Farm,Cliff Cook,2025,6,26,9:28,Main Field,No,A,Savannah Sparrow,0,0,0,0,0,0,0,
Powisset Farm,Cliff Cook,2025,6,26,9:17,Main Field,No,B,Savannah Sparrow,0,0,0,0,0,0,0,
Powisset Farm,Cliff Cook,2025,6,26,9:06,Main Field,No,C,Savannah Sparrow,0,0,0,0,0,0,0,
Powisset Farm,Cliff Cook,2025,6,26,9:41,Main Field,No,D,Savannah Sparrow,0,0,0,0,0,0,0,
Powisset Farm,Cliff Cook,2025,6,26,9:28,Main Field,No,A,Grasshopper Sparrow,0,0,0,0,0,0,0,
Powisset Farm,Cliff Cook,2025,6,26,9:17,Main Field,No,B,Grasshopper Sparrow,0,0,0,0,0,0,0,
Powisset Farm,Cliff Cook,2025,6,26,9:06,Main Field,No,C,Grasshopper Sparrow,0,0,0,0,0,0,0,
Powisset Farm,Cliff Cook,2025,6,26,9:41,Main Field,No,D,Grasshopper Sparrow,0,0,0,0,0,0,0,
Powisset Farm,Cliff Cook,2025,6,26,9:28,Main Field,No,A,Eastern Meadowlark,0,0,0,0,0,0,0,
Powisset Farm,Cliff Cook,2025,6,26,9:17,Main Field,No,B,Eastern Meadowlark,0,0,0,0,0,0,0,
Powisset Farm,Cliff Cook,2025,6,26,9:06,Main Field,No,C,Eastern Meadowlark,0,0,0,0,0,0,0,
Powisset Farm,Cliff Cook,2025,6,26,9:41,Main Field,No,D,Eastern Meadowlark,0,0,0,0,0,0,0,
Powisset Farm,Sam Schmitz,2025,6,30,9:40,Main Field,No,A,Bobolink,0,0,0,0,0,0,0,
Powisset Farm,Sam Schmitz,2025,6,30,9:52,Main Field,No,B,Bobolink,0,0,0,0,0,0,0,
Powisset Farm,Sam Schmitz,2025,6,30,10:07,Main Field,No,C,Bobolink,0,0,0,0,0,0,0,
Powisset Farm,Sam Schmitz,2025,6,30,9:17,Main Field,No,D,Bobolink,0,0,0,0,0,0,0,
Powisset Farm,Sam Schmitz,2025,6,30,9:40,Main Field,No,A,Savannah Sparrow,0,0,0,0,0,0,0,
Powisset Farm,Sam Schmitz,2025,6,30,9:52,Main Field,No,B,Savannah Sparrow,0,0,0,0,0,0,0,
Powisset Farm,Sam Schmitz,2025,6,30,10:07,Main Field,No,C,Savannah Sparrow,0,0,0,0,0,0,0,
Powisset Farm,Sam Schmitz,2025,6,30,9:17,Main Field,No,D,Savannah Sparrow,0,0,0,0,0,0,0,
Powisset Farm,Sam Schmitz,2025,6,30,9:40,Main Field,No,A,Grasshopper Sparrow,0,0,0,0,0,0,0,
Powisset Farm,Sam Schmitz,2025,6,30,9:52,Main Field,No,B,Grasshopper Sparrow,0,0,0,0,0,0,0,
Powisset Farm,Sam Schmitz,2025,6,30,10:07,Main Field,No,C,Grasshopper Sparrow,0,0,0,0,0,0,0,
Powisset Farm,Sam Schmitz,2025,6,30,9:17,Main Field,No,D,Grasshopper Sparrow,0,0,0,0,0,0,0,
Powisset Farm,Sam Schmitz,2025,6,30,9:40,Main Field,No,A,Eastern Meadowlark,0,0,0,0,0,0,0,
Powisset Farm,Sam Schmitz,2025,6,30,9:52,Main Field,No,B,Eastern Meadowlark,0,0,0,0,0,0,0,
Powisset Farm,Sam Schmitz,2025,6,30,10:07,Main Field,No,C,Eastern Meadowlark,0,0,0,0,0,0,0,
Powisset Farm,Sam Schmitz,2025,6,30,9:17,Main Field,No,D,Eastern Meadowlark,0,0,0,0,0,0,0,
Powisset Farm,Jen Stone,2025,7,1,7:45,Main Field,No,A,Bobolink,0,0,0,0,0,0,0,
Powisset Farm,Jen Stone,2025,7,1,7:53,Main Field,No,B,Bobolink,0,0,0,0,0,0,0,
Powisset Farm,Jen Stone,2025,7,1,8:01,Main Field,No,C,Bobolink,0,0,0,0,0,0,0,
Powisset Farm,Jen Stone,2025,7,1,7:38,Main Field,No,D,Bobolink,0,0,0,0,0,0,0,
Powisset Farm,Jen Stone,2025,7,1,7:45,Main Field,No,A,Savannah Sparrow,0,0,0,0,0,0,0,
Powisset Farm,Jen Stone,2025,7,1,7:53,Main Field,No,B,Savannah Sparrow,0,0,0,0,0,0,0,
Powisset Farm,Jen Stone,2025,7,1,8:01,Main Field,No,C,Savannah Sparrow,0,0,0,0,0,0,0,
Powisset Farm,Jen Stone,2025,7,1,7:38,Main Field,No,D,Savannah Sparrow,0,0,0,0,0,0,0,
Powisset Farm,Jen Stone,2025,7,1,7:45,Main Field,No,A,Grasshopper Sparrow,0,0,0,0,0,0,0,
Powisset Farm,Jen Stone,2025,7,1,7:53,Main Field,No,B,Grasshopper Sparrow,0,0,0,0,0,0,0,
Powisset Farm,Jen Stone,2025,7,1,8:01,Main Field,No,C,Grasshopper Sparrow,0,0,0,0,0,0,0,
Powisset Farm,Jen Stone,2025,7,1,7:38,Main Field,No,D,Grasshopper Sparrow,0,0,0,0,0,0,0,
Powisset Farm,Jen Stone,2025,7,1,7:45,Main Field,No,A,Eastern Meadowlark,0,0,0,0,0,0,0,
Powisset Farm,Jen Stone,2025,7,1,7:53,Main Field,No,B,Eastern Meadowlark,0,0,0,0,0,0,0,
Powisset Farm,Jen Stone,2025,7,1,8:01,Main Field,No,C,Eastern Meadowlark,0,0,0,0,0,0,0,
Powisset Farm,Jen Stone,2025,7,1,7:38,Main Field,No,D,Eastern Meadowlark,0,0,0,0,0,0,0,
Powisset Farm,Jen Stone,2025,7,12,7:59,Main Field,No,A,Bobolink,0,0,0,0,0,0,0,
Powisset Farm,Jen Stone,2025,7,12,8:10,Main Field,No,B,Bobolink,0,0,0,0,0,0,0,
Powisset Farm,Jen Stone,2025,7,12,8:20,Main Field,No,C,Bobolink,0,0,0,0,0,0,0,
Powisset Farm,Jen Stone,2025,7,12,7:48,Main Field,No,D,Bobolink,0,0,0,0,0,0,0,
Powisset Farm,Jen Stone,2025,7,12,7:59,Main Field,No,A,Savannah Sparrow,0,0,0,0,0,0,0,
Powisset Farm,Jen Stone,2025,7,12,8:10,Main Field,No,B,Savannah Sparrow,0,0,0,0,0,0,0,
Powisset Farm,Jen Stone,2025,7,12,8:20,Main Field,No,C,Savannah Sparrow,0,0,0,0,0,0,0,
Powisset Farm,Jen Stone,2025,7,12,7:48,Main Field,No,D,Savannah Sparrow,0,0,0,0,0,0,0,
Powisset Farm,Jen Stone,2025,7,12,7:59,Main Field,No,A,Grasshopper Sparrow,0,0,0,0,0,0,0,
Powisset Farm,Jen Stone,2025,7,12,8:10,Main Field,No,B,Grasshopper Sparrow,0,0,0,0,0,0,0,
Powisset Farm,Jen Stone,2025,7,12,8:20,Main Field,No,C,Grasshopper Sparrow,0,0,0,0,0,0,0,
Powisset Farm,Jen Stone,2025,7,12,7:48,Main Field,No,D,Grasshopper Sparrow,0,0,0,0,0,0,0,
Powisset Farm,Jen Stone,2025,7,12,7:59,Main Field,No,A,Eastern Meadowlark,0,0,0,0,0,0,0,
Powisset Farm,Jen Stone,2025,7,12,8:10,Main Field,No,B,Eastern Meadowlark,0,0,0,0,0,0,0,
Powisset Farm,Jen Stone,2025,7,12,8:20,Main Field,No,C,Eastern Meadowlark,0,0,0,0,0,0,0,
Powisset Farm,Jen Stone,2025,7,12,7:48,Main Field,No,D,Eastern Meadowlark,0,0,0,0,0,0,0,
Powisset Farm,Jenny Weeks,2025,7,12,9:02,Main Field,No,A,Bobolink,0,0,0,0,0,0,0,
Powisset Farm,Jenny Weeks,2025,7,12,9:13,Main Field,No,B,Bobolink,0,0,0,0,0,0,0,
Powisset Farm,Jenny Weeks,2025,7,12,9:24,Main Field,No,C,Bobolink,0,0,0,0,0,0,0,
Powisset Farm,Jenny Weeks,2025,7,12,9:36,Main Field,No,D,Bobolink,0,0,0,0,0,0,0,
Powisset Farm,Jenny Weeks,2025,7,12,9:02,Main Field,No,A,Savannah Sparrow,0,0,0,0,0,0,0,
Powisset Farm,Jenny Weeks,2025,7,12,9:13,Main Field,No,B,Savannah Sparrow,0,0,0,0,0,0,0,
Powisset Farm,Jenny Weeks,2025,7,12,9:24,Main Field,No,C,Savannah Sparrow,0,0,0,0,0,0,0,
Powisset Farm,Jenny Weeks,2025,7,12,9:36,Main Field,No,D,Savannah Sparrow,0,0,0,0,0,0,0,
Powisset Farm,Jenny Weeks,2025,7,12,9:02,Main Field,No,A,Grasshopper Sparrow,0,0,0,0,0,0,0,
Powisset Farm,Jenny Weeks,2025,7,12,9:13,Main Field,No,B,Grasshopper Sparrow,0,0,0,0,0,0,0,
Powisset Farm,Jenny Weeks,2025,7,12,9:24,Main Field,No,C,Grasshopper Sparrow,0,0,0,0,0,0,0,
Powisset Farm,Jenny Weeks,2025,7,12,9:36,Main Field,No,D,Grasshopper Sparrow,0,0,0,0,0,0,0,
Powisset Farm,Jenny Weeks,2025,7,12,9:02,Main Field,No,A,Eastern Meadowlark,0,0,0,0,0,0,0,
Powisset Farm,Jenny Weeks,2025,7,12,9:13,Main Field,No,B,Eastern Meadowlark,0,0,0,0,0,0,0,
Powisset Farm,Jenny Weeks,2025,7,12,9:24,Main Field,No,C,Eastern Meadowlark,0,0,0,0,0,0,0,
Powisset Farm,Jenny Weeks,2025,7,12,9:36,Main Field,No,D,Eastern Meadowlark,0,0,0,0,0,0,0,
Powisset Farm,Jenny Weeks,2025,7,4,9:11,Main Field,No,A,Bobolink,0,0,0,0,0,0,0,
Powisset Farm,Jenny Weeks,2025,7,4,9:20,Main Field,No,B,Bobolink,0,0,0,0,0,0,0,
Powisset Farm,Jenny Weeks,2025,7,4,9:33,Main Field,No,C,Bobolink,0,0,0,0,0,0,0,
Powisset Farm,Jenny Weeks,2025,7,4,9:44,Main Field,No,D,Bobolink,0,0,0,0,0,0,0,
Powisset Farm,Jenny Weeks,2025,7,4,9:11,Main Field,No,A,Savannah Sparrow,0,0,0,0,0,0,0,
Powisset Farm,Jenny Weeks,2025,7,4,9:20,Main Field,No,B,Savannah Sparrow,0,0,0,0,0,0,0,
Powisset Farm,Jenny Weeks,2025,7,4,9:33,Main Field,No,C,Savannah Sparrow,0,0,0,0,0,0,0,
Powisset Farm,Jenny Weeks,2025,7,4,9:44,Main Field,No,D,Savannah Sparrow,0,0,0,0,0,0,0,
Powisset Farm,Jenny Weeks,2025,7,4,9:11,Main Field,No,A,Grasshopper Sparrow,0,0,0,0,0,0,0,
Powisset Farm,Jenny Weeks,2025,7,4,9:20,Main Field,No,B,Grasshopper Sparrow,0,0,0,0,0,0,0,
Powisset Farm,Jenny Weeks,2025,7,4,9:33,Main Field,No,C,Grasshopper Sparrow,0,0,0,0,0,0,0,
Powisset Farm,Jenny Weeks,2025,7,4,9:44,Main Field,No,D,Grasshopper Sparrow,0,0,0,0,0,0,0,
Powisset Farm,Jenny Weeks,2025,7,4,9:11,Main Field,No,A,Eastern Meadowlark,0,0,0,0,0,0,0,
Powisset Farm,Jenny Weeks,2025,7,4,9:20,Main Field,No,B,Eastern Meadowlark,0,0,0,0,0,0,0,
Powisset Farm,Jenny Weeks,2025,7,4,9:33,Main Field,No,C,Eastern Meadowlark,0,0,0,0,0,0,0,
Powisset Farm,Jenny Weeks,2025,7,4,9:44,Main Field,No,D,Eastern Meadowlark,0,0,0,0,0,0,0,
Powisset Farm,Jenny Weeks,2025,6,12,9:05,Main Field,No,A,Bobolink,0,0,0,0,0,0,0,
Powisset Farm,Jenny Weeks,2025,6,12,9:16,Main Field,No,B,Bobolink,0,0,0,0,0,0,0,
Powisset Farm,Jenny Weeks,2025,6,12,9:27,Main Field,No,C,Bobolink,0,0,0,0,0,0,0,
Powisset Farm,Jenny Weeks,2025,6,12,9:39,Main Field,No,D,Bobolink,0,0,0,0,0,0,0,
Powisset Farm,Jenny Weeks,2025,6,12,9:05,Main Field,No,A,Savannah Sparrow,0,0,0,0,0,0,0,
Powisset Farm,Jenny Weeks,2025,6,12,9:16,Main Field,No,B,Savannah Sparrow,0,0,0,0,0,0,0,
Powisset Farm,Jenny Weeks,2025,6,12,9:27,Main Field,No,C,Savannah Sparrow,0,0,0,0,0,0,0,
Powisset Farm,Jenny Weeks,2025,6,12,9:39,Main Field,No,D,Savannah Sparrow,0,0,0,0,0,0,0,
Powisset Farm,Jenny Weeks,2025,6,12,9:05,Main Field,No,A,Grasshopper Sparrow,0,0,0,0,0,0,0,
Powisset Farm,Jenny Weeks,2025,6,12,9:16,Main Field,No,B,Grasshopper Sparrow,0,0,0,0,0,0,0,
Powisset Farm,Jenny Weeks,2025,6,12,9:27,Main Field,No,C,Grasshopper Sparrow,0,0,0,0,0,0,0,
Powisset Farm,Jenny Weeks,2025,6,12,9:39,Main Field,No,D,Grasshopper Sparrow,0,0,0,0,0,0,0,
Powisset Farm,Jenny Weeks,2025,6,12,9:05,Main Field,No,A,Eastern Meadowlark,0,0,0,0,0,0,0,
Powisset Farm,Jenny Weeks,2025,6,12,9:16,Main Field,No,B,Eastern Meadowlark,0,0,0,0,0,0,0,
Powisset Farm,Jenny Weeks,2025,6,12,9:27,Main Field,No,C,Eastern Meadowlark,0,0,0,0,0,0,0,
Powisset Farm,Jenny Weeks,2025,6,12,9:39,Main Field,No,D,Eastern Meadowlark,0,0,0,0,0,0,0,
Powisset Farm,Jenny Weeks,2025,6,5,8:16,Main Field,No,A,Bobolink,0,0,0,0,0,0,0,
Powisset Farm,Jenny Weeks,2025,6,5,8:26,Main Field,No,B,Bobolink,0,0,0,0,0,0,0,
Powisset Farm,Jenny Weeks,2025,6,5,8:36,Main Field,No,C,Bobolink,0,0,0,0,0,0,0,
Powisset Farm,Jenny Weeks,2025,6,5,8:49,Main Field,No,D,Bobolink,0,0,0,0,0,0,0,
Powisset Farm,Jenny Weeks,2025,6,5,8:16,Main Field,No,A,Savannah Sparrow,0,0,0,0,0,0,0,
Powisset Farm,Jenny Weeks,2025,6,5,8:26,Main Field,No,B,Savannah Sparrow,0,0,0,0,0,0,0,
Powisset Farm,Jenny Weeks,2025,6,5,8:36,Main Field,No,C,Savannah Sparrow,0,0,0,0,0,0,0,
Powisset Farm,Jenny Weeks,2025,6,5,8:49,Main Field,No,D,Savannah Sparrow,0,0,0,0,0,0,0,
Powisset Farm,Jenny Weeks,2025,6,5,8:16,Main Field,No,A,Grasshopper Sparrow,0,0,0,0,0,0,0,
Powisset Farm,Jenny Weeks,2025,6,5,8:26,Main Field,No,B,Grasshopper Sparrow,0,0,0,0,0,0,0,
Powisset Farm,Jenny Weeks,2025,6,5,8:36,Main Field,No,C,Grasshopper Sparrow,0,0,0,0,0,0,0,
Powisset Farm,Jenny Weeks,2025,6,5,8:49,Main Field,No,D,Grasshopper Sparrow,0,0,0,0,0,0,0,
Powisset Farm,Jenny Weeks,2025,6,5,8:16,Main Field,No,A,Eastern Meadowlark,0,0,0,0,0,0,0,
Powisset Farm,Jenny Weeks,2025,6,5,8:26,Main Field,No,B,Eastern Meadowlark,0,0,0,0,0,0,0,
Powisset Farm,Jenny Weeks,2025,6,5,8:36,Main Field,No,C,Eastern Meadowlark,0,0,0,0,0,0,0,
Powisset Farm,Jenny Weeks,2025,6,5,8:49,Main Field,No,D,Eastern Meadowlark,0,0,0,0,0,0,0,
Stevens-Coolidge,Susan Bailey,2025,5,11,8:03,Ox Pasture,No,A,Bobolink,0,0,0,0,0,0,0,
Stevens-Coolidge,Susan Bailey,2025,5,11,7:52,Helen's Meadow,No,B,Bobolink,0,0,0,0,0,0,0,
Stevens-Coolidge,Susan Bailey,2025,5,11,8:15,Downing Field,No,C,Bobolink,0,0,0,0,0,0,0,
Stevens-Coolidge,Susan Bailey,2025,5,11,8:32,Faulkner Field,No,D,Bobolink,0,0,0,0,0,0,0,
Stevens-Coolidge,Susan Bailey,2025,5,11,8:03,Ox Pasture,No,A,Savannah Sparrow,0,0,0,0,0,0,0,
Stevens-Coolidge,Susan Bailey,2025,5,11,7:52,Helen's Meadow,No,B,Savannah Sparrow,0,0,0,0,0,0,0,
Stevens-Coolidge,Susan Bailey,2025,5,11,8:15,Downing Field,No,C,Savannah Sparrow,0,0,0,0,0,0,0,
Stevens-Coolidge,Susan Bailey,2025,5,11,8:32,Faulkner Field,No,D,Savannah Sparrow,0,0,0,0,0,0,0,
Stevens-Coolidge,Susan Bailey,2025,5,11,8:03,Ox Pasture,No,A,Grasshopper Sparrow,0,0,0,0,0,0,0,
Stevens-Coolidge,Susan Bailey,2025,5,11,7:52,Helen's Meadow,No,B,Grasshopper Sparrow,0,0,0,0,0,0,0,
Stevens-Coolidge,Susan Bailey,2025,5,11,8:15,Downing Field,No,C,Grasshopper Sparrow,0,0,0,0,0,0,0,
Stevens-Coolidge,Susan Bailey,2025,5,11,8:32,Faulkner Field,No,D,Grasshopper Sparrow,0,0,0,0,0,0,0,
Stevens-Coolidge,Susan Bailey,2025,5,11,8:03,Ox Pasture,No,A,Eastern Meadowlark,0,0,0,0,0,0,0,
Stevens-Coolidge,Susan Bailey,2025,5,11,7:52,Helen's Meadow,No,B,Eastern Meadowlark,0,0,0,0,0,0,0,
Stevens-Coolidge,Susan Bailey,2025,5,11,8:15,Downing Field,No,C,Eastern Meadowlark,0,0,0,0,0,0,0,
Stevens-Coolidge,Susan Bailey,2025,5,11,8:32,Faulkner Field,No,D,Eastern Meadowlark,0,0,0,0,0,0,0,
Stevens-Coolidge,Sabrina Brown,2025,5,18,9:34,Ox Pasture,No,A,Bobolink,0,0,0,0,0,0,0,
Stevens-Coolidge,Sabrina Brown,2025,5,18,9:25,Helen's Meadow,No,B,Bobolink,0,0,0,0,0,0,0,
Stevens-Coolidge,Sabrina Brown,2025,5,18,9:43,Downing Field,No,C,Bobolink,0,0,0,0,0,0,0,
Stevens-Coolidge,Sabrina Brown,2025,5,18,9:51,Faulkner Field,No,D,Bobolink,0,0,0,0,0,0,0,
Stevens-Coolidge,Sabrina Brown,2025,5,18,9:34,Ox Pasture,No,A,Savannah Sparrow,0,0,0,0,0,0,0,
Stevens-Coolidge,Sabrina Brown,2025,5,18,9:25,Helen's Meadow,No,B,Savannah Sparrow,0,0,0,0,0,0,0,
Stevens-Coolidge,Sabrina Brown,2025,5,18,9:43,Downing Field,No,C,Savannah Sparrow,0,0,0,0,0,0,0,
Stevens-Coolidge,Sabrina Brown,2025,5,18,9:51,Faulkner Field,No,D,Savannah Sparrow,0,0,0,0,0,0,0,
Stevens-Coolidge,Sabrina Brown,2025,5,18,9:34,Ox Pasture,No,A,Grasshopper Sparrow,0,0,0,0,0,0,0,
Stevens-Coolidge,Sabrina Brown,2025,5,18,9:25,Helen's Meadow,No,B,Grasshopper Sparrow,0,0,0,0,0,0,0,
Stevens-Coolidge,Sabrina Brown,2025,5,18,9:43,Downing Field,No,C,Grasshopper Sparrow,0,0,0,0,0,0,0,
Stevens-Coolidge,Sabrina Brown,2025,5,18,9:51,Faulkner Field,No,D,Grasshopper Sparrow,0,0,0,0,0,0,0,
Stevens-Coolidge,Sabrina Brown,2025,5,18,9:34,Ox Pasture,No,A,Eastern Meadowlark,0,0,0,0,0,0,0,
Stevens-Coolidge,Sabrina Brown,2025,5,18,9:25,Helen's Meadow,No,B,Eastern Meadowlark,0,0,0,0,0,0,0,
Stevens-Coolidge,Sabrina Brown,2025,5,18,9:43,Downing Field,No,C,Eastern Meadowlark,0,0,0,0,0,0,0,
Stevens-Coolidge,Sabrina Brown,2025,5,18,9:51,Faulkner Field,No,D,Eastern Meadowlark,0,0,0,0,0,0,0,
Stevens-Coolidge,Susan Bailey,2025,5,20,6:58,Ox Pasture,No,A,Bobolink,0,0,0,0,0,0,0,
Stevens-Coolidge,Susan Bailey,2025,5,20,7:35,Helen's Meadow,No,B,Bobolink,0,0,0,0,0,0,0,
Stevens-Coolidge,Susan Bailey,2025,5,20,7:10,Downing Field,No,C,Bobolink,0,0,0,0,0,0,0,
Stevens-Coolidge,Susan Bailey,2025,5,20,7:20,Faulkner Field,No,D,Bobolink,0,0,0,0,0,0,0,
Stevens-Coolidge,Susan Bailey,2025,5,20,6:58,Ox Pasture,No,A,Savannah Sparrow,0,0,0,0,0,0,0,
Stevens-Coolidge,Susan Bailey,2025,5,20,7:35,Helen's Meadow,No,B,Savannah Sparrow,0,0,0,0,0,0,0,
Stevens-Coolidge,Susan Bailey,2025,5,20,7:10,Downing Field,No,C,Savannah Sparrow,0,0,0,0,0,0,0,
Stevens-Coolidge,Susan Bailey,2025,5,20,7:20,Faulkner Field,No,D,Savannah Sparrow,0,0,0,0,0,0,0,
Stevens-Coolidge,Susan Bailey,2025,5,20,6:58,Ox Pasture,No,A,Grasshopper Sparrow,0,0,0,0,0,0,0,
Stevens-Coolidge,Susan Bailey,2025,5,20,7:35,Helen's Meadow,No,B,Grasshopper Sparrow,0,0,0,0,0,0,0,
Stevens-Coolidge,Susan Bailey,2025,5,20,7:10,Downing Field,No,C,Grasshopper Sparrow,0,0,0,0,0,0,0,
Stevens-Coolidge,Susan Bailey,2025,5,20,7:20,Faulkner Field,No,D,Grasshopper Sparrow,0,0,0,0,0,0,0,
Stevens-Coolidge,Susan Bailey,2025,5,20,6:58,Ox Pasture,No,A,Eastern Meadowlark,0,0,0,0,0,0,0,
Stevens-Coolidge,Susan Bailey,2025,5,20,7:35,Helen's Meadow,No,B,Eastern Meadowlark,0,0,0,0,0,0,0,
Stevens-Coolidge,Susan Bailey,2025,5,20,7:10,Downing Field,No,C,Eastern Meadowlark,0,0,0,0,0,0,0,
Stevens-Coolidge,Susan Bailey,2025,5,20,7:20,Faulkner Field,No,D,Eastern Meadowlark,0,0,0,0,0,0,0,
Stevens-Coolidge,Ruth Marrion,2025,5,19,7:10,Ox Pasture,No,A,Bobolink,0,0,0,0,0,0,0,
Stevens-Coolidge,Ruth Marrion,2025,5,19,7:18,Helen's Meadow,No,B,Bobolink,0,0,0,0,0,0,0,
Stevens-Coolidge,Ruth Marrion,2025,5,19,7:27,Downing Field,No,C,Bobolink,0,0,0,0,0,0,0,
Stevens-Coolidge,Ruth Marrion,2025,5,19,7:38,Faulkner Field,No,D,Bobolink,0,0,0,0,0,0,0,
Stevens-Coolidge,Ruth Marrion,2025,5,19,7:10,Ox Pasture,No,A,Savannah Sparrow,0,0,0,0,0,0,0,
Stevens-Coolidge,Ruth Marrion,2025,5,19,7:18,Helen's Meadow,No,B,Savannah Sparrow,0,0,0,0,0,0,0,
Stevens-Coolidge,Ruth Marrion,2025,5,19,7:27,Downing Field,No,C,Savannah Sparrow,0,0,0,0,0,0,0,
Stevens-Coolidge,Ruth Marrion,2025,5,19,7:38,Faulkner Field,No,D,Savannah Sparrow,0,0,0,0,0,0,0,
Stevens-Coolidge,Ruth Marrion,2025,5,19,7:10,Ox Pasture,No,A,Grasshopper Sparrow,0,0,0,0,0,0,0,
Stevens-Coolidge,Ruth Marrion,2025,5,19,7:18,Helen's Meadow,No,B,Grasshopper Sparrow,0,0,0,0,0,0,0,
Stevens-Coolidge,Ruth Marrion,2025,5,19,7:27,Downing Field,No,C,Grasshopper Sparrow,0,0,0,0,0,0,0,
Stevens-Coolidge,Ruth Marrion,2025,5,19,7:38,Faulkner Field,No,D,Grasshopper Sparrow,0,0,0,0,0,0,0,
Stevens-Coolidge,Ruth Marrion,2025,5,19,7:10,Ox Pasture,No,A,Eastern Meadowlark,0,0,0,0,0,0,0,
Stevens-Coolidge,Ruth Marrion,2025,5,19,7:18,Helen's Meadow,No,B,Eastern Meadowlark,0,0,0,0,0,0,0,
Stevens-Coolidge,Ruth Marrion,2025,5,19,7:27,Downing Field,No,C,Eastern Meadowlark,0,0,0,0,0,0,0,
Stevens-Coolidge,Ruth Marrion,2025,5,19,7:38,Faulkner Field,No,D,Eastern Meadowlark,0,0,0,0,0,0,0,
Stevens-Coolidge,Sabrina Brown,2025,5,25,9:52,Ox Pasture,No,A,Bobolink,0,0,0,0,0,0,0,
Stevens-Coolidge,Sabrina Brown,2025,5,25,9:27,Helen's Meadow,No,B,Bobolink,0,0,0,0,0,0,0,
Stevens-Coolidge,Sabrina Brown,2025,5,25,9:34,Downing Field,No,C,Bobolink,0,0,0,0,0,0,0,
Stevens-Coolidge,Sabrina Brown,2025,5,25,9:42,Faulkner Field,No,D,Bobolink,0,0,0,0,0,0,0,
Stevens-Coolidge,Sabrina Brown,2025,5,25,9:52,Ox Pasture,No,A,Savannah Sparrow,0,0,0,0,0,0,0,
Stevens-Coolidge,Sabrina Brown,2025,5,25,9:27,Helen's Meadow,No,B,Savannah Sparrow,0,0,0,0,0,0,0,
Stevens-Coolidge,Sabrina Brown,2025,5,25,9:34,Downing Field,No,C,Savannah Sparrow,0,0,0,0,0,0,0,
Stevens-Coolidge,Sabrina Brown,2025,5,25,9:42,Faulkner Field,No,D,Savannah Sparrow,0,0,0,0,0,0,0,
Stevens-Coolidge,Sabrina Brown,2025,5,25,9:52,Ox Pasture,No,A,Grasshopper Sparrow,0,0,0,0,0,0,0,
Stevens-Coolidge,Sabrina Brown,2025,5,25,9:27,Helen's Meadow,No,B,Grasshopper Sparrow,0,0,0,0,0,0,0,
Stevens-Coolidge,Sabrina Brown,2025,5,25,9:34,Downing Field,No,C,Grasshopper Sparrow,0,0,0,0,0,0,0,
Stevens-Coolidge,Sabrina Brown,2025,5,25,9:42,Faulkner Field,No,D,Grasshopper Sparrow,0,0,0,0,0,0,0,
Stevens-Coolidge,Sabrina Brown,2025,5,25,9:52,Ox Pasture,No,A,Eastern Meadowlark,0,0,0,0,0,0,0,
Stevens-Coolidge,Sabrina Brown,2025,5,25,9:27,Helen's Meadow,No,B,Eastern Meadowlark,0,0,0,0,0,0,0,
Stevens-Coolidge,Sabrina Brown,2025,5,25,9:34,Downing Field,No,C,Eastern Meadowlark,0,0,0,0,0,0,0,
Stevens-Coolidge,Sabrina Brown,2025,5,25,9:42,Faulkner Field,No,D,Eastern Meadowlark,0,0,0,0,0,0,0,
Stevens-Coolidge,Susan Bailey,2025,5,28,8:04,Ox Pasture,No,A,Bobolink,0,0,0,0,0,0,0,
Stevens-Coolidge,Susan Bailey,2025,5,28,8:38,Helen's Meadow,No,B,Bobolink,0,0,0,0,0,0,0,
Stevens-Coolidge,Susan Bailey,2025,5,28,8:14,Downing Field,No,C,Bobolink,0,0,0,0,0,0,0,
Stevens-Coolidge,Susan Bailey,2025,5,28,8:25,Faulkner Field,No,D,Bobolink,0,0,0,0,0,0,0,
Stevens-Coolidge,Susan Bailey,2025,5,28,8:04,Ox Pasture,No,A,Savannah Sparrow,0,0,0,0,0,0,0,
Stevens-Coolidge,Susan Bailey,2025,5,28,8:38,Helen's Meadow,No,B,Savannah Sparrow,0,0,0,0,0,0,0,
Stevens-Coolidge,Susan Bailey,2025,5,28,8:14,Downing Field,No,C,Savannah Sparrow,0,0,0,0,0,0,0,
Stevens-Coolidge,Susan Bailey,2025,5,28,8:25,Faulkner Field,No,D,Savannah Sparrow,0,0,0,0,0,0,0,
Stevens-Coolidge,Susan Bailey,2025,5,28,8:04,Ox Pasture,No,A,Grasshopper Sparrow,0,0,0,0,0,0,0,
Stevens-Coolidge,Susan Bailey,2025,5,28,8:38,Helen's Meadow,No,B,Grasshopper Sparrow,0,0,0,0,0,0,0,
Stevens-Coolidge,Susan Bailey,2025,5,28,8:14,Downing Field,No,C,Grasshopper Sparrow,0,0,0,0,0,0,0,
Stevens-Coolidge,Susan Bailey,2025,5,28,8:25,Faulkner Field,No,D,Grasshopper Sparrow,0,0,0,0,0,0,0,
Stevens-Coolidge,Susan Bailey,2025,5,28,8:04,Ox Pasture,No,A,Eastern Meadowlark,0,0,0,0,0,0,0,
Stevens-Coolidge,Susan Bailey,2025,5,28,8:38,Helen's Meadow,No,B,Eastern Meadowlark,0,0,0,0,0,0,0,
Stevens-Coolidge,Susan Bailey,2025,5,28,8:14,Downing Field,No,C,Eastern Meadowlark,0,0,0,0,0,0,0,
Stevens-Coolidge,Susan Bailey,2025,5,28,8:25,Faulkner Field,No,D,Eastern Meadowlark,0,0,0,0,0,0,0,
Stevens-Coolidge,Susan Bailey,2025,6,3,8:25,Ox Pasture,No,A,Bobolink,0,0,0,0,0,0,0,
Stevens-Coolidge,Susan Bailey,2025,6,3,7:46,Helen's Meadow,No,B,Bobolink,0,0,0,0,0,0,0,
Stevens-Coolidge,Susan Bailey,2025,6,3,7:55,Downing Field,No,C,Bobolink,0,0,0,0,0,0,0,
Stevens-Coolidge,Susan Bailey,2025,6,3,8:09,Faulkner Field,No,D,Bobolink,0,0,0,0,0,0,0,
Stevens-Coolidge,Susan Bailey,2025,6,3,8:25,Ox Pasture,No,A,Savannah Sparrow,0,0,0,0,0,0,0,
Stevens-Coolidge,Susan Bailey,2025,6,3,7:46,Helen's Meadow,No,B,Savannah Sparrow,0,0,0,0,0,0,0,
Stevens-Coolidge,Susan Bailey,2025,6,3,7:55,Downing Field,No,C,Savannah Sparrow,0,0,0,0,0,0,0,
Stevens-Coolidge,Susan Bailey,2025,6,3,8:09,Faulkner Field,No,D,Savannah Sparrow,0,0,0,0,0,0,0,
Stevens-Coolidge,Susan Bailey,2025,6,3,8:25,Ox Pasture,No,A,Grasshopper Sparrow,0,0,0,0,0,0,0,
Stevens-Coolidge,Susan Bailey,2025,6,3,7:46,Helen's Meadow,No,B,Grasshopper Sparrow,0,0,0,0,0,0,0,
Stevens-Coolidge,Susan Bailey,2025,6,3,7:55,Downing Field,No,C,Grasshopper Sparrow,0,0,0,0,0,0,0,
Stevens-Coolidge,Susan Bailey,2025,6,3,8:09,Faulkner Field,No,D,Grasshopper Sparrow,0,0,0,0,0,0,0,
Stevens-Coolidge,Susan Bailey,2025,6,3,8:25,Ox Pasture,No,A,Eastern Meadowlark,0,0,0,0,0,0,0,
Stevens-Coolidge,Susan Bailey,2025,6,3,7:46,Helen's Meadow,No,B,Eastern Meadowlark,0,0,0,0,0,0,0,
Stevens-Coolidge,Susan Bailey,2025,6,3,7:55,Downing Field,No,C,Eastern Meadowlark,0,0,0,0,0,0,0,
Stevens-Coolidge,Susan Bailey,2025,6,3,8:09,Faulkner Field,No,D,Eastern Meadowlark,0,0,0,0,0,0,0,
Stevens-Coolidge,Ruth Marrion,2025,6,11,7:10,Ox Pasture,No,A,Bobolink,0,0,0,0,0,0,0,
Stevens-Coolidge,Ruth Marrion,2025,6,11,7:18,Helen's Meadow,No,B,Bobolink,0,0,0,0,0,0,0,
Stevens-Coolidge,Ruth Marrion,2025,6,11,7:27,Downing Field,No,C,Bobolink,0,0,0,0,0,0,0,
Stevens-Coolidge,Ruth Marrion,2025,6,11,7:35,Faulkner Field,No,D,Bobolink,0,0,0,0,0,0,0,
Stevens-Coolidge,Ruth Marrion,2025,6,11,7:10,Ox Pasture,No,A,Savannah Sparrow,0,0,0,0,0,0,0,
Stevens-Coolidge,Ruth Marrion,2025,6,11,7:18,Helen's Meadow,No,B,Savannah Sparrow,0,0,0,0,0,0,0,
Stevens-Coolidge,Ruth Marrion,2025,6,11,7:27,Downing Field,No,C,Savannah Sparrow,0,0,0,0,0,0,0,
Stevens-Coolidge,Ruth Marrion,2025,6,11,7:35,Faulkner Field,No,D,Savannah Sparrow,0,0,0,0,0,0,0,
Stevens-Coolidge,Ruth Marrion,2025,6,11,7:10,Ox Pasture,No,A,Grasshopper Sparrow,0,0,0,0,0,0,0,
Stevens-Coolidge,Ruth Marrion,2025,6,11,7:18,Helen's Meadow,No,B,Grasshopper Sparrow,0,0,0,0,0,0,0,
Stevens-Coolidge,Ruth Marrion,2025,6,11,7:27,Downing Field,No,C,Grasshopper Sparrow,0,0,0,0,0,0,0,
Stevens-Coolidge,Ruth Marrion,2025,6,11,7:35,Faulkner Field,No,D,Grasshopper Sparrow,0,0,0,0,0,0,0,
Stevens-Coolidge,Ruth Marrion,2025,6,11,7:10,Ox Pasture,No,A,Eastern Meadowlark,0,0,0,0,0,0,0,
Stevens-Coolidge,Ruth Marrion,2025,6,11,7:18,Helen's Meadow,No,B,Eastern Meadowlark,0,0,0,0,0,0,0,
Stevens-Coolidge,Ruth Marrion,2025,6,11,7:27,Downing Field,No,C,Eastern Meadowlark,0,0,0,0,0,0,0,
Stevens-Coolidge,Ruth Marrion,2025,6,11,7:35,Faulkner Field,No,D,Eastern Meadowlark,0,0,0,0,0,0,0,
Stevens-Coolidge,Susan Bailey,2025,6,19,8:34,Ox Pasture,No,A,Bobolink,0,0,0,0,0,0,0,
Stevens-Coolidge,Susan Bailey,2025,6,19,8:44,Helen's Meadow,No,B,Bobolink,0,0,0,0,0,0,0,
Stevens-Coolidge,Susan Bailey,2025,6,19,8:53,Downing Field,No,C,Bobolink,0,0,0,0,0,0,0,
Stevens-Coolidge,Susan Bailey,2025,6,19,9:02,Faulkner Field,No,D,Bobolink,0,0,0,0,0,0,0,
Stevens-Coolidge,Susan Bailey,2025,6,19,8:34,Ox Pasture,No,A,Savannah Sparrow,0,0,0,0,0,0,0,
Stevens-Coolidge,Susan Bailey,2025,6,19,8:44,Helen's Meadow,No,B,Savannah Sparrow,0,0,0,0,0,0,0,
Stevens-Coolidge,Susan Bailey,2025,6,19,8:53,Downing Field,No,C,Savannah Sparrow,0,0,0,0,0,0,0,
Stevens-Coolidge,Susan Bailey,2025,6,19,9:02,Faulkner Field,No,D,Savannah Sparrow,0,0,0,0,0,0,0,
Stevens-Coolidge,Susan Bailey,2025,6,19,8:34,Ox Pasture,No,A,Grasshopper Sparrow,0,0,0,0,0,0,0,
Stevens-Coolidge,Susan Bailey,2025,6,19,8:44,Helen's Meadow,No,B,Grasshopper Sparrow,0,0,0,0,0,0,0,
Stevens-Coolidge,Susan Bailey,2025,6,19,8:53,Downing Field,No,C,Grasshopper Sparrow,0,0,0,0,0,0,0,
Stevens-Coolidge,Susan Bailey,2025,6,19,9:02,Faulkner Field,No,D,Grasshopper Sparrow,0,0,0,0,0,0,0,
Stevens-Coolidge,Susan Bailey,2025,6,19,8:34,Ox Pasture,No,A,Eastern Meadowlark,0,0,0,0,0,0,0,
Stevens-Coolidge,Susan Bailey,2025,6,19,8:44,Helen's Meadow,No,B,Eastern Meadowlark,0,0,0,0,0,0,0,
Stevens-Coolidge,Susan Bailey,2025,6,19,8:53,Downing Field,No,C,Eastern Meadowlark,0,0,0,0,0,0,0,
Stevens-Coolidge,Susan Bailey,2025,6,19,9:02,Faulkner Field,No,D,Eastern Meadowlark,0,0,0,0,0,0,0,
Stevens-Coolidge,Sabrina Brown,2025,7,6,2:51,Ox Pasture,No,A,Bobolink,0,0,0,0,0,0,0,
Stevens-Coolidge,Sabrina Brown,2025,7,6,2:57,Helen's Meadow,No,B,Bobolink,0,0,0,0,0,0,0,
Stevens-Coolidge,Sabrina Brown,2025,7,6,3:03,Downing Field,No,C,Bobolink,0,0,0,0,0,0,0,
Stevens-Coolidge,Sabrina Brown,2025,7,6,3:11,Faulkner Field,No,D,Bobolink,0,0,0,0,0,0,0,
Stevens-Coolidge,Sabrina Brown,2025,7,6,2:51,Ox Pasture,No,A,Savannah Sparrow,0,0,0,0,0,0,0,
Stevens-Coolidge,Sabrina Brown,2025,7,6,2:57,Helen's Meadow,No,B,Savannah Sparrow,0,0,0,0,0,0,0,
Stevens-Coolidge,Sabrina Brown,2025,7,6,3:03,Downing Field,No,C,Savannah Sparrow,0,0,0,0,0,0,0,
Stevens-Coolidge,Sabrina Brown,2025,7,6,3:11,Faulkner Field,No,D,Savannah Sparrow,0,0,0,0,0,0,0,
Stevens-Coolidge,Sabrina Brown,2025,7,6,2:51,Ox Pasture,No,A,Grasshopper Sparrow,0,0,0,0,0,0,0,
Stevens-Coolidge,Sabrina Brown,2025,7,6,2:57,Helen's Meadow,No,B,Grasshopper Sparrow,0,0,0,0,0,0,0,
Stevens-Coolidge,Sabrina Brown,2025,7,6,3:03,Downing Field,No,C,Grasshopper Sparrow,0,0,0,0,0,0,0,
Stevens-Coolidge,Sabrina Brown,2025,7,6,3:11,Faulkner Field,No,D,Grasshopper Sparrow,0,0,0,0,0,0,0,
Stevens-Coolidge,Sabrina Brown,2025,7,6,2:51,Ox Pasture,No,A,Eastern Meadowlark,0,0,0,0,0,0,0,
Stevens-Coolidge,Sabrina Brown,2025,7,6,2:57,Helen's Meadow,No,B,Eastern Meadowlark,0,0,0,0,0,0,0,
Stevens-Coolidge,Sabrina Brown,2025,7,6,3:03,Downing Field,No,C,Eastern Meadowlark,0,0,0,0,0,0,0,
Stevens-Coolidge,Sabrina Brown,2025,7,6,3:11,Faulkner Field,No,D,Eastern Meadowlark,0,0,0,0,0,0,0,
Stevens-Coolidge,Sabrina Brown,2025,7,13,9:23,Ox Pasture,No,A,Bobolink,0,0,0,0,0,0,0,
Stevens-Coolidge,Sabrina Brown,2025,7,13,8:56,Helen's Meadow,Yes,B,Bobolink,0,0,0,0,0,0,0,
Stevens-Coolidge,Sabrina Brown,2025,7,13,9:04,Downing Field,No,C,Bobolink,0,0,0,0,0,0,0,
Stevens-Coolidge,Sabrina Brown,2025,7,13,9:14,Faulkner Field,No,D,Bobolink,0,0,0,0,0,0,0,
Stevens-Coolidge,Sabrina Brown,2025,7,13,9:23,Ox Pasture,No,A,Savannah Sparrow,0,0,0,0,0,0,0,
Stevens-Coolidge,Sabrina Brown,2025,7,13,8:56,Helen's Meadow,Yes,B,Savannah Sparrow,0,0,0,0,0,0,0,
Stevens-Coolidge,Sabrina Brown,2025,7,13,9:04,Downing Field,No,C,Savannah Sparrow,0,0,0,0,0,0,0,
Stevens-Coolidge,Sabrina Brown,2025,7,13,9:14,Faulkner Field,No,D,Savannah Sparrow,0,0,0,0,0,0,0,
Stevens-Coolidge,Sabrina Brown,2025,7,13,9:23,Ox Pasture,No,A,Grasshopper Sparrow,0,0,0,0,0,0,0,
Stevens-Coolidge,Sabrina Brown,2025,7,13,8:56,Helen's Meadow,Yes,B,Grasshopper Sparrow,0,0,0,0,0,0,0,
Stevens-Coolidge,Sabrina Brown,2025,7,13,9:04,Downing Field,No,C,Grasshopper Sparrow,0,0,0,0,0,0,0,
Stevens-Coolidge,Sabrina Brown,2025,7,13,9:14,Faulkner Field,No,D,Grasshopper Sparrow,0,0,0,0,0,0,0,
Stevens-Coolidge,Sabrina Brown,2025,7,13,9:23,Ox Pasture,No,A,Eastern Meadowlark,0,0,0,0,0,0,0,
Stevens-Coolidge,Sabrina Brown,2025,7,13,8:56,Helen's Meadow,Yes,B,Eastern Meadowlark,0,0,0,0,0,0,0,
Stevens-Coolidge,Sabrina Brown,2025,7,13,9:04,Downing Field,No,C,Eastern Meadowlark,0,0,0,0,0,0,0,
Stevens-Coolidge,Sabrina Brown,2025,7,13,9:14,Faulkner Field,No,D,Eastern Meadowlark,0,0,0,0,0,0,0,
Stevens-Coolidge,Ruth Marrion,2025,7,13,7:04,Ox Pasture,No,A,Bobolink,0,0,0,0,0,0,0,
Stevens-Coolidge,Ruth Marrion,2025,7,13,7:10,Helen's Meadow,Yes,B,Bobolink,0,0,0,0,0,0,0,
Stevens-Coolidge,Ruth Marrion,2025,7,13,7:17,Downing Field,No,C,Bobolink,0,0,0,0,0,0,0,
Stevens-Coolidge,Ruth Marrion,2025,7,13,7:25,Faulkner Field,No,D,Bobolink,0,0,0,0,0,0,0,
Stevens-Coolidge,Ruth Marrion,2025,7,13,7:04,Ox Pasture,No,A,Savannah Sparrow,0,0,0,0,0,0,0,
Stevens-Coolidge,Ruth Marrion,2025,7,13,7:10,Helen's Meadow,Yes,B,Savannah Sparrow,0,0,0,0,0,0,0,
Stevens-Coolidge,Ruth Marrion,2025,7,13,7:17,Downing Field,No,C,Savannah Sparrow,0,0,0,0,0,0,0,
Stevens-Coolidge,Ruth Marrion,2025,7,13,7:25,Faulkner Field,No,D,Savannah Sparrow,0,0,0,0,0,0,0,
Stevens-Coolidge,Ruth Marrion,2025,7,13,7:04,Ox Pasture,No,A,Grasshopper Sparrow,0,0,0,0,0,0,0,
Stevens-Coolidge,Ruth Marrion,2025,7,13,7:10,Helen's Meadow,Yes,B,Grasshopper Sparrow,0,0,0,0,0,0,0,
Stevens-Coolidge,Ruth Marrion,2025,7,13,7:17,Downing Field,No,C,Grasshopper Sparrow,0,0,0,0,0,0,0,
Stevens-Coolidge,Ruth Marrion,2025,7,13,7:25,Faulkner Field,No,D,Grasshopper Sparrow,0,0,0,0,0,0,0,
Stevens-Coolidge,Ruth Marrion,2025,7,13,7:04,Ox Pasture,No,A,Eastern Meadowlark,0,0,0,0,0,0,0,
Stevens-Coolidge,Ruth Marrion,2025,7,13,7:10,Helen's Meadow,Yes,B,Eastern Meadowlark,0,0,0,0,0,0,0,
Stevens-Coolidge,Ruth Marrion,2025,7,13,7:17,Downing Field,No,C,Eastern Meadowlark,0,0,0,0,0,0,0,
Stevens-Coolidge,Ruth Marrion,2025,7,13,7:25,Faulkner Field,No,D,Eastern Meadowlark,0,0,0,0,0,0,0,
Stevens-Coolidge,Susan Bailey,2025,7,15,8:05,Ox Pasture,No,A,Bobolink,0,0,0,0,0,0,0,
Stevens-Coolidge,Susan Bailey,2025,7,15,8:14,Helen's Meadow,Yes,B,Bobolink,0,0,0,0,0,0,0,
Stevens-Coolidge,Susan Bailey,2025,7,15,8:24,Downing Field,No,C,Bobolink,0,0,0,0,0,0,0,
Stevens-Coolidge,Susan Bailey,2025,7,15,8:35,Faulkner Field,No,D,Bobolink,0,0,0,0,0,0,0,
Stevens-Coolidge,Susan Bailey,2025,7,15,8:05,Ox Pasture,No,A,Savannah Sparrow,0,0,0,0,0,0,0,
Stevens-Coolidge,Susan Bailey,2025,7,15,8:14,Helen's Meadow,Yes,B,Savannah Sparrow,0,0,0,0,0,0,0,
Stevens-Coolidge,Susan Bailey,2025,7,15,8:24,Downing Field,No,C,Savannah Sparrow,0,0,0,0,0,0,0,
Stevens-Coolidge,Susan Bailey,2025,7,15,8:35,Faulkner Field,No,D,Savannah Sparrow,0,0,0,0,0,0,0,
Stevens-Coolidge,Susan Bailey,2025,7,15,8:05,Ox Pasture,No,A,Grasshopper Sparrow,0,0,0,0,0,0,0,
Stevens-Coolidge,Susan Bailey,2025,7,15,8:14,Helen's Meadow,Yes,B,Grasshopper Sparrow,0,0,0,0,0,0,0,
Stevens-Coolidge,Susan Bailey,2025,7,15,8:24,Downing Field,No,C,Grasshopper Sparrow,0,0,0,0,0,0,0,
Stevens-Coolidge,Susan Bailey,2025,7,15,8:35,Faulkner Field,No,D,Grasshopper Sparrow,0,0,0,0,0,0,0,
Stevens-Coolidge,Susan Bailey,2025,7,15,8:05,Ox Pasture,No,A,Eastern Meadowlark,0,0,0,0,0,0,0,
Stevens-Coolidge,Susan Bailey,2025,7,15,8:14,Helen's Meadow,Yes,B,Eastern Meadowlark,0,0,0,0,0,0,0,
Stevens-Coolidge,Susan Bailey,2025,7,15,8:24,Downing Field,No,C,Eastern Meadowlark,0,0,0,0,0,0,0,
Stevens-Coolidge,Susan Bailey,2025,7,15,8:35,Faulkner Field,No,D,Eastern Meadowlark,0,0,0,0,0,0,0,
Tyringham Cobble,Alice Giarrusso,2025,5,16,10:45,Jerusalem Road Field,No,A,Bobolink,0,0,0,0,0,0,0,
Tyringham Cobble,Alice Giarrusso,2025,5,16,10:51,Jerusalem Road Field,No,B,Bobolink,0,0,0,0,0,0,0,
Tyringham Cobble,Alice Giarrusso,2025,5,16,11:10,Jerusalem Road Field,No,C,Bobolink,0,0,0,0,0,0,0,
Tyringham Cobble,Alice Giarrusso,2025,5,16,11:22,Jerusalem Road Field,No,D,Bobolink,0,0,0,0,0,0,0,
Tyringham Cobble,Alice Giarrusso,2025,5,16,11:40,Jerusalem Road Field,No,E,Bobolink,0,0,0,0,0,0,0,
Tyringham Cobble,Alice Giarrusso,2025,5,16,10:45,Jerusalem Road Field,No,A,Savannah Sparrow,0,0,0,0,0,0,0,
Tyringham Cobble,Alice Giarrusso,2025,5,16,10:51,Jerusalem Road Field,No,B,Savannah Sparrow,0,0,0,0,0,0,0,
Tyringham Cobble,Alice Giarrusso,2025,5,16,11:10,Jerusalem Road Field,No,C,Savannah Sparrow,0,0,0,0,0,0,0,
Tyringham Cobble,Alice Giarrusso,2025,5,16,11:22,Jerusalem Road Field,No,D,Savannah Sparrow,0,0,0,0,0,0,0,
Tyringham Cobble,Alice Giarrusso,2025,5,16,11:40,Jerusalem Road Field,No,E,Savannah Sparrow,0,0,0,0,0,0,0,
Tyringham Cobble,Alice Giarrusso,2025,5,16,10:45,Jerusalem Road Field,No,A,Grasshopper Sparrow,0,0,0,0,0,0,0,
Tyringham Cobble,Alice Giarrusso,2025,5,16,10:51,Jerusalem Road Field,No,B,Grasshopper Sparrow,0,0,0,0,0,0,0,
Tyringham Cobble,Alice Giarrusso,2025,5,16,11:10,Jerusalem Road Field,No,C,Grasshopper Sparrow,0,0,0,0,0,0,0,
Tyringham Cobble,Alice Giarrusso,2025,5,16,11:22,Jerusalem Road Field,No,D,Grasshopper Sparrow,0,0,0,0,0,0,0,
Tyringham Cobble,Alice Giarrusso,2025,5,16,11:40,Jerusalem Road Field,No,E,Grasshopper Sparrow,0,0,0,0,0,0,0,
Tyringham Cobble,Alice Giarrusso,2025,5,16,10:45,Jerusalem Road Field,No,A,Eastern Meadowlark,0,0,0,0,0,0,0,
Tyringham Cobble,Alice Giarrusso,2025,5,16,10:51,Jerusalem Road Field,No,B,Eastern Meadowlark,0,0,0,0,0,0,0,
Tyringham Cobble,Alice Giarrusso,2025,5,16,11:10,Jerusalem Road Field,No,C,Eastern Meadowlark,0,0,0,0,0,0,0,
Tyringham Cobble,Alice Giarrusso,2025,5,16,11:22,Jerusalem Road Field,No,D,Eastern Meadowlark,0,0,0,0,0,0,0,
Tyringham Cobble,Alice Giarrusso,2025,5,16,11:40,Jerusalem Road Field,No,E,Eastern Meadowlark,0,0,0,0,0,0,0,
Tyringham Cobble,Scott Street,2025,5,18,8:05,Jerusalem Road Field,No,A,Bobolink,0,0,0,0,0,0,0,
Tyringham Cobble,Scott Street,2025,5,18,8:25,Jerusalem Road Field,No,B,Bobolink,NA,NA,NA,NA,NA,NA,NA,
Tyringham Cobble,Scott Street,2025,5,18,8:33,Jerusalem Road Field,No,C,Bobolink,0,0,0,0,0,0,0,
Tyringham Cobble,Scott Street,2025,5,18,8:40,Jerusalem Road Field,No,D,Bobolink,0,0,0,0,0,0,0,
Tyringham Cobble,Scott Street,2025,5,18,8:57,Jerusalem Road Field,No,E,Bobolink,0,0,0,0,0,0,0,
Tyringham Cobble,Scott Street,2025,5,18,8:05,Jerusalem Road Field,No,A,Savannah Sparrow,0,0,0,0,0,0,0,
Tyringham Cobble,Scott Street,2025,5,18,8:25,Jerusalem Road Field,No,B,Savannah Sparrow,NA,NA,NA,NA,NA,NA,NA,
Tyringham Cobble,Scott Street,2025,5,18,8:33,Jerusalem Road Field,No,C,Savannah Sparrow,0,0,0,0,0,0,0,
Tyringham Cobble,Scott Street,2025,5,18,8:40,Jerusalem Road Field,No,D,Savannah Sparrow,0,0,0,0,0,0,0,
Tyringham Cobble,Scott Street,2025,5,18,8:57,Jerusalem Road Field,No,E,Savannah Sparrow,0,0,0,0,0,0,0,
Tyringham Cobble,Scott Street,2025,5,18,8:05,Jerusalem Road Field,No,A,Grasshopper Sparrow,0,0,0,0,0,0,0,
Tyringham Cobble,Scott Street,2025,5,18,8:25,Jerusalem Road Field,No,B,Grasshopper Sparrow,NA,NA,NA,NA,NA,NA,NA,
Tyringham Cobble,Scott Street,2025,5,18,8:33,Jerusalem Road Field,No,C,Grasshopper Sparrow,0,0,0,0,0,0,0,
Tyringham Cobble,Scott Street,2025,5,18,8:40,Jerusalem Road Field,No,D,Grasshopper Sparrow,0,0,0,0,0,0,0,
Tyringham Cobble,Scott Street,2025,5,18,8:57,Jerusalem Road Field,No,E,Grasshopper Sparrow,0,0,0,0,0,0,0,
Tyringham Cobble,Scott Street,2025,5,18,8:05,Jerusalem Road Field,No,A,Eastern Meadowlark,0,0,0,0,0,0,0,
Tyringham Cobble,Scott Street,2025,5,18,8:25,Jerusalem Road Field,No,B,Eastern Meadowlark,NA,NA,NA,NA,NA,NA,NA,
Tyringham Cobble,Scott Street,2025,5,18,8:33,Jerusalem Road Field,No,C,Eastern Meadowlark,0,0,0,0,0,0,0,
Tyringham Cobble,Scott Street,2025,5,18,8:40,Jerusalem Road Field,No,D,Eastern Meadowlark,0,0,0,0,0,0,0,
Tyringham Cobble,Scott Street,2025,5,18,8:57,Jerusalem Road Field,No,E,Eastern Meadowlark,0,0,0,0,0,0,0,
Tyringham Cobble,Alice Giarrusso,2025,5,23,11:14,Jerusalem Road Field,No,A,Bobolink,0,0,0,0,0,0,0,
Tyringham Cobble,Alice Giarrusso,2025,5,23,NA,Jerusalem Road Field,No,B,Bobolink,0,0,0,0,0,0,0,
Tyringham Cobble,Alice Giarrusso,2025,5,23,NA,Jerusalem Road Field,No,C,Bobolink,0,0,0,0,0,0,0,
Tyringham Cobble,Alice Giarrusso,2025,5,23,NA,Jerusalem Road Field,No,D,Bobolink,0,0,0,0,0,0,0,
Tyringham Cobble,Alice Giarrusso,2025,5,23,NA,Jerusalem Road Field,No,E,Bobolink,0,0,0,0,0,0,0,
Tyringham Cobble,Alice Giarrusso,2025,5,23,11:14,Jerusalem Road Field,No,A,Savannah Sparrow,0,0,0,0,0,0,0,
Tyringham Cobble,Alice Giarrusso,2025,5,23,NA,Jerusalem Road Field,No,B,Savannah Sparrow,0,0,0,0,0,0,0,
Tyringham Cobble,Alice Giarrusso,2025,5,23,NA,Jerusalem Road Field,No,C,Savannah Sparrow,0,0,0,0,0,0,0,
Tyringham Cobble,Alice Giarrusso,2025,5,23,NA,Jerusalem Road Field,No,D,Savannah Sparrow,0,0,0,0,0,0,0,
Tyringham Cobble,Alice Giarrusso,2025,5,23,NA,Jerusalem Road Field,No,E,Savannah Sparrow,0,0,0,0,0,0,0,
Tyringham Cobble,Alice Giarrusso,2025,5,23,11:14,Jerusalem Road Field,No,A,Grasshopper Sparrow,0,0,0,0,0,0,0,
Tyringham Cobble,Alice Giarrusso,2025,5,23,NA,Jerusalem Road Field,No,B,Grasshopper Sparrow,0,0,0,0,0,0,0,
Tyringham Cobble,Alice Giarrusso,2025,5,23,NA,Jerusalem Road Field,No,C,Grasshopper Sparrow,0,0,0,0,0,0,0,
Tyringham Cobble,Alice Giarrusso,2025,5,23,NA,Jerusalem Road Field,No,D,Grasshopper Sparrow,0,0,0,0,0,0,0,
Tyringham Cobble,Alice Giarrusso,2025,5,23,NA,Jerusalem Road Field,No,E,Grasshopper Sparrow,0,0,0,0,0,0,0,
Tyringham Cobble,Alice Giarrusso,2025,5,23,11:14,Jerusalem Road Field,No,A,Eastern Meadowlark,0,0,0,0,0,0,0,
Tyringham Cobble,Alice Giarrusso,2025,5,23,NA,Jerusalem Road Field,No,B,Eastern Meadowlark,0,0,0,0,0,0,0,
Tyringham Cobble,Alice Giarrusso,2025,5,23,NA,Jerusalem Road Field,No,C,Eastern Meadowlark,0,0,0,0,0,0,0,
Tyringham Cobble,Alice Giarrusso,2025,5,23,NA,Jerusalem Road Field,No,D,Eastern Meadowlark,0,0,0,0,0,0,0,
Tyringham Cobble,Alice Giarrusso,2025,5,23,NA,Jerusalem Road Field,No,E,Eastern Meadowlark,0,0,0,0,0,0,0,
Tyringham Cobble,Alice Giarrusso,2025,6,2,8:22,Jerusalem Road Field,No,A,Bobolink,0,0,0,0,0,0,0,
Tyringham Cobble,Alice Giarrusso,2025,6,2,8:30,Jerusalem Road Field,No,B,Bobolink,0,0,0,0,0,0,0,
Tyringham Cobble,Alice Giarrusso,2025,6,2,8:40,Jerusalem Road Field,No,C,Bobolink,0,0,0,0,0,0,0,
Tyringham Cobble,Alice Giarrusso,2025,6,2,8:58,Jerusalem Road Field,No,D,Bobolink,0,0,0,0,0,0,0,
Tyringham Cobble,Alice Giarrusso,2025,6,2,9:05,Jerusalem Road Field,No,E,Bobolink,0,0,0,0,0,0,0,
Tyringham Cobble,Alice Giarrusso,2025,6,2,8:22,Jerusalem Road Field,No,A,Savannah Sparrow,0,0,0,0,0,0,0,
Tyringham Cobble,Alice Giarrusso,2025,6,2,8:30,Jerusalem Road Field,No,B,Savannah Sparrow,0,0,0,0,0,0,0,
Tyringham Cobble,Alice Giarrusso,2025,6,2,8:40,Jerusalem Road Field,No,C,Savannah Sparrow,0,0,0,0,0,0,0,
Tyringham Cobble,Alice Giarrusso,2025,6,2,8:58,Jerusalem Road Field,No,D,Savannah Sparrow,0,0,0,0,0,0,0,
Tyringham Cobble,Alice Giarrusso,2025,6,2,9:05,Jerusalem Road Field,No,E,Savannah Sparrow,0,0,0,0,0,0,0,
Tyringham Cobble,Alice Giarrusso,2025,6,2,8:22,Jerusalem Road Field,No,A,Grasshopper Sparrow,0,0,0,0,0,0,0,
Tyringham Cobble,Alice Giarrusso,2025,6,2,8:30,Jerusalem Road Field,No,B,Grasshopper Sparrow,0,0,0,0,0,0,0,
Tyringham Cobble,Alice Giarrusso,2025,6,2,8:40,Jerusalem Road Field,No,C,Grasshopper Sparrow,0,0,0,0,0,0,0,
Tyringham Cobble,Alice Giarrusso,2025,6,2,8:58,Jerusalem Road Field,No,D,Grasshopper Sparrow,0,0,0,0,0,0,0,
Tyringham Cobble,Alice Giarrusso,2025,6,2,9:05,Jerusalem Road Field,No,E,Grasshopper Sparrow,0,0,0,0,0,0,0,
Tyringham Cobble,Alice Giarrusso,2025,6,2,8:22,Jerusalem Road Field,No,A,Eastern Meadowlark,0,0,0,0,0,0,0,
Tyringham Cobble,Alice Giarrusso,2025,6,2,8:30,Jerusalem Road Field,No,B,Eastern Meadowlark,0,0,0,0,0,0,0,
Tyringham Cobble,Alice Giarrusso,2025,6,2,8:40,Jerusalem Road Field,No,C,Eastern Meadowlark,0,0,0,0,0,0,0,
Tyringham Cobble,Alice Giarrusso,2025,6,2,8:58,Jerusalem Road Field,No,D,Eastern Meadowlark,0,0,0,0,0,0,0,
Tyringham Cobble,Alice Giarrusso,2025,6,2,9:05,Jerusalem Road Field,No,E,Eastern Meadowlark,0,0,0,0,0,0,0,
Tyringham Cobble,Scott Street,2025,6,16,8:10,Jerusalem Road Field,No,A,Bobolink,0,0,0,0,0,0,0,
Tyringham Cobble,Scott Street,2025,6,16,8:29,Jerusalem Road Field,No,B,Bobolink,NA,NA,NA,NA,NA,NA,NA,
Tyringham Cobble,Scott Street,2025,6,16,8:42,Jerusalem Road Field,No,C,Bobolink,0,0,0,0,0,0,0,
Tyringham Cobble,Scott Street,2025,6,16,9:05,Jerusalem Road Field,No,D,Bobolink,0,0,0,0,0,0,0,
Tyringham Cobble,Scott Street,2025,6,16,9:25,Jerusalem Road Field,No,E,Bobolink,0,0,0,0,0,0,0,
Tyringham Cobble,Scott Street,2025,6,16,8:10,Jerusalem Road Field,No,A,Savannah Sparrow,0,0,0,0,0,0,0,
Tyringham Cobble,Scott Street,2025,6,16,8:29,Jerusalem Road Field,No,B,Savannah Sparrow,NA,NA,NA,NA,NA,NA,NA,
Tyringham Cobble,Scott Street,2025,6,16,8:42,Jerusalem Road Field,No,C,Savannah Sparrow,0,0,0,0,0,0,0,
Tyringham Cobble,Scott Street,2025,6,16,9:05,Jerusalem Road Field,No,D,Savannah Sparrow,0,0,0,0,0,0,0,
Tyringham Cobble,Scott Street,2025,6,16,9:25,Jerusalem Road Field,No,E,Savannah Sparrow,0,0,0,0,0,0,0,
Tyringham Cobble,Scott Street,2025,6,16,8:10,Jerusalem Road Field,No,A,Grasshopper Sparrow,0,0,0,0,0,0,0,
Tyringham Cobble,Scott Street,2025,6,16,8:29,Jerusalem Road Field,No,B,Grasshopper Sparrow,NA,NA,NA,NA,NA,NA,NA,
Tyringham Cobble,Scott Street,2025,6,16,8:42,Jerusalem Road Field,No,C,Grasshopper Sparrow,0,0,0,0,0,0,0,
Tyringham Cobble,Scott Street,2025,6,16,9:05,Jerusalem Road Field,No,D,Grasshopper Sparrow,0,0,0,0,0,0,0,
Tyringham Cobble,Scott Street,2025,6,16,9:25,Jerusalem Road Field,No,E,Grasshopper Sparrow,0,0,0,0,0,0,0,
Tyringham Cobble,Scott Street,2025,6,16,8:10,Jerusalem Road Field,No,A,Eastern Meadowlark,0,0,0,0,0,0,0,
Tyringham Cobble,Scott Street,2025,6,16,8:29,Jerusalem Road Field,No,B,Eastern Meadowlark,NA,NA,NA,NA,NA,NA,NA,
Tyringham Cobble,Scott Street,2025,6,16,8:42,Jerusalem Road Field,No,C,Eastern Meadowlark,0,0,0,0,0,0,0,
Tyringham Cobble,Scott Street,2025,6,16,9:05,Jerusalem Road Field,No,D,Eastern Meadowlark,0,0,0,0,0,0,0,
Tyringham Cobble,Scott Street,2025,6,16,9:25,Jerusalem Road Field,No,E,Eastern Meadowlark,0,0,0,0,0,0,0,
Tyringham Cobble,Alice Giarrusso,2025,6,26,7:52,Jerusalem Road Field,No,A,Bobolink,0,0,0,0,0,0,0,
Tyringham Cobble,Alice Giarrusso,2025,6,26,8:08,Jerusalem Road Field,No,B,Bobolink,0,0,0,0,0,0,0,
Tyringham Cobble,Alice Giarrusso,2025,6,26,8:17,Jerusalem Road Field,No,C,Bobolink,0,0,0,0,0,0,0,
Tyringham Cobble,Alice Giarrusso,2025,6,26,9:12,Jerusalem Road Field,No,D,Bobolink,0,0,0,0,0,0,0,
Tyringham Cobble,Alice Giarrusso,2025,6,26,9:05,Jerusalem Road Field,No,E,Bobolink,0,0,0,0,0,0,0,
Tyringham Cobble,Alice Giarrusso,2025,6,26,7:52,Jerusalem Road Field,No,A,Savannah Sparrow,0,0,0,0,0,0,0,
Tyringham Cobble,Alice Giarrusso,2025,6,26,8:08,Jerusalem Road Field,No,B,Savannah Sparrow,0,0,0,0,0,0,0,
Tyringham Cobble,Alice Giarrusso,2025,6,26,8:17,Jerusalem Road Field,No,C,Savannah Sparrow,0,0,0,0,0,0,0,
Tyringham Cobble,Alice Giarrusso,2025,6,26,9:12,Jerusalem Road Field,No,D,Savannah Sparrow,0,0,0,0,0,0,0,
Tyringham Cobble,Alice Giarrusso,2025,6,26,9:05,Jerusalem Road Field,No,E,Savannah Sparrow,0,0,0,0,0,0,0,
Tyringham Cobble,Alice Giarrusso,2025,6,26,7:52,Jerusalem Road Field,No,A,Grasshopper Sparrow,0,0,0,0,0,0,0,
Tyringham Cobble,Alice Giarrusso,2025,6,26,8:08,Jerusalem Road Field,No,B,Grasshopper Sparrow,0,0,0,0,0,0,0,
Tyringham Cobble,Alice Giarrusso,2025,6,26,8:17,Jerusalem Road Field,No,C,Grasshopper Sparrow,0,0,0,0,0,0,0,
Tyringham Cobble,Alice Giarrusso,2025,6,26,9:12,Jerusalem Road Field,No,D,Grasshopper Sparrow,0,0,0,0,0,0,0,
Tyringham Cobble,Alice Giarrusso,2025,6,26,9:05,Jerusalem Road Field,No,E,Grasshopper Sparrow,0,0,0,0,0,0,0,
Tyringham Cobble,Alice Giarrusso,2025,6,26,7:52,Jerusalem Road Field,No,A,Eastern Meadowlark,0,0,0,0,0,0,0,
Tyringham Cobble,Alice Giarrusso,2025,6,26,8:08,Jerusalem Road Field,No,B,Eastern Meadowlark,0,0,0,0,0,0,0,
Tyringham Cobble,Alice Giarrusso,2025,6,26,8:17,Jerusalem Road Field,No,C,Eastern Meadowlark,0,0,0,0,0,0,0,
Tyringham Cobble,Alice Giarrusso,2025,6,26,9:12,Jerusalem Road Field,No,D,Eastern Meadowlark,0,0,0,0,0,0,0,
Tyringham Cobble,Alice Giarrusso,2025,6,26,9:05,Jerusalem Road Field,No,E,Eastern Meadowlark,0,0,2,0,0,0,2,
Tyringham Cobble,Scott Street,2025,7,14,7:37,Jerusalem Road Field,No,A,Bobolink,0,0,0,0,0,0,0,
Tyringham Cobble,Scott Street,2025,7,14,7:37,Jerusalem Road Field,No,A,Savannah Sparrow,0,0,0,0,0,0,0,
Tyringham Cobble,Scott Street,2025,7,14,7:37,Jerusalem Road Field,No,A,Grasshopper Sparrow,0,0,0,0,0,0,0,
Tyringham Cobble,Scott Street,2025,7,14,7:37,Jerusalem Road Field,No,A,Eastern Meadowlark,0,0,0,0,0,0,0,
Ward,Ellen Soares,2025,5,13,7:26,Charlies Field,No,A,Bobolink,0,0,0,0,0,0,0,
Ward,Ellen Soares,2025,5,13,7:40,Front Field,No,B,Bobolink,0,0,0,0,0,1,1,Bird heard not seen
Ward,Ellen Soares,2025,5,13,7:07,Apple Valley,No,C,Bobolink,0,0,0,0,0,1,1,Bird heard not seen
Ward,Ellen Soares,2025,5,13,7:02,Tucker Field,No,C,Bobolink,0,0,0,0,0,0,0,
Ward,Ellen Soares,2025,5,13,6:40,Tucker Field,No,D,Bobolink,0,0,0,0,0,0,0,
Ward,Ellen Soares,2025,5,13,6:49,Taft Field,No,E,Bobolink,0,0,0,0,0,0,0,
Ward,Ellen Soares,2025,5,13,7:59,Front Field,No,F,Bobolink,0,0,1,0,0,0,1,Bird heard not seen
Ward,Ellen Soares,2025,5,13,7:26,Charlies Field,No,A,Savannah Sparrow,0,0,0,0,0,1,1,Bird heard not seen
Ward,Ellen Soares,2025,5,13,7:40,Front Field,No,B,Savannah Sparrow,0,0,0,0,0,1,1,Bird heard not seen
Ward,Ellen Soares,2025,5,13,7:07,Apple Valley,No,C,Savannah Sparrow,0,0,0,0,0,0,0,
Ward,Ellen Soares,2025,5,13,7:02,Tucker Field,No,C,Savannah Sparrow,0,0,0,0,0,1,1,Bird heard not seen
Ward,Ellen Soares,2025,5,13,6:40,Tucker Field,No,D,Savannah Sparrow,0,0,1,0,0,0,1,Bird heard not seen
Ward,Ellen Soares,2025,5,13,6:49,Taft Field,No,E,Savannah Sparrow,0,0,1,0,0,0,1,Bird heard not seen
Ward,Ellen Soares,2025,5,13,7:59,Front Field,No,F,Savannah Sparrow,0,0,0,0,0,1,1,Bird heard not seen
Ward,Ellen Soares,2025,5,13,7:26,Charlies Field,No,A,Grasshopper Sparrow,0,0,0,0,0,0,0,
Ward,Ellen Soares,2025,5,13,7:40,Front Field,No,B,Grasshopper Sparrow,0,0,0,0,0,0,0,
Ward,Ellen Soares,2025,5,13,7:07,Apple Valley,No,C,Grasshopper Sparrow,0,0,0,0,0,0,0,
Ward,Ellen Soares,2025,5,13,7:02,Tucker Field,No,C,Grasshopper Sparrow,0,0,0,0,0,0,0,
Ward,Ellen Soares,2025,5,13,6:40,Tucker Field,No,D,Grasshopper Sparrow,0,0,0,0,0,0,0,
Ward,Ellen Soares,2025,5,13,6:49,Taft Field,No,E,Grasshopper Sparrow,0,0,0,0,0,0,0,
Ward,Ellen Soares,2025,5,13,7:59,Front Field,No,F,Grasshopper Sparrow,0,0,0,0,0,0,0,
Ward,Ellen Soares,2025,5,13,7:26,Charlies Field,No,A,Eastern Meadowlark,0,0,0,0,0,0,0,
Ward,Ellen Soares,2025,5,13,7:40,Front Field,No,B,Eastern Meadowlark,0,0,0,0,0,0,0,
Ward,Ellen Soares,2025,5,13,7:07,Apple Valley,No,C,Eastern Meadowlark,0,0,0,0,0,0,0,
Ward,Ellen Soares,2025,5,13,7:02,Tucker Field,No,C,Eastern Meadowlark,0,0,0,0,0,0,0,
Ward,Ellen Soares,2025,5,13,6:40,Tucker Field,No,D,Eastern Meadowlark,0,0,0,0,0,0,0,
Ward,Ellen Soares,2025,5,13,6:49,Taft Field,No,E,Eastern Meadowlark,0,0,0,0,0,0,0,
Ward,Ellen Soares,2025,5,13,7:59,Front Field,No,F,Eastern Meadowlark,0,0,0,0,0,0,0,
Ward,Ellen Soares,2025,5,7,7:51,Charlies Field,No,A,Bobolink,0,0,0,0,0,0,0,
Ward,Ellen Soares,2025,5,7,8:01,Front Field,No,B,Bobolink,0,0,0,0,0,0,0,
Ward,Ellen Soares,2025,5,7,7:35,Apple Valley,No,C,Bobolink,0,0,0,0,0,0,0,
Ward,Ellen Soares,2025,5,7,7:29,Tucker Field,No,C,Bobolink,0,0,0,0,0,0,0,
Ward,Ellen Soares,2025,5,7,7:11,Tucker Field,No,D,Bobolink,0,0,0,0,0,0,0,
Ward,Ellen Soares,2025,5,7,7:19,Taft Field,No,E,Bobolink,0,0,0,0,0,0,0,
Ward,Ellen Soares,2025,5,7,8:11,Front Field,No,F,Bobolink,0,0,1,0,0,0,1,Bird heard not seen
Ward,Ellen Soares,2025,5,7,7:51,Charlies Field,No,A,Savannah Sparrow,0,0,0,0,0,0,0,
Ward,Ellen Soares,2025,5,7,8:01,Front Field,No,B,Savannah Sparrow,0,0,0,0,0,0,0,
Ward,Ellen Soares,2025,5,7,7:35,Apple Valley,No,C,Savannah Sparrow,0,0,0,0,0,0,0,
Ward,Ellen Soares,2025,5,7,7:29,Tucker Field,No,C,Savannah Sparrow,0,0,0,0,0,0,0,
Ward,Ellen Soares,2025,5,7,7:11,Tucker Field,No,D,Savannah Sparrow,0,0,0,0,0,0,0,
Ward,Ellen Soares,2025,5,7,7:19,Taft Field,No,E,Savannah Sparrow,0,0,1,0,0,0,1,Bird heard not seen
Ward,Ellen Soares,2025,5,7,8:11,Front Field,No,F,Savannah Sparrow,0,0,0,0,0,0,0,
Ward,Ellen Soares,2025,5,7,7:51,Charlies Field,No,A,Grasshopper Sparrow,0,0,0,0,0,0,0,
Ward,Ellen Soares,2025,5,7,8:01,Front Field,No,B,Grasshopper Sparrow,0,0,0,0,0,0,0,
Ward,Ellen Soares,2025,5,7,7:35,Apple Valley,No,C,Grasshopper Sparrow,0,0,0,0,0,0,0,
Ward,Ellen Soares,2025,5,7,7:29,Tucker Field,No,C,Grasshopper Sparrow,0,0,0,0,0,0,0,
Ward,Ellen Soares,2025,5,7,7:11,Tucker Field,No,D,Grasshopper Sparrow,0,0,0,0,0,0,0,
Ward,Ellen Soares,2025,5,7,7:19,Taft Field,No,E,Grasshopper Sparrow,0,0,0,0,0,0,0,
Ward,Ellen Soares,2025,5,7,8:11,Front Field,No,F,Grasshopper Sparrow,0,0,0,0,0,0,0,
Ward,Ellen Soares,2025,5,7,7:51,Charlies Field,No,A,Eastern Meadowlark,0,0,0,0,0,0,0,
Ward,Ellen Soares,2025,5,7,8:01,Front Field,No,B,Eastern Meadowlark,0,0,0,0,0,0,0,
Ward,Ellen Soares,2025,5,7,7:35,Apple Valley,No,C,Eastern Meadowlark,0,0,0,0,0,0,0,
Ward,Ellen Soares,2025,5,7,7:29,Tucker Field,No,C,Eastern Meadowlark,0,0,0,0,0,0,0,
Ward,Ellen Soares,2025,5,7,7:11,Tucker Field,No,D,Eastern Meadowlark,0,0,0,0,0,0,0,
Ward,Ellen Soares,2025,5,7,7:19,Taft Field,No,E,Eastern Meadowlark,0,0,0,0,0,0,0,
Ward,Ellen Soares,2025,5,7,8:11,Front Field,No,F,Eastern Meadowlark,0,0,0,0,0,0,0,
Ward,Sabrina Brown,2025,5,18,7:43,Charlies Field,No,A,Bobolink,0,0,0,0,0,0,0,
Ward,Sabrina Brown,2025,5,18,9:00,Front Field,No,B,Bobolink,0,0,0,0,0,0,0,
Ward,Sabrina Brown,2025,5,18,8:00,Apple Valley,No,C,Bobolink,0,0,0,0,0,0,0,
Ward,Sabrina Brown,2025,5,18,8:24,Tucker Field,No,C,Bobolink,0,0,0,0,0,0,0,
Ward,Sabrina Brown,2025,5,18,8:12,Tucker Field,No,D,Bobolink,0,0,0,0,0,0,0,
Ward,Sabrina Brown,2025,5,18,8:43,Taft Field,No,E,Bobolink,0,0,0,0,0,0,0,
Ward,Sabrina Brown,2025,5,18,8:32,Front Field,No,F,Bobolink,0,0,0,0,0,0,0,
Ward,Sabrina Brown,2025,5,18,7:43,Charlies Field,No,A,Savannah Sparrow,0,0,0,0,0,0,0,
Ward,Sabrina Brown,2025,5,18,9:00,Front Field,No,B,Savannah Sparrow,0,0,0,0,0,0,0,
Ward,Sabrina Brown,2025,5,18,8:00,Apple Valley,No,C,Savannah Sparrow,0,0,0,0,0,0,0,
Ward,Sabrina Brown,2025,5,18,8:24,Tucker Field,No,C,Savannah Sparrow,0,0,0,0,0,0,0,
Ward,Sabrina Brown,2025,5,18,8:12,Tucker Field,No,D,Savannah Sparrow,0,0,0,0,0,0,0,
Ward,Sabrina Brown,2025,5,18,8:43,Taft Field,No,E,Savannah Sparrow,0,0,0,0,0,0,0,
Ward,Sabrina Brown,2025,5,18,8:32,Front Field,No,F,Savannah Sparrow,0,0,0,0,0,0,0,
Ward,Sabrina Brown,2025,5,18,7:43,Charlies Field,No,A,Grasshopper Sparrow,0,0,0,0,0,0,0,
Ward,Sabrina Brown,2025,5,18,9:00,Front Field,No,B,Grasshopper Sparrow,0,0,0,0,0,0,0,
Ward,Sabrina Brown,2025,5,18,8:00,Apple Valley,No,C,Grasshopper Sparrow,0,0,0,0,0,0,0,
Ward,Sabrina Brown,2025,5,18,8:24,Tucker Field,No,C,Grasshopper Sparrow,0,0,0,0,0,0,0,
Ward,Sabrina Brown,2025,5,18,8:12,Tucker Field,No,D,Grasshopper Sparrow,0,0,0,0,0,0,0,
Ward,Sabrina Brown,2025,5,18,8:43,Taft Field,No,E,Grasshopper Sparrow,0,0,0,0,0,0,0,
Ward,Sabrina Brown,2025,5,18,8:32,Front Field,No,F,Grasshopper Sparrow,0,0,0,0,0,0,0,
Ward,Sabrina Brown,2025,5,18,7:43,Charlies Field,No,A,Eastern Meadowlark,0,0,0,0,0,0,0,
Ward,Sabrina Brown,2025,5,18,9:00,Front Field,No,B,Eastern Meadowlark,0,0,0,0,0,0,0,
Ward,Sabrina Brown,2025,5,18,8:00,Apple Valley,No,C,Eastern Meadowlark,0,0,0,0,0,0,0,
Ward,Sabrina Brown,2025,5,18,8:24,Tucker Field,No,C,Eastern Meadowlark,0,0,0,0,0,0,0,
Ward,Sabrina Brown,2025,5,18,8:12,Tucker Field,No,D,Eastern Meadowlark,0,0,0,0,0,0,0,
Ward,Sabrina Brown,2025,5,18,8:43,Taft Field,No,E,Eastern Meadowlark,0,0,0,0,0,0,0,
Ward,Sabrina Brown,2025,5,18,8:32,Front Field,No,F,Eastern Meadowlark,0,0,0,0,0,0,0,
Ward,Ruth Marrion,2025,5,19,NA,Charlies Field,No,A,Bobolink,0,0,0,0,0,0,0,
Ward,Ruth Marrion,2025,5,19,NA,Front Field,No,B,Bobolink,0,0,0,0,0,0,0,
Ward,Ruth Marrion,2025,5,19,NA,Apple Valley,No,C,Bobolink,0,0,0,0,0,0,0,
Ward,Ruth Marrion,2025,5,19,NA,Tucker Field,No,C,Bobolink,0,0,0,0,0,0,0,
Ward,Ruth Marrion,2025,5,19,NA,Tucker Field,No,D,Bobolink,0,0,0,0,0,0,0,
Ward,Ruth Marrion,2025,5,19,NA,Taft Field,No,E,Bobolink,0,0,0,0,0,0,0,
Ward,Ruth Marrion,2025,5,19,NA,Front Field,No,F,Bobolink,0,0,0,0,0,0,0,
Ward,Ruth Marrion,2025,5,19,NA,Charlies Field,No,A,Savannah Sparrow,0,0,0,0,0,0,0,
Ward,Ruth Marrion,2025,5,19,NA,Front Field,No,B,Savannah Sparrow,0,0,0,0,0,0,0,
Ward,Ruth Marrion,2025,5,19,NA,Apple Valley,No,C,Savannah Sparrow,0,0,0,0,0,0,0,
Ward,Ruth Marrion,2025,5,19,NA,Tucker Field,No,C,Savannah Sparrow,0,0,0,0,0,0,0,
Ward,Ruth Marrion,2025,5,19,NA,Tucker Field,No,D,Savannah Sparrow,0,0,0,0,0,0,0,
Ward,Ruth Marrion,2025,5,19,NA,Taft Field,No,E,Savannah Sparrow,0,0,0,0,0,0,0,
Ward,Ruth Marrion,2025,5,19,NA,Front Field,No,F,Savannah Sparrow,0,0,0,0,0,0,0,
Ward,Ruth Marrion,2025,5,19,NA,Charlies Field,No,A,Grasshopper Sparrow,0,0,0,0,0,0,0,
Ward,Ruth Marrion,2025,5,19,NA,Front Field,No,B,Grasshopper Sparrow,0,0,0,0,0,0,0,
Ward,Ruth Marrion,2025,5,19,NA,Apple Valley,No,C,Grasshopper Sparrow,0,0,0,0,0,0,0,
Ward,Ruth Marrion,2025,5,19,NA,Tucker Field,No,C,Grasshopper Sparrow,0,0,0,0,0,0,0,
Ward,Ruth Marrion,2025,5,19,NA,Tucker Field,No,D,Grasshopper Sparrow,0,0,0,0,0,0,0,
Ward,Ruth Marrion,2025,5,19,NA,Taft Field,No,E,Grasshopper Sparrow,0,0,0,0,0,0,0,
Ward,Ruth Marrion,2025,5,19,NA,Front Field,No,F,Grasshopper Sparrow,0,0,0,0,0,0,0,
Ward,Ruth Marrion,2025,5,19,NA,Charlies Field,No,A,Eastern Meadowlark,0,0,0,0,0,0,0,
Ward,Ruth Marrion,2025,5,19,NA,Front Field,No,B,Eastern Meadowlark,0,0,0,0,0,0,0,
Ward,Ruth Marrion,2025,5,19,NA,Apple Valley,No,C,Eastern Meadowlark,0,0,0,0,0,0,0,
Ward,Ruth Marrion,2025,5,19,NA,Tucker Field,No,C,Eastern Meadowlark,0,0,0,0,0,0,0,
Ward,Ruth Marrion,2025,5,19,NA,Tucker Field,No,D,Eastern Meadowlark,0,0,0,0,0,0,0,
Ward,Ruth Marrion,2025,5,19,NA,Taft Field,No,E,Eastern Meadowlark,0,0,0,0,0,0,0,
Ward,Ruth Marrion,2025,5,19,NA,Front Field,No,F,Eastern Meadowlark,0,0,0,0,0,0,0,
Ward,Ellen Soares,2025,5,20,7:23,Charlies Field,No,A,Bobolink,0,0,0,0,0,0,0,
Ward,Ellen Soares,2025,5,20,7:42,Front Field,No,B,Bobolink,0,0,0,0,0,0,0,
Ward,Ellen Soares,2025,5,20,7:04,Apple Valley,No,C,Bobolink,0,0,0,0,0,0,0,
Ward,Ellen Soares,2025,5,20,6:59,Tucker Field,No,C,Bobolink,0,0,0,0,0,0,0,
Ward,Ellen Soares,2025,5,20,6:36,Tucker Field,No,D,Bobolink,0,0,0,0,0,0,0,
Ward,Ellen Soares,2025,5,20,6:47,Taft Field,No,E,Bobolink,0,0,0,0,0,0,0,
Ward,Ellen Soares,2025,5,20,8:01,Front Field,No,F,Bobolink,0,0,0,0,0,0,0,
Ward,Ellen Soares,2025,5,20,7:23,Charlies Field,No,A,Savannah Sparrow,0,0,0,0,0,0,0,
Ward,Ellen Soares,2025,5,20,7:42,Front Field,No,B,Savannah Sparrow,0,0,0,0,0,0,0,
Ward,Ellen Soares,2025,5,20,7:04,Apple Valley,No,C,Savannah Sparrow,0,0,0,0,0,0,0,
Ward,Ellen Soares,2025,5,20,6:59,Tucker Field,No,C,Savannah Sparrow,0,0,0,0,0,0,0,
Ward,Ellen Soares,2025,5,20,6:36,Tucker Field,No,D,Savannah Sparrow,0,0,0,0,0,0,0,
Ward,Ellen Soares,2025,5,20,6:47,Taft Field,No,E,Savannah Sparrow,0,0,0,0,0,0,0,
Ward,Ellen Soares,2025,5,20,8:01,Front Field,No,F,Savannah Sparrow,0,0,0,0,0,0,0,
Ward,Ellen Soares,2025,5,20,7:23,Charlies Field,No,A,Grasshopper Sparrow,0,0,0,0,0,0,0,
Ward,Ellen Soares,2025,5,20,7:42,Front Field,No,B,Grasshopper Sparrow,0,0,0,0,0,0,0,
Ward,Ellen Soares,2025,5,20,7:04,Apple Valley,No,C,Grasshopper Sparrow,0,0,0,0,0,0,0,
Ward,Ellen Soares,2025,5,20,6:59,Tucker Field,No,C,Grasshopper Sparrow,0,0,0,0,0,0,0,
Ward,Ellen Soares,2025,5,20,6:36,Tucker Field,No,D,Grasshopper Sparrow,0,0,0,0,0,0,0,
Ward,Ellen Soares,2025,5,20,6:47,Taft Field,No,E,Grasshopper Sparrow,0,0,0,0,0,0,0,
Ward,Ellen Soares,2025,5,20,8:01,Front Field,No,F,Grasshopper Sparrow,0,0,0,0,0,0,0,
Ward,Ellen Soares,2025,5,20,7:23,Charlies Field,No,A,Eastern Meadowlark,0,0,0,0,0,0,0,
Ward,Ellen Soares,2025,5,20,7:42,Front Field,No,B,Eastern Meadowlark,0,0,0,0,0,0,0,
Ward,Ellen Soares,2025,5,20,7:04,Apple Valley,No,C,Eastern Meadowlark,0,0,0,0,0,0,0,
Ward,Ellen Soares,2025,5,20,6:59,Tucker Field,No,C,Eastern Meadowlark,0,0,0,0,0,0,0,
Ward,Ellen Soares,2025,5,20,6:36,Tucker Field,No,D,Eastern Meadowlark,0,0,0,0,0,0,0,
Ward,Ellen Soares,2025,5,20,6:47,Taft Field,No,E,Eastern Meadowlark,0,0,0,0,0,0,0,
Ward,Ellen Soares,2025,5,20,8:01,Front Field,No,F,Eastern Meadowlark,0,0,0,0,0,0,0,
Ward,Beverly and Marjie Banks,2025,5,23,9:50,Charlies Field,No,A,Bobolink,0,0,0,0,0,0,0,
Ward,Beverly and Marjie Banks,2025,5,23,10:00,Front Field,Yes,B,Bobolink,0,0,0,0,0,0,0,
Ward,Beverly and Marjie Banks,2025,5,23,9:56,Apple Valley,Yes,C,Bobolink,0,0,0,0,0,0,0,
Ward,Beverly and Marjie Banks,2025,5,23,10:05,Tucker Field,No,C,Bobolink,0,0,0,0,0,0,0,
Ward,Beverly and Marjie Banks,2025,5,23,10:10,Tucker Field,No,D,Bobolink,0,0,0,0,0,0,0,
Ward,Beverly and Marjie Banks,2025,5,23,10:15,Taft Field,Yes,E,Bobolink,0,0,0,0,0,0,0,
Ward,Beverly and Marjie Banks,2025,5,23,10:20,Front Field,No,F,Bobolink,0,0,0,0,0,0,0,
Ward,Beverly and Marjie Banks,2025,5,23,9:50,Charlies Field,No,A,Savannah Sparrow,0,0,0,0,0,0,0,
Ward,Beverly and Marjie Banks,2025,5,23,10:00,Front Field,Yes,B,Savannah Sparrow,0,0,0,0,0,0,0,
Ward,Beverly and Marjie Banks,2025,5,23,9:56,Apple Valley,Yes,C,Savannah Sparrow,0,0,0,0,0,0,0,
Ward,Beverly and Marjie Banks,2025,5,23,10:05,Tucker Field,No,C,Savannah Sparrow,0,0,0,0,0,0,0,
Ward,Beverly and Marjie Banks,2025,5,23,10:10,Tucker Field,No,D,Savannah Sparrow,0,0,0,0,0,0,0,
Ward,Beverly and Marjie Banks,2025,5,23,10:15,Taft Field,Yes,E,Savannah Sparrow,0,0,0,0,0,0,0,
Ward,Beverly and Marjie Banks,2025,5,23,10:20,Front Field,No,F,Savannah Sparrow,0,0,0,0,0,0,0,
Ward,Beverly and Marjie Banks,2025,5,23,9:50,Charlies Field,No,A,Grasshopper Sparrow,0,0,0,0,0,0,0,
Ward,Beverly and Marjie Banks,2025,5,23,10:00,Front Field,Yes,B,Grasshopper Sparrow,0,0,0,0,0,0,0,
Ward,Beverly and Marjie Banks,2025,5,23,9:56,Apple Valley,Yes,C,Grasshopper Sparrow,0,0,0,0,0,0,0,
Ward,Beverly and Marjie Banks,2025,5,23,10:05,Tucker Field,No,C,Grasshopper Sparrow,0,0,0,0,0,0,0,
Ward,Beverly and Marjie Banks,2025,5,23,10:10,Tucker Field,No,D,Grasshopper Sparrow,0,0,0,0,0,0,0,
Ward,Beverly and Marjie Banks,2025,5,23,10:15,Taft Field,Yes,E,Grasshopper Sparrow,0,0,0,0,0,0,0,
Ward,Beverly and Marjie Banks,2025,5,23,10:20,Front Field,No,F,Grasshopper Sparrow,0,0,0,0,0,0,0,
Ward,Beverly and Marjie Banks,2025,5,23,9:50,Charlies Field,No,A,Eastern Meadowlark,0,0,0,0,0,0,0,
Ward,Beverly and Marjie Banks,2025,5,23,10:00,Front Field,Yes,B,Eastern Meadowlark,0,0,0,0,0,0,0,
Ward,Beverly and Marjie Banks,2025,5,23,9:56,Apple Valley,Yes,C,Eastern Meadowlark,0,0,0,0,0,0,0,
Ward,Beverly and Marjie Banks,2025,5,23,10:05,Tucker Field,No,C,Eastern Meadowlark,0,0,0,0,0,0,0,
Ward,Beverly and Marjie Banks,2025,5,23,10:10,Tucker Field,No,D,Eastern Meadowlark,0,0,0,0,0,0,0,
Ward,Beverly and Marjie Banks,2025,5,23,10:15,Taft Field,Yes,E,Eastern Meadowlark,0,0,0,0,0,0,0,
Ward,Beverly and Marjie Banks,2025,5,23,10:20,Front Field,No,F,Eastern Meadowlark,0,0,0,0,0,0,0,
Ward,Sabrina Brown,2025,5,18,7:43,Charlies Field,No,A,Bobolink,0,0,0,0,0,0,0,
Ward,Sabrina Brown,2025,5,18,9:00,Front Field,Yes,B,Bobolink,0,0,0,0,0,0,0,
Ward,Sabrina Brown,2025,5,18,8:00,Apple Valley,Yes,C,Bobolink,0,0,0,0,0,0,0,
Ward,Sabrina Brown,2025,5,18,8:24,Tucker Field,No,C,Bobolink,0,0,0,0,0,0,0,
Ward,Sabrina Brown,2025,5,18,8:12,Tucker Field,No,D,Bobolink,0,0,0,0,0,0,0,
Ward,Sabrina Brown,2025,5,18,8:43,Taft Field,Yes,E,Bobolink,0,0,0,0,0,0,0,
Ward,Sabrina Brown,2025,5,18,8:32,Front Field,No,F,Bobolink,0,0,0,0,0,0,0,
Ward,Sabrina Brown,2025,5,18,7:43,Charlies Field,No,A,Savannah Sparrow,0,0,0,0,0,0,0,
Ward,Sabrina Brown,2025,5,18,9:00,Front Field,Yes,B,Savannah Sparrow,0,0,0,0,0,0,0,
Ward,Sabrina Brown,2025,5,18,8:00,Apple Valley,Yes,C,Savannah Sparrow,0,0,0,0,0,0,0,
Ward,Sabrina Brown,2025,5,18,8:24,Tucker Field,No,C,Savannah Sparrow,0,0,0,0,0,0,0,
Ward,Sabrina Brown,2025,5,18,8:12,Tucker Field,No,D,Savannah Sparrow,0,0,0,0,0,0,0,
Ward,Sabrina Brown,2025,5,18,8:43,Taft Field,Yes,E,Savannah Sparrow,0,0,0,0,0,0,0,
Ward,Sabrina Brown,2025,5,18,8:32,Front Field,No,F,Savannah Sparrow,0,0,0,0,0,0,0,
Ward,Sabrina Brown,2025,5,18,7:43,Charlies Field,No,A,Grasshopper Sparrow,0,0,0,0,0,0,0,
Ward,Sabrina Brown,2025,5,18,9:00,Front Field,Yes,B,Grasshopper Sparrow,0,0,0,0,0,0,0,
Ward,Sabrina Brown,2025,5,18,8:00,Apple Valley,Yes,C,Grasshopper Sparrow,0,0,0,0,0,0,0,
Ward,Sabrina Brown,2025,5,18,8:24,Tucker Field,No,C,Grasshopper Sparrow,0,0,0,0,0,0,0,
Ward,Sabrina Brown,2025,5,18,8:12,Tucker Field,No,D,Grasshopper Sparrow,0,0,0,0,0,0,0,
Ward,Sabrina Brown,2025,5,18,8:43,Taft Field,Yes,E,Grasshopper Sparrow,0,0,0,0,0,0,0,
Ward,Sabrina Brown,2025,5,18,8:32,Front Field,No,F,Grasshopper Sparrow,0,0,0,0,0,0,0,
Ward,Sabrina Brown,2025,5,18,7:43,Charlies Field,No,A,Eastern Meadowlark,0,0,0,0,0,0,0,
Ward,Sabrina Brown,2025,5,18,9:00,Front Field,Yes,B,Eastern Meadowlark,0,0,0,0,0,0,0,
Ward,Sabrina Brown,2025,5,18,8:00,Apple Valley,Yes,C,Eastern Meadowlark,0,0,0,0,0,0,0,
Ward,Sabrina Brown,2025,5,18,8:24,Tucker Field,No,C,Eastern Meadowlark,0,0,0,0,0,0,0,
Ward,Sabrina Brown,2025,5,18,8:12,Tucker Field,No,D,Eastern Meadowlark,0,0,0,0,0,0,0,
Ward,Sabrina Brown,2025,5,18,8:43,Taft Field,Yes,E,Eastern Meadowlark,0,0,0,0,0,0,0,
Ward,Sabrina Brown,2025,5,18,8:32,Front Field,No,F,Eastern Meadowlark,0,0,0,0,0,0,0,
Ward,John Keeley,2025,5,27,7:20,Charlies Field,No,A,Bobolink,0,0,0,0,0,0,0,
Ward,John Keeley,2025,5,27,7:40,Front Field,No,B,Bobolink,0,0,0,0,0,0,0,
Ward,John Keeley,2025,5,27,7:51,Apple Valley,Yes,C,Bobolink,0,0,0,0,0,0,0,
Ward,John Keeley,2025,5,27,7:56,Tucker Field,No,C,Bobolink,0,0,0,0,0,0,0,
Ward,John Keeley,2025,5,27,8:09,Tucker Field,No,D,Bobolink,0,0,0,0,0,0,0,
Ward,John Keeley,2025,5,27,8:19,Taft Field,No,E,Bobolink,0,0,0,0,0,0,0,
Ward,John Keeley,2025,5,27,8:36,Front Field,No,F,Bobolink,0,0,0,0,0,0,0,
Ward,John Keeley,2025,5,27,7:20,Charlies Field,No,A,Savannah Sparrow,0,0,0,0,0,0,0,
Ward,John Keeley,2025,5,27,7:40,Front Field,No,B,Savannah Sparrow,0,0,0,0,0,0,0,
Ward,John Keeley,2025,5,27,7:51,Apple Valley,Yes,C,Savannah Sparrow,0,0,0,0,0,0,0,
Ward,John Keeley,2025,5,27,7:56,Tucker Field,No,C,Savannah Sparrow,0,0,0,0,0,0,0,
Ward,John Keeley,2025,5,27,8:09,Tucker Field,No,D,Savannah Sparrow,0,0,0,0,0,0,0,
Ward,John Keeley,2025,5,27,8:19,Taft Field,No,E,Savannah Sparrow,0,0,0,0,0,0,0,
Ward,John Keeley,2025,5,27,8:36,Front Field,No,F,Savannah Sparrow,0,0,0,0,0,0,0,
Ward,John Keeley,2025,5,27,7:20,Charlies Field,No,A,Grasshopper Sparrow,0,0,0,0,0,0,0,
Ward,John Keeley,2025,5,27,7:40,Front Field,No,B,Grasshopper Sparrow,0,0,0,0,0,0,0,
Ward,John Keeley,2025,5,27,7:51,Apple Valley,Yes,C,Grasshopper Sparrow,0,0,0,0,0,0,0,
Ward,John Keeley,2025,5,27,7:56,Tucker Field,No,C,Grasshopper Sparrow,0,0,0,0,0,0,0,
Ward,John Keeley,2025,5,27,8:09,Tucker Field,No,D,Grasshopper Sparrow,0,0,0,0,0,0,0,
Ward,John Keeley,2025,5,27,8:19,Taft Field,No,E,Grasshopper Sparrow,0,0,0,0,0,0,0,
Ward,John Keeley,2025,5,27,8:36,Front Field,No,F,Grasshopper Sparrow,0,0,0,0,0,0,0,
Ward,John Keeley,2025,5,27,7:20,Charlies Field,No,A,Eastern Meadowlark,0,0,0,0,0,0,0,
Ward,John Keeley,2025,5,27,7:40,Front Field,No,B,Eastern Meadowlark,0,0,0,0,0,0,0,
Ward,John Keeley,2025,5,27,7:51,Apple Valley,Yes,C,Eastern Meadowlark,0,0,0,0,0,0,0,
Ward,John Keeley,2025,5,27,7:56,Tucker Field,No,C,Eastern Meadowlark,0,0,0,0,0,0,0,
Ward,John Keeley,2025,5,27,8:09,Tucker Field,No,D,Eastern Meadowlark,0,0,0,0,0,0,0,
Ward,John Keeley,2025,5,27,8:19,Taft Field,No,E,Eastern Meadowlark,0,0,0,0,0,0,0,
Ward,John Keeley,2025,5,27,8:36,Front Field,No,F,Eastern Meadowlark,0,0,0,0,0,0,0,
Ward,Ellen Soares,2025,5,27,7:33,Charlies Field,No,A,Bobolink,0,0,0,0,0,0,0,
Ward,Ellen Soares,2025,5,27,7:50,Front Field,No,B,Bobolink,0,0,0,0,0,0,0,
Ward,Ellen Soares,2025,5,27,7:16,Apple Valley,No,C,Bobolink,0,0,0,0,0,0,0,
Ward,Ellen Soares,2025,5,27,7:10,Tucker Field,No,C,Bobolink,0,0,0,0,0,0,0,
Ward,Ellen Soares,2025,5,27,6:51,Tucker Field,No,D,Bobolink,0,0,0,0,0,0,0,
Ward,Ellen Soares,2025,5,27,6:59,Taft Field,No,E,Bobolink,0,0,0,0,0,0,0,
Ward,Ellen Soares,2025,5,27,8:05,Front Field,No,F,Bobolink,0,0,0,0,0,0,0,
Ward,Ellen Soares,2025,5,27,7:33,Charlies Field,No,A,Savannah Sparrow,0,0,0,0,0,0,0,
Ward,Ellen Soares,2025,5,27,7:50,Front Field,No,B,Savannah Sparrow,0,0,0,0,0,0,0,
Ward,Ellen Soares,2025,5,27,7:16,Apple Valley,No,C,Savannah Sparrow,0,0,0,0,0,0,0,
Ward,Ellen Soares,2025,5,27,7:10,Tucker Field,No,C,Savannah Sparrow,0,0,0,0,0,0,0,
Ward,Ellen Soares,2025,5,27,6:51,Tucker Field,No,D,Savannah Sparrow,0,0,0,0,0,0,0,
Ward,Ellen Soares,2025,5,27,6:59,Taft Field,No,E,Savannah Sparrow,0,0,0,0,0,0,0,
Ward,Ellen Soares,2025,5,27,8:05,Front Field,No,F,Savannah Sparrow,0,0,0,0,0,0,0,
Ward,Ellen Soares,2025,5,27,7:33,Charlies Field,No,A,Grasshopper Sparrow,0,0,0,0,0,0,0,
Ward,Ellen Soares,2025,5,27,7:50,Front Field,No,B,Grasshopper Sparrow,0,0,0,0,0,0,0,
Ward,Ellen Soares,2025,5,27,7:16,Apple Valley,No,C,Grasshopper Sparrow,0,0,0,0,0,0,0,
Ward,Ellen Soares,2025,5,27,7:10,Tucker Field,No,C,Grasshopper Sparrow,0,0,0,0,0,0,0,
Ward,Ellen Soares,2025,5,27,6:51,Tucker Field,No,D,Grasshopper Sparrow,0,0,0,0,0,0,0,
Ward,Ellen Soares,2025,5,27,6:59,Taft Field,No,E,Grasshopper Sparrow,0,0,0,0,0,0,0,
Ward,Ellen Soares,2025,5,27,8:05,Front Field,No,F,Grasshopper Sparrow,0,0,0,0,0,0,0,
Ward,Ellen Soares,2025,5,27,7:33,Charlies Field,No,A,Eastern Meadowlark,0,0,0,0,0,0,0,
Ward,Ellen Soares,2025,5,27,7:50,Front Field,No,B,Eastern Meadowlark,0,0,0,0,0,0,0,
Ward,Ellen Soares,2025,5,27,7:16,Apple Valley,No,C,Eastern Meadowlark,0,0,0,0,0,0,0,
Ward,Ellen Soares,2025,5,27,7:10,Tucker Field,No,C,Eastern Meadowlark,0,0,0,0,0,0,0,
Ward,Ellen Soares,2025,5,27,6:51,Tucker Field,No,D,Eastern Meadowlark,0,0,0,0,0,0,0,
Ward,Ellen Soares,2025,5,27,6:59,Taft Field,No,E,Eastern Meadowlark,0,0,0,0,0,0,0,
Ward,Ellen Soares,2025,5,27,8:05,Front Field,No,F,Eastern Meadowlark,0,0,0,0,0,0,0,
Ward,John Keeley,2025,6,2,9:22,Charlies Field,No,A,Bobolink,0,0,0,0,0,0,0,
Ward,John Keeley,2025,6,2,9:38,Front Field,No,B,Bobolink,0,0,0,0,0,0,0,
Ward,John Keeley,2025,6,2,9:48,Apple Valley,No,C,Bobolink,0,0,0,0,0,0,0,
Ward,John Keeley,2025,6,2,9:54,Tucker Field,No,C,Bobolink,0,0,0,0,0,0,0,
Ward,John Keeley,2025,6,2,10:08,Tucker Field,No,D,Bobolink,0,0,0,0,0,0,0,
Ward,John Keeley,2025,6,2,10:19,Taft Field,No,E,Bobolink,0,0,0,0,0,0,0,
Ward,John Keeley,2025,6,2,10:35,Front Field,No,F,Bobolink,0,0,0,0,0,0,0,
Ward,John Keeley,2025,6,2,9:22,Charlies Field,No,A,Savannah Sparrow,0,0,0,0,0,0,0,
Ward,John Keeley,2025,6,2,9:38,Front Field,No,B,Savannah Sparrow,0,0,0,0,0,0,0,
Ward,John Keeley,2025,6,2,9:48,Apple Valley,No,C,Savannah Sparrow,0,0,0,0,0,0,0,
Ward,John Keeley,2025,6,2,9:54,Tucker Field,No,C,Savannah Sparrow,0,0,0,0,0,0,0,
Ward,John Keeley,2025,6,2,10:08,Tucker Field,No,D,Savannah Sparrow,0,0,0,0,0,0,0,
Ward,John Keeley,2025,6,2,10:19,Taft Field,No,E,Savannah Sparrow,0,0,0,0,0,0,0,
Ward,John Keeley,2025,6,2,10:35,Front Field,No,F,Savannah Sparrow,0,0,0,0,0,0,0,
Ward,John Keeley,2025,6,2,9:22,Charlies Field,No,A,Grasshopper Sparrow,0,0,0,0,0,0,0,
Ward,John Keeley,2025,6,2,9:38,Front Field,No,B,Grasshopper Sparrow,0,0,0,0,0,0,0,
Ward,John Keeley,2025,6,2,9:48,Apple Valley,No,C,Grasshopper Sparrow,0,0,0,0,0,0,0,
Ward,John Keeley,2025,6,2,9:54,Tucker Field,No,C,Grasshopper Sparrow,0,0,0,0,0,0,0,
Ward,John Keeley,2025,6,2,10:08,Tucker Field,No,D,Grasshopper Sparrow,0,0,0,0,0,0,0,
Ward,John Keeley,2025,6,2,10:19,Taft Field,No,E,Grasshopper Sparrow,0,0,0,0,0,0,0,
Ward,John Keeley,2025,6,2,10:35,Front Field,No,F,Grasshopper Sparrow,0,0,0,0,0,0,0,
Ward,John Keeley,2025,6,2,9:22,Charlies Field,No,A,Eastern Meadowlark,0,0,0,0,0,0,0,
Ward,John Keeley,2025,6,2,9:38,Front Field,No,B,Eastern Meadowlark,0,0,0,0,0,0,0,
Ward,John Keeley,2025,6,2,9:48,Apple Valley,No,C,Eastern Meadowlark,0,0,0,0,0,0,0,
Ward,John Keeley,2025,6,2,9:54,Tucker Field,No,C,Eastern Meadowlark,0,0,0,0,0,0,0,
Ward,John Keeley,2025,6,2,10:08,Tucker Field,No,D,Eastern Meadowlark,0,0,0,0,0,0,0,
Ward,John Keeley,2025,6,2,10:19,Taft Field,No,E,Eastern Meadowlark,0,0,0,0,0,0,0,
Ward,John Keeley,2025,6,2,10:35,Front Field,No,F,Eastern Meadowlark,0,0,0,0,0,0,0,
Ward,Ellen Soares,2025,6,4,7:19,Charlies Field,No,A,Bobolink,0,0,0,0,0,0,0,
Ward,Ellen Soares,2025,6,4,7:31,Front Field,No,B,Bobolink,0,0,0,0,0,0,0,
Ward,Ellen Soares,2025,6,4,7:00,Apple Valley,No,C,Bobolink,0,0,0,0,0,0,0,
Ward,Ellen Soares,2025,6,4,6:54,Tucker Field,No,C,Bobolink,0,0,0,0,0,0,0,
Ward,Ellen Soares,2025,6,4,6:31,Tucker Field,No,D,Bobolink,0,0,0,0,0,0,0,
Ward,Ellen Soares,2025,6,4,6:40,Taft Field,No,E,Bobolink,0,0,0,0,0,0,0,
Ward,Ellen Soares,2025,6,4,7:49,Front Field,No,F,Bobolink,0,0,0,0,0,0,0,
Ward,Ellen Soares,2025,6,4,7:19,Charlies Field,No,A,Savannah Sparrow,0,0,0,0,0,0,0,
Ward,Ellen Soares,2025,6,4,7:31,Front Field,No,B,Savannah Sparrow,0,0,0,0,0,0,0,
Ward,Ellen Soares,2025,6,4,7:00,Apple Valley,No,C,Savannah Sparrow,0,0,0,0,0,0,0,
Ward,Ellen Soares,2025,6,4,6:54,Tucker Field,No,C,Savannah Sparrow,0,0,0,0,0,0,0,
Ward,Ellen Soares,2025,6,4,6:31,Tucker Field,No,D,Savannah Sparrow,0,0,0,0,0,0,0,
Ward,Ellen Soares,2025,6,4,6:40,Taft Field,No,E,Savannah Sparrow,0,0,0,0,0,0,0,
Ward,Ellen Soares,2025,6,4,7:49,Front Field,No,F,Savannah Sparrow,0,0,0,0,0,0,0,
Ward,Ellen Soares,2025,6,4,7:19,Charlies Field,No,A,Grasshopper Sparrow,0,0,0,0,0,0,0,
Ward,Ellen Soares,2025,6,4,7:31,Front Field,No,B,Grasshopper Sparrow,0,0,0,0,0,0,0,
Ward,Ellen Soares,2025,6,4,7:00,Apple Valley,No,C,Grasshopper Sparrow,0,0,0,0,0,0,0,
Ward,Ellen Soares,2025,6,4,6:54,Tucker Field,No,C,Grasshopper Sparrow,0,0,0,0,0,0,0,
Ward,Ellen Soares,2025,6,4,6:31,Tucker Field,No,D,Grasshopper Sparrow,0,0,0,0,0,0,0,
Ward,Ellen Soares,2025,6,4,6:40,Taft Field,No,E,Grasshopper Sparrow,0,0,0,0,0,0,0,
Ward,Ellen Soares,2025,6,4,7:49,Front Field,No,F,Grasshopper Sparrow,0,0,0,0,0,0,0,
Ward,Ellen Soares,2025,6,4,7:19,Charlies Field,No,A,Eastern Meadowlark,0,0,0,0,0,0,0,
Ward,Ellen Soares,2025,6,4,7:31,Front Field,No,B,Eastern Meadowlark,0,0,0,0,0,0,0,
Ward,Ellen Soares,2025,6,4,7:00,Apple Valley,No,C,Eastern Meadowlark,0,0,0,0,0,0,0,
Ward,Ellen Soares,2025,6,4,6:54,Tucker Field,No,C,Eastern Meadowlark,0,0,0,0,0,0,0,
Ward,Ellen Soares,2025,6,4,6:31,Tucker Field,No,D,Eastern Meadowlark,0,0,0,0,0,0,0,
Ward,Ellen Soares,2025,6,4,6:40,Taft Field,No,E,Eastern Meadowlark,0,0,0,0,0,0,0,
Ward,Ellen Soares,2025,6,4,7:49,Front Field,No,F,Eastern Meadowlark,0,0,0,0,0,0,0,
Ward,Ellen Soares,2025,6,11,7:22,Charlies Field,No,A,Bobolink,0,0,0,0,0,0,0,
Ward,Ellen Soares,2025,6,11,7:31,Front Field,No,B,Bobolink,0,0,0,0,0,0,0,
Ward,Ellen Soares,2025,6,11,7:08,Apple Valley,No,C,Bobolink,0,0,0,0,0,0,0,
Ward,Ellen Soares,2025,6,11,6:54,Tucker Field,No,C,Bobolink,0,0,0,0,0,0,0,
Ward,Ellen Soares,2025,6,11,6:31,Tucker Field,No,D,Bobolink,0,0,0,0,0,0,0,
Ward,Ellen Soares,2025,6,11,6:38,Taft Field,No,E,Bobolink,0,0,0,0,0,0,0,
Ward,Ellen Soares,2025,6,11,7:40,Front Field,No,F,Bobolink,0,0,0,0,0,0,0,
Ward,Ellen Soares,2025,6,11,7:22,Charlies Field,No,A,Savannah Sparrow,0,0,0,0,0,0,0,
Ward,Ellen Soares,2025,6,11,7:31,Front Field,No,B,Savannah Sparrow,0,0,0,0,0,0,0,
Ward,Ellen Soares,2025,6,11,7:08,Apple Valley,No,C,Savannah Sparrow,0,0,0,0,0,0,0,
Ward,Ellen Soares,2025,6,11,6:54,Tucker Field,No,C,Savannah Sparrow,0,0,0,0,0,0,0,
Ward,Ellen Soares,2025,6,11,6:31,Tucker Field,No,D,Savannah Sparrow,0,0,0,0,0,0,0,
Ward,Ellen Soares,2025,6,11,6:38,Taft Field,No,E,Savannah Sparrow,0,0,0,0,0,0,0,
Ward,Ellen Soares,2025,6,11,7:40,Front Field,No,F,Savannah Sparrow,0,0,0,0,0,0,0,
Ward,Ellen Soares,2025,6,11,7:22,Charlies Field,No,A,Grasshopper Sparrow,0,0,0,0,0,0,0,
Ward,Ellen Soares,2025,6,11,7:31,Front Field,No,B,Grasshopper Sparrow,0,0,0,0,0,0,0,
Ward,Ellen Soares,2025,6,11,7:08,Apple Valley,No,C,Grasshopper Sparrow,0,0,0,0,0,0,0,
Ward,Ellen Soares,2025,6,11,6:54,Tucker Field,No,C,Grasshopper Sparrow,0,0,0,0,0,0,0,
Ward,Ellen Soares,2025,6,11,6:31,Tucker Field,No,D,Grasshopper Sparrow,0,0,0,0,0,0,0,
Ward,Ellen Soares,2025,6,11,6:38,Taft Field,No,E,Grasshopper Sparrow,0,0,0,0,0,0,0,
Ward,Ellen Soares,2025,6,11,7:40,Front Field,No,F,Grasshopper Sparrow,0,0,0,0,0,0,0,
Ward,Ellen Soares,2025,6,11,7:22,Charlies Field,No,A,Eastern Meadowlark,0,0,0,0,0,0,0,
Ward,Ellen Soares,2025,6,11,7:31,Front Field,No,B,Eastern Meadowlark,0,0,0,0,0,0,0,
Ward,Ellen Soares,2025,6,11,7:08,Apple Valley,No,C,Eastern Meadowlark,0,0,0,0,0,0,0,
Ward,Ellen Soares,2025,6,11,6:54,Tucker Field,No,C,Eastern Meadowlark,0,0,0,0,0,0,0,
Ward,Ellen Soares,2025,6,11,6:31,Tucker Field,No,D,Eastern Meadowlark,0,0,0,0,0,0,0,
Ward,Ellen Soares,2025,6,11,6:38,Taft Field,No,E,Eastern Meadowlark,0,0,0,0,0,0,0,
Ward,Ellen Soares,2025,6,11,7:40,Front Field,No,F,Eastern Meadowlark,0,0,0,0,0,0,0,
Ward,Ruth Marrion,2025,6,11,9:05,Charlies Field,No,A,Bobolink,0,0,0,0,0,0,0,
Ward,Ruth Marrion,2025,6,11,8:07,Front Field,No,B,Bobolink,0,0,0,0,0,0,0,
Ward,Ruth Marrion,2025,6,11,8:16,Apple Valley,No,C,Bobolink,0,0,0,0,0,0,0,
Ward,Ruth Marrion,2025,6,11,8:21,Tucker Field,No,C,Bobolink,0,0,0,0,0,0,0,
Ward,Ruth Marrion,2025,6,11,8:39,Tucker Field,No,D,Bobolink,0,0,0,0,0,0,0,
Ward,Ruth Marrion,2025,6,11,8:45,Taft Field,No,E,Bobolink,0,0,0,0,0,0,0,
Ward,Ruth Marrion,2025,6,11,8:31,Front Field,No,F,Bobolink,0,0,0,0,0,0,0,
Ward,Ruth Marrion,2025,6,11,9:05,Charlies Field,No,A,Savannah Sparrow,0,0,0,0,0,0,0,
Ward,Ruth Marrion,2025,6,11,8:07,Front Field,No,B,Savannah Sparrow,0,0,0,0,0,0,0,
Ward,Ruth Marrion,2025,6,11,8:16,Apple Valley,No,C,Savannah Sparrow,0,0,0,0,0,0,0,
Ward,Ruth Marrion,2025,6,11,8:21,Tucker Field,No,C,Savannah Sparrow,0,0,0,0,0,0,0,
Ward,Ruth Marrion,2025,6,11,8:39,Tucker Field,No,D,Savannah Sparrow,0,0,0,0,0,0,0,
Ward,Ruth Marrion,2025,6,11,8:45,Taft Field,No,E,Savannah Sparrow,0,0,0,0,0,0,0,
Ward,Ruth Marrion,2025,6,11,8:31,Front Field,No,F,Savannah Sparrow,0,0,0,0,0,0,0,
Ward,Ruth Marrion,2025,6,11,9:05,Charlies Field,No,A,Grasshopper Sparrow,0,0,0,0,0,0,0,
Ward,Ruth Marrion,2025,6,11,8:07,Front Field,No,B,Grasshopper Sparrow,0,0,0,0,0,0,0,
Ward,Ruth Marrion,2025,6,11,8:16,Apple Valley,No,C,Grasshopper Sparrow,0,0,0,0,0,0,0,
Ward,Ruth Marrion,2025,6,11,8:21,Tucker Field,No,C,Grasshopper Sparrow,0,0,0,0,0,0,0,
Ward,Ruth Marrion,2025,6,11,8:39,Tucker Field,No,D,Grasshopper Sparrow,0,0,0,0,0,0,0,
Ward,Ruth Marrion,2025,6,11,8:45,Taft Field,No,E,Grasshopper Sparrow,0,0,0,0,0,0,0,
Ward,Ruth Marrion,2025,6,11,8:31,Front Field,No,F,Grasshopper Sparrow,0,0,0,0,0,0,0,
Ward,Ruth Marrion,2025,6,11,9:05,Charlies Field,No,A,Eastern Meadowlark,0,0,0,0,0,0,0,
Ward,Ruth Marrion,2025,6,11,8:07,Front Field,No,B,Eastern Meadowlark,0,0,0,0,0,0,0,
Ward,Ruth Marrion,2025,6,11,8:16,Apple Valley,No,C,Eastern Meadowlark,0,0,0,0,0,0,0,
Ward,Ruth Marrion,2025,6,11,8:21,Tucker Field,No,C,Eastern Meadowlark,0,0,0,0,0,0,0,
Ward,Ruth Marrion,2025,6,11,8:39,Tucker Field,No,D,Eastern Meadowlark,0,0,0,0,0,0,0,
Ward,Ruth Marrion,2025,6,11,8:45,Taft Field,No,E,Eastern Meadowlark,0,0,0,0,0,0,0,
Ward,Ruth Marrion,2025,6,11,8:31,Front Field,No,F,Eastern Meadowlark,0,0,0,0,0,0,0,
Ward,Ellen Soares,2025,6,24,7:15,Charlies Field,No,A,Bobolink,0,0,0,0,0,0,0,
Ward,Ellen Soares,2025,6,24,7:02,Front Field,No,B,Bobolink,0,0,0,0,0,0,0,
Ward,Ellen Soares,2025,6,24,7:40,Apple Valley,Yes,C,Bobolink,0,0,0,0,0,0,0,
Ward,Ellen Soares,2025,6,24,7:34,Tucker Field,No,C,Bobolink,0,0,0,0,0,0,0,
Ward,Ellen Soares,2025,6,24,6:33,Tucker Field,No,D,Bobolink,0,0,0,0,0,0,0,
Ward,Ellen Soares,2025,6,24,6:41,Taft Field,No,E,Bobolink,0,0,0,0,0,0,0,
Ward,Ellen Soares,2025,6,24,6:51,Front Field,No,F,Bobolink,0,0,0,0,0,0,0,
Ward,Ellen Soares,2025,6,24,7:15,Charlies Field,No,A,Savannah Sparrow,0,0,0,0,0,0,0,
Ward,Ellen Soares,2025,6,24,7:02,Front Field,No,B,Savannah Sparrow,0,0,0,0,0,0,0,
Ward,Ellen Soares,2025,6,24,7:40,Apple Valley,Yes,C,Savannah Sparrow,0,0,0,0,0,0,0,
Ward,Ellen Soares,2025,6,24,7:34,Tucker Field,No,C,Savannah Sparrow,0,0,0,0,0,0,0,
Ward,Ellen Soares,2025,6,24,6:33,Tucker Field,No,D,Savannah Sparrow,0,0,0,0,0,0,0,
Ward,Ellen Soares,2025,6,24,6:41,Taft Field,No,E,Savannah Sparrow,0,0,0,0,0,0,0,
Ward,Ellen Soares,2025,6,24,6:51,Front Field,No,F,Savannah Sparrow,0,0,0,0,0,0,0,
Ward,Ellen Soares,2025,6,24,7:15,Charlies Field,No,A,Grasshopper Sparrow,0,0,0,0,0,0,0,
Ward,Ellen Soares,2025,6,24,7:02,Front Field,No,B,Grasshopper Sparrow,0,0,0,0,0,0,0,
Ward,Ellen Soares,2025,6,24,7:40,Apple Valley,Yes,C,Grasshopper Sparrow,0,0,0,0,0,0,0,
Ward,Ellen Soares,2025,6,24,7:34,Tucker Field,No,C,Grasshopper Sparrow,0,0,0,0,0,0,0,
Ward,Ellen Soares,2025,6,24,6:33,Tucker Field,No,D,Grasshopper Sparrow,0,0,0,0,0,0,0,
Ward,Ellen Soares,2025,6,24,6:41,Taft Field,No,E,Grasshopper Sparrow,0,0,0,0,0,0,0,
Ward,Ellen Soares,2025,6,24,6:51,Front Field,No,F,Grasshopper Sparrow,0,0,0,0,0,0,0,
Ward,Ellen Soares,2025,6,24,7:15,Charlies Field,No,A,Eastern Meadowlark,0,0,0,0,0,0,0,
Ward,Ellen Soares,2025,6,24,7:02,Front Field,No,B,Eastern Meadowlark,0,0,0,0,0,0,0,
Ward,Ellen Soares,2025,6,24,7:40,Apple Valley,Yes,C,Eastern Meadowlark,0,0,0,0,0,0,0,
Ward,Ellen Soares,2025,6,24,7:34,Tucker Field,No,C,Eastern Meadowlark,0,0,0,0,0,0,0,
Ward,Ellen Soares,2025,6,24,6:33,Tucker Field,No,D,Eastern Meadowlark,0,0,0,0,0,0,0,
Ward,Ellen Soares,2025,6,24,6:41,Taft Field,No,E,Eastern Meadowlark,0,0,0,0,0,0,0,
Ward,Ellen Soares,2025,6,24,6:51,Front Field,No,F,Eastern Meadowlark,0,0,0,0,0,0,0,
Ward,Ellen Soares,2025,7,1,7:14,Charlies Field,No,A,Bobolink,0,0,0,0,0,0,0,
Ward,Ellen Soares,2025,7,1,7:02,Front Field,No,B,Bobolink,0,0,0,0,0,0,0,
Ward,Ellen Soares,2025,7,1,7:32,Apple Valley,Yes,C,Bobolink,0,0,0,0,0,0,0,
Ward,Ellen Soares,2025,7,1,7:37,Tucker Field,No,C,Bobolink,0,0,0,0,0,0,0,
Ward,Ellen Soares,2025,7,1,6:34,Tucker Field,No,D,Bobolink,0,0,0,0,0,0,0,
Ward,Ellen Soares,2025,7,1,6:41,Taft Field,No,E,Bobolink,0,0,0,0,0,0,0,
Ward,Ellen Soares,2025,7,1,6:51,Front Field,No,F,Bobolink,0,0,0,0,0,0,0,
Ward,Ellen Soares,2025,7,1,7:14,Charlies Field,No,A,Savannah Sparrow,0,0,0,0,0,0,0,
Ward,Ellen Soares,2025,7,1,7:02,Front Field,No,B,Savannah Sparrow,0,0,0,0,0,0,0,
Ward,Ellen Soares,2025,7,1,7:32,Apple Valley,Yes,C,Savannah Sparrow,0,0,0,0,0,0,0,
Ward,Ellen Soares,2025,7,1,7:37,Tucker Field,No,C,Savannah Sparrow,0,0,0,0,0,0,0,
Ward,Ellen Soares,2025,7,1,6:34,Tucker Field,No,D,Savannah Sparrow,0,0,0,0,0,0,0,
Ward,Ellen Soares,2025,7,1,6:41,Taft Field,No,E,Savannah Sparrow,0,0,0,0,0,0,0,
Ward,Ellen Soares,2025,7,1,6:51,Front Field,No,F,Savannah Sparrow,0,0,0,0,0,0,0,
Ward,Ellen Soares,2025,7,1,7:14,Charlies Field,No,A,Grasshopper Sparrow,0,0,0,0,0,0,0,
Ward,Ellen Soares,2025,7,1,7:02,Front Field,No,B,Grasshopper Sparrow,0,0,0,0,0,0,0,
Ward,Ellen Soares,2025,7,1,7:32,Apple Valley,Yes,C,Grasshopper Sparrow,0,0,0,0,0,0,0,
Ward,Ellen Soares,2025,7,1,7:37,Tucker Field,No,C,Grasshopper Sparrow,0,0,0,0,0,0,0,
Ward,Ellen Soares,2025,7,1,6:34,Tucker Field,No,D,Grasshopper Sparrow,0,0,0,0,0,0,0,
Ward,Ellen Soares,2025,7,1,6:41,Taft Field,No,E,Grasshopper Sparrow,0,0,0,0,0,0,0,
Ward,Ellen Soares,2025,7,1,6:51,Front Field,No,F,Grasshopper Sparrow,0,0,0,0,0,0,0,
Ward,Ellen Soares,2025,7,1,7:14,Charlies Field,No,A,Eastern Meadowlark,0,0,0,0,0,0,0,
Ward,Ellen Soares,2025,7,1,7:02,Front Field,No,B,Eastern Meadowlark,0,0,0,0,0,0,0,
Ward,Ellen Soares,2025,7,1,7:32,Apple Valley,Yes,C,Eastern Meadowlark,0,0,0,0,0,0,0,
Ward,Ellen Soares,2025,7,1,7:37,Tucker Field,No,C,Eastern Meadowlark,0,0,0,0,0,0,0,
Ward,Ellen Soares,2025,7,1,6:34,Tucker Field,No,D,Eastern Meadowlark,0,0,0,0,0,0,0,
Ward,Ellen Soares,2025,7,1,6:41,Taft Field,No,E,Eastern Meadowlark,0,0,0,0,0,0,0,
Ward,Ellen Soares,2025,7,1,6:51,Front Field,No,F,Eastern Meadowlark,0,0,0,0,0,0,0,
Ward,John Keeley,2025,7,7,7:14,Charlies Field,No,A,Bobolink,0,0,0,0,0,0,0,
Ward,John Keeley,2025,7,7,7:29,Front Field,No,B,Bobolink,0,0,0,0,0,0,0,
Ward,John Keeley,2025,7,7,7:43,Apple Valley,Yes,C,Bobolink,0,0,0,0,0,0,0,
Ward,John Keeley,2025,7,7,7:48,Tucker Field,No,C,Bobolink,0,0,0,0,0,0,0,
Ward,John Keeley,2025,7,7,7:58,Tucker Field,No,D,Bobolink,0,0,0,0,0,0,0,
Ward,John Keeley,2025,7,7,8:08,Taft Field,No,E,Bobolink,0,0,0,0,0,0,0,
Ward,John Keeley,2025,7,7,8:30,Front Field,No,F,Bobolink,0,0,0,0,0,0,0,
Ward,John Keeley,2025,7,7,7:14,Charlies Field,No,A,Savannah Sparrow,0,0,0,0,0,0,0,
Ward,John Keeley,2025,7,7,7:29,Front Field,No,B,Savannah Sparrow,0,0,0,0,0,0,0,
Ward,John Keeley,2025,7,7,7:43,Apple Valley,Yes,C,Savannah Sparrow,0,0,0,0,0,0,0,
Ward,John Keeley,2025,7,7,7:48,Tucker Field,No,C,Savannah Sparrow,0,0,0,0,0,0,0,
Ward,John Keeley,2025,7,7,7:58,Tucker Field,No,D,Savannah Sparrow,0,0,0,0,0,0,0,
Ward,John Keeley,2025,7,7,8:08,Taft Field,No,E,Savannah Sparrow,0,0,0,0,0,0,0,
Ward,John Keeley,2025,7,7,8:30,Front Field,No,F,Savannah Sparrow,0,0,0,0,0,0,0,
Ward,John Keeley,2025,7,7,7:14,Charlies Field,No,A,Grasshopper Sparrow,0,0,0,0,0,0,0,
Ward,John Keeley,2025,7,7,7:29,Front Field,No,B,Grasshopper Sparrow,0,0,0,0,0,0,0,
Ward,John Keeley,2025,7,7,7:43,Apple Valley,Yes,C,Grasshopper Sparrow,0,0,0,0,0,0,0,
Ward,John Keeley,2025,7,7,7:48,Tucker Field,No,C,Grasshopper Sparrow,0,0,0,0,0,0,0,
Ward,John Keeley,2025,7,7,7:58,Tucker Field,No,D,Grasshopper Sparrow,0,0,0,0,0,0,0,
Ward,John Keeley,2025,7,7,8:08,Taft Field,No,E,Grasshopper Sparrow,0,0,0,0,0,0,0,
Ward,John Keeley,2025,7,7,8:30,Front Field,No,F,Grasshopper Sparrow,0,0,0,0,0,0,0,
Ward,John Keeley,2025,7,7,7:14,Charlies Field,No,A,Eastern Meadowlark,0,0,0,0,0,0,0,
Ward,John Keeley,2025,7,7,7:29,Front Field,No,B,Eastern Meadowlark,0,0,0,0,0,0,0,
Ward,John Keeley,2025,7,7,7:43,Apple Valley,Yes,C,Eastern Meadowlark,0,0,0,0,0,0,0,
Ward,John Keeley,2025,7,7,7:48,Tucker Field,No,C,Eastern Meadowlark,0,0,0,0,0,0,0,
Ward,John Keeley,2025,7,7,7:58,Tucker Field,No,D,Eastern Meadowlark,0,0,0,0,0,0,0,
Ward,John Keeley,2025,7,7,8:08,Taft Field,No,E,Eastern Meadowlark,0,0,0,0,0,0,0,
Ward,John Keeley,2025,7,7,8:30,Front Field,No,F,Eastern Meadowlark,0,0,0,0,0,0,0,
Ward,Ellen Soares,2025,7,8,7:25,Charlies Field,No,A,Bobolink,0,0,0,0,0,0,0,
Ward,Ellen Soares,2025,7,8,7:10,Front Field,No,B,Bobolink,0,0,0,0,0,0,0,
Ward,Ellen Soares,2025,7,8,7:42,Apple Valley,No,C,Bobolink,0,0,0,0,0,0,0,
Ward,Ellen Soares,2025,7,8,7:47,Tucker Field,No,C,Bobolink,0,0,0,0,0,0,0,
Ward,Ellen Soares,2025,7,8,6:39,Tucker Field,No,D,Bobolink,0,0,0,0,0,0,0,
Ward,Ellen Soares,2025,7,8,6:48,Taft Field,No,E,Bobolink,0,0,0,0,0,0,0,
Ward,Ellen Soares,2025,7,8,7:00,Front Field,No,F,Bobolink,0,0,0,0,0,0,0,
Ward,Ellen Soares,2025,7,8,7:25,Charlies Field,No,A,Savannah Sparrow,0,0,0,0,0,0,0,
Ward,Ellen Soares,2025,7,8,7:10,Front Field,No,B,Savannah Sparrow,0,0,0,0,0,0,0,
Ward,Ellen Soares,2025,7,8,7:42,Apple Valley,No,C,Savannah Sparrow,0,0,0,0,0,0,0,
Ward,Ellen Soares,2025,7,8,7:47,Tucker Field,No,C,Savannah Sparrow,0,0,0,0,0,0,0,
Ward,Ellen Soares,2025,7,8,6:39,Tucker Field,No,D,Savannah Sparrow,0,0,0,0,0,0,0,
Ward,Ellen Soares,2025,7,8,6:48,Taft Field,No,E,Savannah Sparrow,0,0,0,0,0,0,0,
Ward,Ellen Soares,2025,7,8,7:00,Front Field,No,F,Savannah Sparrow,0,0,0,0,0,0,0,
Ward,Ellen Soares,2025,7,8,7:25,Charlies Field,No,A,Grasshopper Sparrow,0,0,0,0,0,0,0,
Ward,Ellen Soares,2025,7,8,7:10,Front Field,No,B,Grasshopper Sparrow,0,0,0,0,0,0,0,
Ward,Ellen Soares,2025,7,8,7:42,Apple Valley,No,C,Grasshopper Sparrow,0,0,0,0,0,0,0,
Ward,Ellen Soares,2025,7,8,7:47,Tucker Field,No,C,Grasshopper Sparrow,0,0,0,0,0,0,0,
Ward,Ellen Soares,2025,7,8,6:39,Tucker Field,No,D,Grasshopper Sparrow,0,0,0,0,0,0,0,
Ward,Ellen Soares,2025,7,8,6:48,Taft Field,No,E,Grasshopper Sparrow,0,0,0,0,0,0,0,
Ward,Ellen Soares,2025,7,8,7:00,Front Field,No,F,Grasshopper Sparrow,0,0,0,0,0,0,0,
Ward,Ellen Soares,2025,7,8,7:25,Charlies Field,No,A,Eastern Meadowlark,0,0,0,0,0,0,0,
Ward,Ellen Soares,2025,7,8,7:10,Front Field,No,B,Eastern Meadowlark,0,0,0,0,0,0,0,
Ward,Ellen Soares,2025,7,8,7:42,Apple Valley,No,C,Eastern Meadowlark,0,0,0,0,0,0,0,
Ward,Ellen Soares,2025,7,8,7:47,Tucker Field,No,C,Eastern Meadowlark,0,0,0,0,0,0,0,
Ward,Ellen Soares,2025,7,8,6:39,Tucker Field,No,D,Eastern Meadowlark,0,0,0,0,0,0,0,
Ward,Ellen Soares,2025,7,8,6:48,Taft Field,No,E,Eastern Meadowlark,0,0,0,0,0,0,0,
Ward,Ellen Soares,2025,7,8,7:00,Front Field,No,F,Eastern Meadowlark,0,0,0,0,0,0,0,
Ward,Sabrina Brown,2025,7,6,1:31,Charlies Field,No,A,Bobolink,0,0,0,0,0,0,,
Ward,Sabrina Brown,2025,7,6,1:41,Front Field,No,B,Bobolink,0,0,0,0,0,0,,
Ward,Sabrina Brown,2025,7,6,1:51,Apple Valley,Yes,C,Bobolink,0,0,0,0,0,0,,
Ward,Sabrina Brown,2025,7,6,1:56,Tucker Field,No,C,Bobolink,0,0,0,0,0,0,,
Ward,Sabrina Brown,2025,7,6,2:02,Tucker Field,No,D,Bobolink,0,0,0,0,0,0,,
Ward,Sabrina Brown,2025,7,6,2:09,Taft Field,No,E,Bobolink,0,0,0,0,0,0,,
Ward,Sabrina Brown,2025,7,6,2:19,Front Field,No,F,Bobolink,0,0,0,0,0,0,,
Ward,Sabrina Brown,2025,7,6,1:31,Charlies Field,No,A,Savannah Sparrow,0,0,0,0,0,0,,
Ward,Sabrina Brown,2025,7,6,1:41,Front Field,No,B,Savannah Sparrow,0,0,0,0,0,0,,
Ward,Sabrina Brown,2025,7,6,1:51,Apple Valley,Yes,C,Savannah Sparrow,0,0,0,0,0,0,,
Ward,Sabrina Brown,2025,7,6,1:56,Tucker Field,No,C,Savannah Sparrow,0,0,0,0,0,0,,
Ward,Sabrina Brown,2025,7,6,2:02,Tucker Field,No,D,Savannah Sparrow,0,0,0,0,0,0,,
Ward,Sabrina Brown,2025,7,6,2:09,Taft Field,No,E,Savannah Sparrow,0,0,0,0,0,0,,
Ward,Sabrina Brown,2025,7,6,2:19,Front Field,No,F,Savannah Sparrow,0,0,0,0,0,0,,
Ward,Sabrina Brown,2025,7,6,1:31,Charlies Field,No,A,Grasshopper Sparrow,0,0,0,0,0,0,,
Ward,Sabrina Brown,2025,7,6,1:41,Front Field,No,B,Grasshopper Sparrow,0,0,0,0,0,0,,
Ward,Sabrina Brown,2025,7,6,1:51,Apple Valley,Yes,C,Grasshopper Sparrow,0,0,0,0,0,0,,
Ward,Sabrina Brown,2025,7,6,1:56,Tucker Field,No,C,Grasshopper Sparrow,0,0,0,0,0,0,,
Ward,Sabrina Brown,2025,7,6,2:02,Tucker Field,No,D,Grasshopper Sparrow,0,0,0,0,0,0,,
Ward,Sabrina Brown,2025,7,6,2:09,Taft Field,No,E,Grasshopper Sparrow,0,0,0,0,0,0,,
Ward,Sabrina Brown,2025,7,6,2:19,Front Field,No,F,Grasshopper Sparrow,0,0,0,0,0,0,,
Ward,Sabrina Brown,2025,7,6,1:31,Charlies Field,No,A,Eastern Meadowlark,0,0,0,0,0,0,,
Ward,Sabrina Brown,2025,7,6,1:41,Front Field,No,B,Eastern Meadowlark,0,0,0,0,0,0,,
Ward,Sabrina Brown,2025,7,6,1:51,Apple Valley,Yes,C,Eastern Meadowlark,0,0,0,0,0,0,,
Ward,Sabrina Brown,2025,7,6,1:56,Tucker Field,No,C,Eastern Meadowlark,0,0,0,0,0,0,,
Ward,Sabrina Brown,2025,7,6,2:02,Tucker Field,No,D,Eastern Meadowlark,0,0,0,0,0,0,,
Ward,Sabrina Brown,2025,7,6,2:09,Taft Field,No,E,Eastern Meadowlark,0,0,0,0,0,0,,
Ward,Sabrina Brown,2025,7,6,2:19,Front Field,No,F,Eastern Meadowlark,0,0,0,0,0,0,,
Ward,Sabrina Brown,2025,7,13,9:55,Charlies Field,No,A,Bobolink,0,0,0,0,0,0,,
Ward,Sabrina Brown,2025,7,13,11:21,Front Field,No,B,Bobolink,0,0,0,0,0,0,,
Ward,Sabrina Brown,2025,7,13,10:28,Apple Valley,Yes,C,Bobolink,0,0,0,0,0,0,,
Ward,Sabrina Brown,2025,7,13,10:33,Tucker Field,No,C,Bobolink,0,0,0,0,0,0,,
Ward,Sabrina Brown,2025,7,13,10:43,Tucker Field,No,D,Bobolink,0,0,0,0,0,0,,
Ward,Sabrina Brown,2025,7,13,10:55,Taft Field,No,E,Bobolink,0,0,0,0,0,0,,
Ward,Sabrina Brown,2025,7,13,11:11,Front Field,No,F,Bobolink,0,0,0,0,0,0,,
Ward,Sabrina Brown,2025,7,13,9:55,Charlies Field,No,A,Savannah Sparrow,0,0,0,0,0,0,,
Ward,Sabrina Brown,2025,7,13,11:21,Front Field,No,B,Savannah Sparrow,0,0,0,0,0,0,,
Ward,Sabrina Brown,2025,7,13,10:28,Apple Valley,Yes,C,Savannah Sparrow,0,0,0,0,0,0,,
Ward,Sabrina Brown,2025,7,13,10:33,Tucker Field,No,C,Savannah Sparrow,0,0,0,0,0,0,,
Ward,Sabrina Brown,2025,7,13,10:43,Tucker Field,No,D,Savannah Sparrow,0,0,0,0,0,0,,
Ward,Sabrina Brown,2025,7,13,10:55,Taft Field,No,E,Savannah Sparrow,0,0,0,0,0,0,,
Ward,Sabrina Brown,2025,7,13,11:11,Front Field,No,F,Savannah Sparrow,0,0,0,0,0,0,,
Ward,Sabrina Brown,2025,7,13,9:55,Charlies Field,No,A,Grasshopper Sparrow,0,0,0,0,0,0,,
Ward,Sabrina Brown,2025,7,13,11:21,Front Field,No,B,Grasshopper Sparrow,0,0,0,0,0,0,,
Ward,Sabrina Brown,2025,7,13,10:28,Apple Valley,Yes,C,Grasshopper Sparrow,0,0,0,0,0,0,,
Ward,Sabrina Brown,2025,7,13,10:33,Tucker Field,No,C,Grasshopper Sparrow,0,0,0,0,0,0,,
Ward,Sabrina Brown,2025,7,13,10:43,Tucker Field,No,D,Grasshopper Sparrow,0,0,0,0,0,0,,
Ward,Sabrina Brown,2025,7,13,10:55,Taft Field,No,E,Grasshopper Sparrow,0,0,0,0,0,0,,
Ward,Sabrina Brown,2025,7,13,11:11,Front Field,No,F,Grasshopper Sparrow,0,0,0,0,0,0,,
Ward,Sabrina Brown,2025,7,13,9:55,Charlies Field,No,A,Eastern Meadowlark,0,0,0,0,0,0,,
Ward,Sabrina Brown,2025,7,13,11:21,Front Field,No,B,Eastern Meadowlark,0,0,0,0,0,0,,
Ward,Sabrina Brown,2025,7,13,10:28,Apple Valley,Yes,C,Eastern Meadowlark,0,0,0,0,0,0,,
Ward,Sabrina Brown,2025,7,13,10:33,Tucker Field,No,C,Eastern Meadowlark,0,0,0,0,0,0,,
Ward,Sabrina Brown,2025,7,13,10:43,Tucker Field,No,D,Eastern Meadowlark,0,0,0,0,0,0,,
Ward,Sabrina Brown,2025,7,13,10:55,Taft Field,No,E,Eastern Meadowlark,0,0,0,0,0,0,,
Ward,Sabrina Brown,2025,7,13,11:11,Front Field,No,F,Eastern Meadowlark,0,0,0,0,0,0,,
Ward,Ruth Marrion,2025,7,13,9:08,Charlies Field,No,A,Bobolink,0,0,0,0,0,0,,
Ward,Ruth Marrion,2025,7,13,8:07,Front Field,No,B,Bobolink,0,0,0,0,0,0,,
Ward,Ruth Marrion,2025,7,13,8:16,Apple Valley,Yes,C,Bobolink,0,0,0,0,0,0,,
Ward,Ruth Marrion,2025,7,13,8:21,Tucker Field,No,C,Bobolink,0,0,0,0,0,0,,
Ward,Ruth Marrion,2025,7,13,8:41,Tucker Field,No,D,Bobolink,0,0,0,0,0,0,,
Ward,Ruth Marrion,2025,7,13,8:48,Taft Field,No,E,Bobolink,0,0,0,0,0,0,,
Ward,Ruth Marrion,2025,7,13,8:33,Front Field,No,F,Bobolink,0,0,0,0,0,0,,
Ward,Ruth Marrion,2025,7,13,9:08,Charlies Field,No,A,Savannah Sparrow,0,0,0,0,0,0,,
Ward,Ruth Marrion,2025,7,13,8:07,Front Field,No,B,Savannah Sparrow,0,0,0,0,0,0,,
Ward,Ruth Marrion,2025,7,13,8:16,Apple Valley,Yes,C,Savannah Sparrow,0,0,0,0,0,0,,
Ward,Ruth Marrion,2025,7,13,8:21,Tucker Field,No,C,Savannah Sparrow,0,0,0,0,0,0,,
Ward,Ruth Marrion,2025,7,13,8:41,Tucker Field,No,D,Savannah Sparrow,0,0,0,0,0,0,,
Ward,Ruth Marrion,2025,7,13,8:48,Taft Field,No,E,Savannah Sparrow,0,0,0,0,0,0,,
Ward,Ruth Marrion,2025,7,13,8:33,Front Field,No,F,Savannah Sparrow,0,0,0,0,0,0,,
Ward,Ruth Marrion,2025,7,13,9:08,Charlies Field,No,A,Grasshopper Sparrow,0,0,0,0,0,0,,
Ward,Ruth Marrion,2025,7,13,8:07,Front Field,No,B,Grasshopper Sparrow,0,0,0,0,0,0,,
Ward,Ruth Marrion,2025,7,13,8:16,Apple Valley,Yes,C,Grasshopper Sparrow,0,0,0,0,0,0,,
Ward,Ruth Marrion,2025,7,13,8:21,Tucker Field,No,C,Grasshopper Sparrow,0,0,0,0,0,0,,
Ward,Ruth Marrion,2025,7,13,8:41,Tucker Field,No,D,Grasshopper Sparrow,0,0,0,0,0,0,,
Ward,Ruth Marrion,2025,7,13,8:48,Taft Field,No,E,Grasshopper Sparrow,0,0,0,0,0,0,,
Ward,Ruth Marrion,2025,7,13,8:33,Front Field,No,F,Grasshopper Sparrow,0,0,0,0,0,0,,
Ward,Ruth Marrion,2025,7,13,9:08,Charlies Field,No,A,Eastern Meadowlark,0,0,0,0,0,0,,
Ward,Ruth Marrion,2025,7,13,8:07,Front Field,No,B,Eastern Meadowlark,0,0,0,0,0,0,,
Ward,Ruth Marrion,2025,7,13,8:16,Apple Valley,Yes,C,Eastern Meadowlark,0,0,0,0,0,0,,
Ward,Ruth Marrion,2025,7,13,8:21,Tucker Field,No,C,Eastern Meadowlark,0,0,0,0,0,0,,
Ward,Ruth Marrion,2025,7,13,8:41,Tucker Field,No,D,Eastern Meadowlark,0,0,0,0,0,0,,
Ward,Ruth Marrion,2025,7,13,8:48,Taft Field,No,E,Eastern Meadowlark,0,0,0,0,0,0,,
Ward,Ruth Marrion,2025,7,13,8:33,Front Field,No,F,Eastern Meadowlark,0,0,0,0,0,0,,
Weir River Farm,Sally Avery,2025,5,7,8:38,Turkey Hill Field,No,A,Bobolink,0,0,0,0,0,0,0,
Weir River Farm,Sally Avery,2025,5,7,8:00,Turkey Hill Field,No,B,Bobolink,0,0,0,0,0,0,0,
Weir River Farm,Sally Avery,2025,5,7,8:08,Turkey Hill Field,No,C,Bobolink,0,0,0,0,0,0,0,
Weir River Farm,Sally Avery,2025,5,7,8:19,Turkey Hill Field,No,D,Bobolink,0,0,0,0,0,0,0,
Weir River Farm,Sally Avery,2025,5,7,8:28,Turkey Hill Field,No,E,Bobolink,0,0,0,0,0,0,0,
Weir River Farm,Sally Avery,2025,5,7,8:54,WRF Main,No,F,Bobolink,0,0,0,0,0,0,0,
Weir River Farm,Sally Avery,2025,5,7,9:07,WRF Main,No,G,Bobolink,0,0,0,0,0,0,0,
Weir River Farm,Sally Avery,2025,5,7,9:16,WRF Main,No,H,Bobolink,0,0,0,0,0,0,0,
Weir River Farm,Sally Avery,2025,5,7,9:21,WRF West,No,I,Bobolink,0,0,0,0,0,0,0,
Weir River Farm,Sally Avery,2025,5,7,9:31,WRF Main,No,J,Bobolink,0,0,0,0,0,0,0,
Weir River Farm,Sally Avery,2025,5,7,8:38,Turkey Hill Field,No,A,Savannah Sparrow,0,0,1,0,0,0,1,Bird heard but not seen
Weir River Farm,Sally Avery,2025,5,7,8:00,Turkey Hill Field,No,B,Savannah Sparrow,0,0,0,0,0,0,0,
Weir River Farm,Sally Avery,2025,5,7,8:08,Turkey Hill Field,No,C,Savannah Sparrow,0,0,0,0,0,0,0,
Weir River Farm,Sally Avery,2025,5,7,8:19,Turkey Hill Field,No,D,Savannah Sparrow,0,0,0,0,0,0,0,
Weir River Farm,Sally Avery,2025,5,7,8:28,Turkey Hill Field,No,E,Savannah Sparrow,0,0,0,0,0,0,0,
Weir River Farm,Sally Avery,2025,5,7,8:54,WRF Main,No,F,Savannah Sparrow,0,0,0,0,0,0,0,
Weir River Farm,Sally Avery,2025,5,7,9:07,WRF Main,No,G,Savannah Sparrow,0,0,0,0,0,0,0,
Weir River Farm,Sally Avery,2025,5,7,9:16,WRF Main,No,H,Savannah Sparrow,0,0,0,0,0,0,0,
Weir River Farm,Sally Avery,2025,5,7,9:21,WRF West,No,I,Savannah Sparrow,0,0,0,0,0,0,0,
Weir River Farm,Sally Avery,2025,5,7,9:31,WRF Main,No,J,Savannah Sparrow,0,0,0,0,0,0,0,
Weir River Farm,Sally Avery,2025,5,7,8:38,Turkey Hill Field,No,A,Grasshopper Sparrow,0,0,0,0,0,0,0,
Weir River Farm,Sally Avery,2025,5,7,8:00,Turkey Hill Field,No,B,Grasshopper Sparrow,0,0,0,0,0,0,0,
Weir River Farm,Sally Avery,2025,5,7,8:08,Turkey Hill Field,No,C,Grasshopper Sparrow,0,0,0,0,0,0,0,
Weir River Farm,Sally Avery,2025,5,7,8:19,Turkey Hill Field,No,D,Grasshopper Sparrow,0,0,0,0,0,0,0,
Weir River Farm,Sally Avery,2025,5,7,8:28,Turkey Hill Field,No,E,Grasshopper Sparrow,0,0,0,0,0,0,0,
Weir River Farm,Sally Avery,2025,5,7,8:54,WRF Main,No,F,Grasshopper Sparrow,0,0,0,0,0,0,0,
Weir River Farm,Sally Avery,2025,5,7,9:07,WRF Main,No,G,Grasshopper Sparrow,0,0,0,0,0,0,0,
Weir River Farm,Sally Avery,2025,5,7,9:16,WRF Main,No,H,Grasshopper Sparrow,0,0,0,0,0,0,0,
Weir River Farm,Sally Avery,2025,5,7,9:21,WRF West,No,I,Grasshopper Sparrow,0,0,0,0,0,0,0,
Weir River Farm,Sally Avery,2025,5,7,9:31,WRF Main,No,J,Grasshopper Sparrow,0,0,0,0,0,0,0,
Weir River Farm,Sally Avery,2025,5,7,8:38,Turkey Hill Field,No,A,Eastern Meadowlark,0,0,0,0,0,0,0,
Weir River Farm,Sally Avery,2025,5,7,8:00,Turkey Hill Field,No,B,Eastern Meadowlark,0,0,0,0,0,0,0,
Weir River Farm,Sally Avery,2025,5,7,8:08,Turkey Hill Field,No,C,Eastern Meadowlark,0,0,0,0,0,0,0,
Weir River Farm,Sally Avery,2025,5,7,8:19,Turkey Hill Field,No,D,Eastern Meadowlark,0,0,0,0,0,0,0,
Weir River Farm,Sally Avery,2025,5,7,8:28,Turkey Hill Field,No,E,Eastern Meadowlark,0,0,0,0,0,0,0,
Weir River Farm,Sally Avery,2025,5,7,8:54,WRF Main,No,F,Eastern Meadowlark,0,0,0,0,0,0,0,
Weir River Farm,Sally Avery,2025,5,7,9:07,WRF Main,No,G,Eastern Meadowlark,0,0,0,0,0,0,0,
Weir River Farm,Sally Avery,2025,5,7,9:16,WRF Main,No,H,Eastern Meadowlark,0,0,0,0,0,0,0,
Weir River Farm,Sally Avery,2025,5,7,9:21,WRF West,No,I,Eastern Meadowlark,0,0,0,0,0,0,0,
Weir River Farm,Sally Avery,2025,5,7,9:31,WRF Main,No,J,Eastern Meadowlark,0,0,0,0,0,0,0,
Weir River Farm,Susan Shapiro,2025,5,13,9:25,WRF Main,No,F,Bobolink,0,0,0,0,0,0,0,
Weir River Farm,Susan Shapiro,2025,5,13,8:30,WRF Main,No,G,Bobolink,0,0,0,0,0,0,0,
Weir River Farm,Susan Shapiro,2025,5,13,8:00,WRF Main,No,H,Bobolink,0,0,0,0,0,0,0,
Weir River Farm,Susan Shapiro,2025,5,13,8:00,WRF West,No,I,Bobolink,0,0,0,0,0,0,0,
Weir River Farm,Susan Shapiro,2025,5,13,9:05,WRF Main,No,J,Bobolink,0,0,0,0,0,0,0,
Weir River Farm,Susan Shapiro,2025,5,13,9:25,WRF Main,No,F,Savannah Sparrow,0,0,0,0,0,0,0,
Weir River Farm,Susan Shapiro,2025,5,13,8:30,WRF Main,No,G,Savannah Sparrow,0,0,0,0,0,0,0,
Weir River Farm,Susan Shapiro,2025,5,13,8:00,WRF Main,No,H,Savannah Sparrow,0,0,0,0,0,0,0,
Weir River Farm,Susan Shapiro,2025,5,13,8:00,WRF West,No,I,Savannah Sparrow,0,0,0,0,0,0,0,
Weir River Farm,Susan Shapiro,2025,5,13,9:05,WRF Main,No,J,Savannah Sparrow,0,0,0,0,0,0,0,
Weir River Farm,Susan Shapiro,2025,5,13,9:25,WRF Main,No,F,Grasshopper Sparrow,0,0,0,0,0,0,0,
Weir River Farm,Susan Shapiro,2025,5,13,8:30,WRF Main,No,G,Grasshopper Sparrow,0,0,0,0,0,0,0,
Weir River Farm,Susan Shapiro,2025,5,13,8:00,WRF Main,No,H,Grasshopper Sparrow,0,0,0,0,0,0,0,
Weir River Farm,Susan Shapiro,2025,5,13,8:00,WRF West,No,I,Grasshopper Sparrow,0,0,0,0,0,0,0,
Weir River Farm,Susan Shapiro,2025,5,13,9:05,WRF Main,No,J,Grasshopper Sparrow,0,0,0,0,0,0,0,
Weir River Farm,Susan Shapiro,2025,5,13,9:25,WRF Main,No,F,Eastern Meadowlark,0,0,0,0,0,0,0,
Weir River Farm,Susan Shapiro,2025,5,13,8:30,WRF Main,No,G,Eastern Meadowlark,0,0,0,0,0,0,0,
Weir River Farm,Susan Shapiro,2025,5,13,8:00,WRF Main,No,H,Eastern Meadowlark,0,0,0,0,0,0,0,
Weir River Farm,Susan Shapiro,2025,5,13,8:00,WRF West,No,I,Eastern Meadowlark,0,0,0,0,0,0,0,
Weir River Farm,Susan Shapiro,2025,5,13,9:05,WRF Main,No,J,Eastern Meadowlark,0,0,0,0,0,0,0,
Weir River Farm,Sally Avery,2025,5,19,8:45,Turkey Hill Field,No,A,Bobolink,0,0,0,0,0,0,0,
Weir River Farm,Sally Avery,2025,5,19,8:00,Turkey Hill Field,No,B,Bobolink,0,0,0,0,0,0,0,
Weir River Farm,Sally Avery,2025,5,19,8:10,Turkey Hill Field,No,C,Bobolink,0,0,0,1,0,1,1,
Weir River Farm,Sally Avery,2025,5,19,8:20,Turkey Hill Field,No,D,Bobolink,0,0,0,0,0,0,0,
Weir River Farm,Sally Avery,2025,5,19,8:35,Turkey Hill Field,No,E,Bobolink,0,0,0,0,0,0,0,
Weir River Farm,Sally Avery,2025,5,19,8:45,Turkey Hill Field,No,A,Savannah Sparrow,0,0,0,0,0,2,2,
Weir River Farm,Sally Avery,2025,5,19,8:00,Turkey Hill Field,No,B,Savannah Sparrow,0,0,0,0,0,0,0,
Weir River Farm,Sally Avery,2025,5,19,8:10,Turkey Hill Field,No,C,Savannah Sparrow,0,0,0,0,0,0,0,
Weir River Farm,Sally Avery,2025,5,19,8:20,Turkey Hill Field,No,D,Savannah Sparrow,0,0,0,0,0,0,0,
Weir River Farm,Sally Avery,2025,5,19,8:35,Turkey Hill Field,No,E,Savannah Sparrow,0,0,0,0,0,0,0,
Weir River Farm,Sally Avery,2025,5,19,8:45,Turkey Hill Field,No,A,Grasshopper Sparrow,0,0,0,0,0,0,0,
Weir River Farm,Sally Avery,2025,5,19,8:00,Turkey Hill Field,No,B,Grasshopper Sparrow,0,0,0,0,0,0,0,
Weir River Farm,Sally Avery,2025,5,19,8:10,Turkey Hill Field,No,C,Grasshopper Sparrow,0,0,0,0,0,0,0,
Weir River Farm,Sally Avery,2025,5,19,8:20,Turkey Hill Field,No,D,Grasshopper Sparrow,0,0,0,0,0,0,0,
Weir River Farm,Sally Avery,2025,5,19,8:35,Turkey Hill Field,No,E,Grasshopper Sparrow,0,0,0,0,0,0,0,
Weir River Farm,Sally Avery,2025,5,19,8:45,Turkey Hill Field,No,A,Eastern Meadowlark,0,0,0,0,0,0,0,
Weir River Farm,Sally Avery,2025,5,19,8:00,Turkey Hill Field,No,B,Eastern Meadowlark,0,0,0,0,0,0,0,
Weir River Farm,Sally Avery,2025,5,19,8:10,Turkey Hill Field,No,C,Eastern Meadowlark,0,0,0,0,0,0,0,
Weir River Farm,Sally Avery,2025,5,19,8:20,Turkey Hill Field,No,D,Eastern Meadowlark,0,0,0,0,0,0,0,
Weir River Farm,Sally Avery,2025,5,19,8:35,Turkey Hill Field,No,E,Eastern Meadowlark,0,0,0,0,0,0,0,
Weir River Farm,Susan Shapiro,2025,5,20,9:15,WRF Main,No,F,Bobolink,0,0,0,0,0,0,0,
Weir River Farm,Susan Shapiro,2025,5,20,8:40,WRF Main,No,G,Bobolink,0,0,0,0,0,0,0,
Weir River Farm,Susan Shapiro,2025,5,20,8:18,WRF Main,No,H,Bobolink,0,0,0,0,0,0,0,
Weir River Farm,Susan Shapiro,2025,5,20,8:25,WRF West,No,I,Bobolink,0,0,0,0,0,0,0,
Weir River Farm,Susan Shapiro,2025,5,20,9:05,WRF Main,No,J,Bobolink,0,0,0,0,0,0,0,
Weir River Farm,Susan Shapiro,2025,5,20,9:15,WRF Main,No,F,Savannah Sparrow,0,0,0,0,0,0,0,
Weir River Farm,Susan Shapiro,2025,5,20,8:40,WRF Main,No,G,Savannah Sparrow,0,0,0,0,0,0,0,
Weir River Farm,Susan Shapiro,2025,5,20,8:18,WRF Main,No,H,Savannah Sparrow,0,0,0,0,0,0,0,
Weir River Farm,Susan Shapiro,2025,5,20,8:25,WRF West,No,I,Savannah Sparrow,0,0,0,0,0,0,0,
Weir River Farm,Susan Shapiro,2025,5,20,9:05,WRF Main,No,J,Savannah Sparrow,0,0,0,0,0,0,0,
Weir River Farm,Susan Shapiro,2025,5,20,9:15,WRF Main,No,F,Grasshopper Sparrow,0,0,0,0,0,0,0,
Weir River Farm,Susan Shapiro,2025,5,20,8:40,WRF Main,No,G,Grasshopper Sparrow,0,0,0,0,0,0,0,
Weir River Farm,Susan Shapiro,2025,5,20,8:18,WRF Main,No,H,Grasshopper Sparrow,0,0,0,0,0,0,0,
Weir River Farm,Susan Shapiro,2025,5,20,8:25,WRF West,No,I,Grasshopper Sparrow,0,0,0,0,0,0,0,
Weir River Farm,Susan Shapiro,2025,5,20,9:05,WRF Main,No,J,Grasshopper Sparrow,0,0,0,0,0,0,0,
Weir River Farm,Susan Shapiro,2025,5,20,9:15,WRF Main,No,F,Eastern Meadowlark,0,0,0,0,0,0,0,
Weir River Farm,Susan Shapiro,2025,5,20,8:40,WRF Main,No,G,Eastern Meadowlark,0,0,0,0,0,0,0,
Weir River Farm,Susan Shapiro,2025,5,20,8:18,WRF Main,No,H,Eastern Meadowlark,0,0,0,0,0,0,0,
Weir River Farm,Susan Shapiro,2025,5,20,8:25,WRF West,No,I,Eastern Meadowlark,0,0,0,0,0,0,0,
Weir River Farm,Susan Shapiro,2025,5,20,9:05,WRF Main,No,J,Eastern Meadowlark,0,0,0,0,0,0,0,
Weir River Farm,Denise McCabe,2025,5,26,9:22,Turkey Hill Field,No,A,Bobolink,1,0,1,0,0,0,1,
Weir River Farm,Denise McCabe,2025,5,26,9:57,Turkey Hill Field,No,B,Bobolink,0,0,0,0,0,0,0,
Weir River Farm,Denise McCabe,2025,5,26,9:49,Turkey Hill Field,No,C,Bobolink,0,0,0,0,0,0,0,
Weir River Farm,Denise McCabe,2025,5,26,9:36,Turkey Hill Field,No,D,Bobolink,0,0,0,0,0,0,0,
Weir River Farm,Denise McCabe,2025,5,26,9:29,Turkey Hill Field,No,E,Bobolink,0,0,0,0,0,0,0,
Weir River Farm,Denise McCabe,2025,5,26,9:11,WRF Main,No,F,Bobolink,0,0,0,0,0,0,0,
Weir River Farm,Denise McCabe,2025,5,26,8:47,WRF Main,No,G,Bobolink,0,0,0,0,0,0,0,
Weir River Farm,Denise McCabe,2025,5,26,8:32,WRF Main,No,H,Bobolink,2,0,2,1,0,1,3,
Weir River Farm,Denise McCabe,2025,5,26,8:35,WRF West,No,I,Bobolink,1,1,2,1,0,1,3,
Weir River Farm,Denise McCabe,2025,5,26,9:02,WRF Main,No,J,Bobolink,1,2,3,1,0,1,4,
Weir River Farm,Denise McCabe,2025,5,26,9:22,Turkey Hill Field,No,A,Savannah Sparrow,0,0,0,0,0,0,0,
Weir River Farm,Denise McCabe,2025,5,26,9:57,Turkey Hill Field,No,B,Savannah Sparrow,0,0,0,0,0,0,0,
Weir River Farm,Denise McCabe,2025,5,26,9:49,Turkey Hill Field,No,C,Savannah Sparrow,0,0,0,0,0,0,0,
Weir River Farm,Denise McCabe,2025,5,26,9:36,Turkey Hill Field,No,D,Savannah Sparrow,0,0,0,0,0,0,0,
Weir River Farm,Denise McCabe,2025,5,26,9:29,Turkey Hill Field,No,E,Savannah Sparrow,0,0,0,0,0,0,0,
Weir River Farm,Denise McCabe,2025,5,26,9:11,WRF Main,No,F,Savannah Sparrow,0,0,0,0,0,0,0,
Weir River Farm,Denise McCabe,2025,5,26,8:47,WRF Main,No,G,Savannah Sparrow,0,0,0,0,0,0,0,
Weir River Farm,Denise McCabe,2025,5,26,8:32,WRF Main,No,H,Savannah Sparrow,0,0,0,0,0,0,0,
Weir River Farm,Denise McCabe,2025,5,26,8:35,WRF West,No,I,Savannah Sparrow,0,0,0,0,0,0,0,
Weir River Farm,Denise McCabe,2025,5,26,9:02,WRF Main,No,J,Savannah Sparrow,0,0,0,0,0,0,0,
Weir River Farm,Denise McCabe,2025,5,26,9:22,Turkey Hill Field,No,A,Grasshopper Sparrow,0,0,0,0,0,0,0,
Weir River Farm,Denise McCabe,2025,5,26,9:57,Turkey Hill Field,No,B,Grasshopper Sparrow,0,0,0,0,0,0,0,
Weir River Farm,Denise McCabe,2025,5,26,9:49,Turkey Hill Field,No,C,Grasshopper Sparrow,0,0,0,0,0,0,0,
Weir River Farm,Denise McCabe,2025,5,26,9:36,Turkey Hill Field,No,D,Grasshopper Sparrow,0,0,0,0,0,0,0,
Weir River Farm,Denise McCabe,2025,5,26,9:29,Turkey Hill Field,No,E,Grasshopper Sparrow,0,0,0,0,0,0,0,
Weir River Farm,Denise McCabe,2025,5,26,9:11,WRF Main,No,F,Grasshopper Sparrow,0,0,0,0,0,0,0,
Weir River Farm,Denise McCabe,2025,5,26,8:47,WRF Main,No,G,Grasshopper Sparrow,0,0,0,0,0,0,0,
Weir River Farm,Denise McCabe,2025,5,26,8:32,WRF Main,No,H,Grasshopper Sparrow,0,0,0,0,0,0,0,
Weir River Farm,Denise McCabe,2025,5,26,8:35,WRF West,No,I,Grasshopper Sparrow,0,0,0,0,0,0,0,
Weir River Farm,Denise McCabe,2025,5,26,9:02,WRF Main,No,J,Grasshopper Sparrow,0,0,0,0,0,0,0,
Weir River Farm,Denise McCabe,2025,5,26,9:22,Turkey Hill Field,No,A,Eastern Meadowlark,0,0,0,0,0,0,0,
Weir River Farm,Denise McCabe,2025,5,26,9:57,Turkey Hill Field,No,B,Eastern Meadowlark,0,0,0,0,0,0,0,
Weir River Farm,Denise McCabe,2025,5,26,9:49,Turkey Hill Field,No,C,Eastern Meadowlark,0,0,0,0,0,0,0,
Weir River Farm,Denise McCabe,2025,5,26,9:36,Turkey Hill Field,No,D,Eastern Meadowlark,0,0,0,0,0,0,0,
Weir River Farm,Denise McCabe,2025,5,26,9:29,Turkey Hill Field,No,E,Eastern Meadowlark,0,0,0,0,0,0,0,
Weir River Farm,Denise McCabe,2025,5,26,9:11,WRF Main,No,F,Eastern Meadowlark,0,0,0,0,0,0,0,
Weir River Farm,Denise McCabe,2025,5,26,8:47,WRF Main,No,G,Eastern Meadowlark,0,0,0,0,0,0,0,
Weir River Farm,Denise McCabe,2025,5,26,8:32,WRF Main,No,H,Eastern Meadowlark,0,0,0,0,0,0,0,
Weir River Farm,Denise McCabe,2025,5,26,8:35,WRF West,No,I,Eastern Meadowlark,0,0,0,0,0,0,0,
Weir River Farm,Denise McCabe,2025,5,26,9:02,WRF Main,No,J,Eastern Meadowlark,0,0,0,0,0,0,0,
Weir River Farm,Mia Meletta,2025,5,30,8:00,Turkey Hill Field,No,A,Bobolink,0,0,0,0,0,0,0,
Weir River Farm,Mia Meletta,2025,5,30,8:30,Turkey Hill Field,No,B,Bobolink,0,0,0,0,0,0,0,
Weir River Farm,Mia Meletta,2025,5,30,8:40,Turkey Hill Field,No,C,Bobolink,0,0,0,0,0,0,0,
Weir River Farm,Mia Meletta,2025,5,30,8:15,Turkey Hill Field,No,D,Bobolink,0,0,0,0,0,0,0,
Weir River Farm,Mia Meletta,2025,5,30,8:08,Turkey Hill Field,No,E,Bobolink,0,0,0,0,0,0,0,
Weir River Farm,Mia Meletta,2025,5,30,8:54,WRF Main,No,F,Bobolink,0,0,0,0,0,0,0,
Weir River Farm,Mia Meletta,2025,5,30,9:03,WRF Main,No,G,Bobolink,0,0,0,0,0,0,0,
Weir River Farm,Mia Meletta,2025,5,30,9:11,WRF Main,No,H,Bobolink,0,0,0,0,0,0,0,
Weir River Farm,Mia Meletta,2025,5,30,9:16,WRF West,No,I,Bobolink,0,0,0,0,0,0,0,
Weir River Farm,Mia Meletta,2025,5,30,9:23,WRF Main,No,J,Bobolink,0,0,0,0,0,0,0,
Weir River Farm,Mia Meletta,2025,5,30,8:00,Turkey Hill Field,No,A,Savannah Sparrow,0,0,0,0,0,0,0,
Weir River Farm,Mia Meletta,2025,5,30,8:30,Turkey Hill Field,No,B,Savannah Sparrow,0,0,0,0,0,0,0,
Weir River Farm,Mia Meletta,2025,5,30,8:40,Turkey Hill Field,No,C,Savannah Sparrow,0,0,0,0,0,0,0,
Weir River Farm,Mia Meletta,2025,5,30,8:15,Turkey Hill Field,No,D,Savannah Sparrow,0,0,0,0,0,0,0,
Weir River Farm,Mia Meletta,2025,5,30,8:08,Turkey Hill Field,No,E,Savannah Sparrow,0,0,0,0,0,0,0,
Weir River Farm,Mia Meletta,2025,5,30,8:54,WRF Main,No,F,Savannah Sparrow,0,0,0,0,0,0,0,
Weir River Farm,Mia Meletta,2025,5,30,9:03,WRF Main,No,G,Savannah Sparrow,0,0,0,0,0,0,0,
Weir River Farm,Mia Meletta,2025,5,30,9:11,WRF Main,No,H,Savannah Sparrow,0,0,1,0,0,0,1,
Weir River Farm,Mia Meletta,2025,5,30,9:16,WRF West,No,I,Savannah Sparrow,0,0,0,0,0,0,0,
Weir River Farm,Mia Meletta,2025,5,30,9:23,WRF Main,No,J,Savannah Sparrow,0,0,0,0,0,0,0,
Weir River Farm,Mia Meletta,2025,5,30,8:00,Turkey Hill Field,No,A,Grasshopper Sparrow,0,0,0,0,0,0,0,
Weir River Farm,Mia Meletta,2025,5,30,8:30,Turkey Hill Field,No,B,Grasshopper Sparrow,0,0,0,0,0,0,0,
Weir River Farm,Mia Meletta,2025,5,30,8:40,Turkey Hill Field,No,C,Grasshopper Sparrow,0,0,0,0,0,0,0,
Weir River Farm,Mia Meletta,2025,5,30,8:15,Turkey Hill Field,No,D,Grasshopper Sparrow,0,0,0,0,0,0,0,
Weir River Farm,Mia Meletta,2025,5,30,8:08,Turkey Hill Field,No,E,Grasshopper Sparrow,0,0,0,0,0,0,0,
Weir River Farm,Mia Meletta,2025,5,30,8:54,WRF Main,No,F,Grasshopper Sparrow,0,0,0,0,0,0,0,
Weir River Farm,Mia Meletta,2025,5,30,9:03,WRF Main,No,G,Grasshopper Sparrow,0,0,0,0,0,0,0,
Weir River Farm,Mia Meletta,2025,5,30,9:11,WRF Main,No,H,Grasshopper Sparrow,0,0,0,0,0,0,0,
Weir River Farm,Mia Meletta,2025,5,30,9:16,WRF West,No,I,Grasshopper Sparrow,0,0,0,0,0,0,0,
Weir River Farm,Mia Meletta,2025,5,30,9:23,WRF Main,No,J,Grasshopper Sparrow,0,0,0,0,0,0,0,
Weir River Farm,Mia Meletta,2025,5,30,8:00,Turkey Hill Field,No,A,Eastern Meadowlark,0,0,0,0,0,0,0,
Weir River Farm,Mia Meletta,2025,5,30,8:30,Turkey Hill Field,No,B,Eastern Meadowlark,0,0,0,0,0,0,0,
Weir River Farm,Mia Meletta,2025,5,30,8:40,Turkey Hill Field,No,C,Eastern Meadowlark,0,0,0,0,0,0,0,
Weir River Farm,Mia Meletta,2025,5,30,8:15,Turkey Hill Field,No,D,Eastern Meadowlark,0,0,0,0,0,0,0,
Weir River Farm,Mia Meletta,2025,5,30,8:08,Turkey Hill Field,No,E,Eastern Meadowlark,0,0,0,0,0,0,0,
Weir River Farm,Mia Meletta,2025,5,30,8:54,WRF Main,No,F,Eastern Meadowlark,0,0,0,0,0,0,0,
Weir River Farm,Mia Meletta,2025,5,30,9:03,WRF Main,No,G,Eastern Meadowlark,0,0,0,0,0,0,0,
Weir River Farm,Mia Meletta,2025,5,30,9:11,WRF Main,No,H,Eastern Meadowlark,0,0,0,0,0,0,0,
Weir River Farm,Mia Meletta,2025,5,30,9:16,WRF West,No,I,Eastern Meadowlark,0,0,0,0,0,0,0,
Weir River Farm,Mia Meletta,2025,5,30,9:23,WRF Main,No,J,Eastern Meadowlark,0,0,0,0,0,0,0,
Weir River Farm,Owen MacDougall,2025,5,28,8:53,Turkey Hill Field,No,A,Bobolink,0,0,0,0,0,0,0,
Weir River Farm,Owen MacDougall,2025,5,28,9:30,Turkey Hill Field,No,B,Bobolink,0,0,0,0,0,0,0,
Weir River Farm,Owen MacDougall,2025,5,28,9:20,Turkey Hill Field,No,C,Bobolink,0,0,0,0,0,0,0,
Weir River Farm,Owen MacDougall,2025,5,28,9:10,Turkey Hill Field,No,D,Bobolink,0,0,0,0,0,0,0,
Weir River Farm,Owen MacDougall,2025,5,28,9:03,Turkey Hill Field,No,E,Bobolink,0,0,0,0,0,0,0,
Weir River Farm,Owen MacDougall,2025,5,28,8:42,WRF Main,No,F,Bobolink,0,0,0,0,0,0,0,
Weir River Farm,Owen MacDougall,2025,5,28,8:27,WRF Main,No,G,Bobolink,0,0,0,0,0,0,0,
Weir River Farm,Owen MacDougall,2025,5,28,8:20,WRF Main,No,H,Bobolink,0,0,0,0,0,0,0,
Weir River Farm,Owen MacDougall,2025,5,28,8:20,WRF West,No,I,Bobolink,0,0,0,0,0,0,0,
Weir River Farm,Owen MacDougall,2025,5,28,9:40,WRF Main,No,J,Bobolink,0,0,0,0,0,0,0,
Weir River Farm,Owen MacDougall,2025,5,28,8:53,Turkey Hill Field,No,A,Savannah Sparrow,0,0,0,0,0,0,0,
Weir River Farm,Owen MacDougall,2025,5,28,9:30,Turkey Hill Field,No,B,Savannah Sparrow,0,0,0,0,0,0,0,
Weir River Farm,Owen MacDougall,2025,5,28,9:20,Turkey Hill Field,No,C,Savannah Sparrow,0,0,0,0,0,0,0,
Weir River Farm,Owen MacDougall,2025,5,28,9:10,Turkey Hill Field,No,D,Savannah Sparrow,0,0,0,0,0,0,0,
Weir River Farm,Owen MacDougall,2025,5,28,9:03,Turkey Hill Field,No,E,Savannah Sparrow,0,0,0,0,0,0,0,
Weir River Farm,Owen MacDougall,2025,5,28,8:42,WRF Main,No,F,Savannah Sparrow,0,0,0,0,0,0,0,
Weir River Farm,Owen MacDougall,2025,5,28,8:27,WRF Main,No,G,Savannah Sparrow,0,0,0,0,0,0,0,
Weir River Farm,Owen MacDougall,2025,5,28,8:20,WRF Main,No,H,Savannah Sparrow,0,0,0,0,0,0,0,
Weir River Farm,Owen MacDougall,2025,5,28,8:20,WRF West,No,I,Savannah Sparrow,0,0,0,0,0,0,0,
Weir River Farm,Owen MacDougall,2025,5,28,9:40,WRF Main,No,J,Savannah Sparrow,0,0,0,0,0,0,0,
Weir River Farm,Owen MacDougall,2025,5,28,8:53,Turkey Hill Field,No,A,Grasshopper Sparrow,0,0,0,0,0,0,0,
Weir River Farm,Owen MacDougall,2025,5,28,9:30,Turkey Hill Field,No,B,Grasshopper Sparrow,0,0,0,0,0,0,0,
Weir River Farm,Owen MacDougall,2025,5,28,9:20,Turkey Hill Field,No,C,Grasshopper Sparrow,0,0,0,0,0,0,0,
Weir River Farm,Owen MacDougall,2025,5,28,9:10,Turkey Hill Field,No,D,Grasshopper Sparrow,0,0,0,0,0,0,0,
Weir River Farm,Owen MacDougall,2025,5,28,9:03,Turkey Hill Field,No,E,Grasshopper Sparrow,0,0,0,0,0,0,0,
Weir River Farm,Owen MacDougall,2025,5,28,8:42,WRF Main,No,F,Grasshopper Sparrow,0,0,0,0,0,0,0,
Weir River Farm,Owen MacDougall,2025,5,28,8:27,WRF Main,No,G,Grasshopper Sparrow,0,0,0,0,0,0,0,
Weir River Farm,Owen MacDougall,2025,5,28,8:20,WRF Main,No,H,Grasshopper Sparrow,0,0,0,0,0,0,0,
Weir River Farm,Owen MacDougall,2025,5,28,8:20,WRF West,No,I,Grasshopper Sparrow,0,0,0,0,0,0,0,
Weir River Farm,Owen MacDougall,2025,5,28,9:40,WRF Main,No,J,Grasshopper Sparrow,0,0,0,0,0,0,0,
Weir River Farm,Owen MacDougall,2025,5,28,8:53,Turkey Hill Field,No,A,Eastern Meadowlark,0,0,0,1,1,2,2,
Weir River Farm,Owen MacDougall,2025,5,28,9:30,Turkey Hill Field,No,B,Eastern Meadowlark,0,0,0,0,0,0,0,
Weir River Farm,Owen MacDougall,2025,5,28,9:20,Turkey Hill Field,No,C,Eastern Meadowlark,0,0,0,0,0,0,0,
Weir River Farm,Owen MacDougall,2025,5,28,9:10,Turkey Hill Field,No,D,Eastern Meadowlark,0,0,0,0,0,0,0,
Weir River Farm,Owen MacDougall,2025,5,28,9:03,Turkey Hill Field,No,E,Eastern Meadowlark,0,0,0,0,0,0,0,
Weir River Farm,Owen MacDougall,2025,5,28,8:42,WRF Main,No,F,Eastern Meadowlark,0,0,0,0,0,0,0,
Weir River Farm,Owen MacDougall,2025,5,28,8:27,WRF Main,No,G,Eastern Meadowlark,0,0,0,0,0,0,0,
Weir River Farm,Owen MacDougall,2025,5,28,8:20,WRF Main,No,H,Eastern Meadowlark,0,0,0,0,0,0,0,
Weir River Farm,Owen MacDougall,2025,5,28,8:20,WRF West,No,I,Eastern Meadowlark,0,0,0,0,0,0,0,
Weir River Farm,Owen MacDougall,2025,5,28,9:40,WRF Main,No,J,Eastern Meadowlark,0,0,0,0,0,0,0,
Weir River Farm,Sally Avery,2025,5,26,8:50,Turkey Hill Field,No,A,Bobolink,0,0,0,0,0,0,0,
Weir River Farm,Sally Avery,2025,5,26,8:00,Turkey Hill Field,No,B,Bobolink,1,1,2,0,0,0,2,
Weir River Farm,Sally Avery,2025,5,26,8:10,Turkey Hill Field,No,C,Bobolink,0,0,0,0,0,0,0,
Weir River Farm,Sally Avery,2025,5,26,8:25,Turkey Hill Field,No,D,Bobolink,0,0,0,0,0,0,0,
Weir River Farm,Sally Avery,2025,5,26,8:35,Turkey Hill Field,No,E,Bobolink,0,0,0,0,0,0,0,
Weir River Farm,Sally Avery,2025,5,26,8:50,Turkey Hill Field,No,A,Savannah Sparrow,0,0,0,0,0,0,0,
Weir River Farm,Sally Avery,2025,5,26,8:00,Turkey Hill Field,No,B,Savannah Sparrow,0,0,0,0,0,0,0,
Weir River Farm,Sally Avery,2025,5,26,8:10,Turkey Hill Field,No,C,Savannah Sparrow,0,0,0,0,0,0,0,
Weir River Farm,Sally Avery,2025,5,26,8:25,Turkey Hill Field,No,D,Savannah Sparrow,0,0,0,0,0,0,0,
Weir River Farm,Sally Avery,2025,5,26,8:35,Turkey Hill Field,No,E,Savannah Sparrow,0,0,0,0,0,0,0,
Weir River Farm,Sally Avery,2025,5,26,8:50,Turkey Hill Field,No,A,Grasshopper Sparrow,0,0,0,0,0,0,0,
Weir River Farm,Sally Avery,2025,5,26,8:00,Turkey Hill Field,No,B,Grasshopper Sparrow,0,0,0,0,0,0,0,
Weir River Farm,Sally Avery,2025,5,26,8:10,Turkey Hill Field,No,C,Grasshopper Sparrow,0,0,0,0,0,0,0,
Weir River Farm,Sally Avery,2025,5,26,8:25,Turkey Hill Field,No,D,Grasshopper Sparrow,0,0,0,0,0,0,0,
Weir River Farm,Sally Avery,2025,5,26,8:35,Turkey Hill Field,No,E,Grasshopper Sparrow,0,0,0,0,0,0,0,
Weir River Farm,Sally Avery,2025,5,26,8:50,Turkey Hill Field,No,A,Eastern Meadowlark,0,0,0,0,0,0,0,
Weir River Farm,Sally Avery,2025,5,26,8:00,Turkey Hill Field,No,B,Eastern Meadowlark,0,0,0,0,0,0,0,
Weir River Farm,Sally Avery,2025,5,26,8:10,Turkey Hill Field,No,C,Eastern Meadowlark,0,0,0,0,0,0,0,
Weir River Farm,Sally Avery,2025,5,26,8:25,Turkey Hill Field,No,D,Eastern Meadowlark,0,0,0,0,0,0,0,
Weir River Farm,Sally Avery,2025,5,26,8:35,Turkey Hill Field,No,E,Eastern Meadowlark,0,0,0,0,0,0,0,
Weir River Farm,Sally Avery,2025,6,2,8:03,Turkey Hill Field,No,A,Bobolink,0,0,0,0,0,0,0,
Weir River Farm,Sally Avery,2025,6,2,8:20,Turkey Hill Field,No,B,Bobolink,1,0,1,0,0,0,1,
Weir River Farm,Sally Avery,2025,6,2,8:26,Turkey Hill Field,No,C,Bobolink,0,0,0,0,0,0,0,
Weir River Farm,Sally Avery,2025,6,2,8:40,Turkey Hill Field,No,D,Bobolink,0,0,0,0,0,0,0,
Weir River Farm,Sally Avery,2025,6,2,8:49,Turkey Hill Field,No,E,Bobolink,0,0,0,0,0,0,0,
Weir River Farm,Sally Avery,2025,6,2,8:03,Turkey Hill Field,No,A,Savannah Sparrow,0,0,0,0,0,0,0,
Weir River Farm,Sally Avery,2025,6,2,8:20,Turkey Hill Field,No,B,Savannah Sparrow,0,0,0,0,0,0,0,
Weir River Farm,Sally Avery,2025,6,2,8:26,Turkey Hill Field,No,C,Savannah Sparrow,0,0,0,0,0,0,0,
Weir River Farm,Sally Avery,2025,6,2,8:40,Turkey Hill Field,No,D,Savannah Sparrow,0,0,0,0,0,0,0,
Weir River Farm,Sally Avery,2025,6,2,8:49,Turkey Hill Field,No,E,Savannah Sparrow,0,0,0,0,0,0,0,
Weir River Farm,Sally Avery,2025,6,2,8:03,Turkey Hill Field,No,A,Grasshopper Sparrow,0,0,0,0,0,0,0,
Weir River Farm,Sally Avery,2025,6,2,8:20,Turkey Hill Field,No,B,Grasshopper Sparrow,0,0,0,0,0,0,0,
Weir River Farm,Sally Avery,2025,6,2,8:26,Turkey Hill Field,No,C,Grasshopper Sparrow,0,0,0,0,0,0,0,
Weir River Farm,Sally Avery,2025,6,2,8:40,Turkey Hill Field,No,D,Grasshopper Sparrow,0,0,0,0,0,0,0,
Weir River Farm,Sally Avery,2025,6,2,8:49,Turkey Hill Field,No,E,Grasshopper Sparrow,0,0,0,0,0,0,0,
Weir River Farm,Sally Avery,2025,6,2,8:03,Turkey Hill Field,No,A,Eastern Meadowlark,0,0,0,0,0,0,0,
Weir River Farm,Sally Avery,2025,6,2,8:20,Turkey Hill Field,No,B,Eastern Meadowlark,0,0,0,0,0,0,0,
Weir River Farm,Sally Avery,2025,6,2,8:26,Turkey Hill Field,No,C,Eastern Meadowlark,0,0,0,0,0,0,0,
Weir River Farm,Sally Avery,2025,6,2,8:40,Turkey Hill Field,No,D,Eastern Meadowlark,0,0,0,0,0,0,0,
Weir River Farm,Sally Avery,2025,6,2,8:49,Turkey Hill Field,No,E,Eastern Meadowlark,0,0,0,0,0,0,0,
Weir River Farm,Susan Shapiro,2025,6,4,9:20,WRF Main,No,F,Bobolink,0,0,0,0,0,1,1,Bird heard not seen
Weir River Farm,Susan Shapiro,2025,6,4,8:35,WRF Main,No,G,Bobolink,0,0,0,0,0,0,0,
Weir River Farm,Susan Shapiro,2025,6,4,8:14,WRF Main,No,H,Bobolink,0,0,0,1,0,1,1,
Weir River Farm,Susan Shapiro,2025,6,4,8:00,WRF West,No,I,Bobolink,0,0,0,1,0,1,1,
Weir River Farm,Susan Shapiro,2025,6,4,9:00,WRF Main,No,J,Bobolink,0,0,0,1,0,1,1,
Weir River Farm,Susan Shapiro,2025,6,4,9:20,WRF Main,No,F,Savannah Sparrow,0,0,0,0,0,0,0,
Weir River Farm,Susan Shapiro,2025,6,4,8:35,WRF Main,No,G,Savannah Sparrow,0,0,0,0,0,0,0,
Weir River Farm,Susan Shapiro,2025,6,4,8:14,WRF Main,No,H,Savannah Sparrow,0,0,0,0,0,0,0,
Weir River Farm,Susan Shapiro,2025,6,4,8:00,WRF West,No,I,Savannah Sparrow,0,0,0,0,0,0,0,
Weir River Farm,Susan Shapiro,2025,6,4,9:00,WRF Main,No,J,Savannah Sparrow,0,0,0,0,0,0,0,
Weir River Farm,Susan Shapiro,2025,6,4,9:20,WRF Main,No,F,Grasshopper Sparrow,0,0,0,0,0,0,0,
Weir River Farm,Susan Shapiro,2025,6,4,8:35,WRF Main,No,G,Grasshopper Sparrow,0,0,0,0,0,0,0,
Weir River Farm,Susan Shapiro,2025,6,4,8:14,WRF Main,No,H,Grasshopper Sparrow,0,0,0,0,0,0,0,
Weir River Farm,Susan Shapiro,2025,6,4,8:00,WRF West,No,I,Grasshopper Sparrow,0,0,0,0,0,0,0,
Weir River Farm,Susan Shapiro,2025,6,4,9:00,WRF Main,No,J,Grasshopper Sparrow,0,0,0,0,0,0,0,
Weir River Farm,Susan Shapiro,2025,6,4,9:20,WRF Main,No,F,Eastern Meadowlark,0,0,0,0,0,0,0,
Weir River Farm,Susan Shapiro,2025,6,4,8:35,WRF Main,No,G,Eastern Meadowlark,0,0,0,0,0,0,0,
Weir River Farm,Susan Shapiro,2025,6,4,8:14,WRF Main,No,H,Eastern Meadowlark,0,0,0,0,0,0,0,
Weir River Farm,Susan Shapiro,2025,6,4,8:00,WRF West,No,I,Eastern Meadowlark,0,0,0,0,0,0,0,
Weir River Farm,Susan Shapiro,2025,6,4,9:00,WRF Main,No,J,Eastern Meadowlark,0,0,0,0,0,0,0,
Weir River Farm,Sally Avery,2025,6,9,8:54,Turkey Hill Field,No,A,Bobolink,0,0,0,0,0,0,0,
Weir River Farm,Sally Avery,2025,6,9,8:08,Turkey Hill Field,No,B,Bobolink,1,0,1,0,0,0,1,
Weir River Farm,Sally Avery,2025,6,9,8:20,Turkey Hill Field,No,C,Bobolink,0,0,0,0,0,0,0,
Weir River Farm,Sally Avery,2025,6,9,8:33,Turkey Hill Field,No,D,Bobolink,0,0,0,0,0,0,0,
Weir River Farm,Sally Avery,2025,6,9,8:46,Turkey Hill Field,No,E,Bobolink,0,0,0,0,0,0,0,
Weir River Farm,Sally Avery,2025,6,9,8:54,Turkey Hill Field,No,A,Savannah Sparrow,0,0,0,0,0,0,0,
Weir River Farm,Sally Avery,2025,6,9,8:08,Turkey Hill Field,No,B,Savannah Sparrow,0,0,0,0,0,0,0,
Weir River Farm,Sally Avery,2025,6,9,8:20,Turkey Hill Field,No,C,Savannah Sparrow,0,0,0,0,0,0,0,
Weir River Farm,Sally Avery,2025,6,9,8:33,Turkey Hill Field,No,D,Savannah Sparrow,0,0,0,0,0,0,0,
Weir River Farm,Sally Avery,2025,6,9,8:46,Turkey Hill Field,No,E,Savannah Sparrow,0,0,0,0,0,0,0,
Weir River Farm,Sally Avery,2025,6,9,8:54,Turkey Hill Field,No,A,Grasshopper Sparrow,0,0,0,0,0,0,0,
Weir River Farm,Sally Avery,2025,6,9,8:08,Turkey Hill Field,No,B,Grasshopper Sparrow,0,0,0,0,0,0,0,
Weir River Farm,Sally Avery,2025,6,9,8:20,Turkey Hill Field,No,C,Grasshopper Sparrow,0,0,0,0,0,0,0,
Weir River Farm,Sally Avery,2025,6,9,8:33,Turkey Hill Field,No,D,Grasshopper Sparrow,0,0,0,0,0,0,0,
Weir River Farm,Sally Avery,2025,6,9,8:46,Turkey Hill Field,No,E,Grasshopper Sparrow,0,0,0,0,0,0,0,
Weir River Farm,Sally Avery,2025,6,9,8:54,Turkey Hill Field,No,A,Eastern Meadowlark,0,0,0,0,0,0,0,
Weir River Farm,Sally Avery,2025,6,9,8:08,Turkey Hill Field,No,B,Eastern Meadowlark,0,0,0,0,0,0,0,
Weir River Farm,Sally Avery,2025,6,9,8:20,Turkey Hill Field,No,C,Eastern Meadowlark,0,0,0,0,0,0,0,
Weir River Farm,Sally Avery,2025,6,9,8:33,Turkey Hill Field,No,D,Eastern Meadowlark,0,0,0,0,0,0,0,
Weir River Farm,Sally Avery,2025,6,9,8:46,Turkey Hill Field,No,E,Eastern Meadowlark,0,0,0,0,0,0,0,
Weir River Farm,Denise McCabe,2025,6,19,8:52,Turkey Hill Field,No,A,Bobolink,0,0,0,0,0,0,0,
Weir River Farm,Denise McCabe,2025,6,19,9:33,Turkey Hill Field,No,B,Bobolink,0,0,0,0,0,0,0,
Weir River Farm,Denise McCabe,2025,6,19,9:25,Turkey Hill Field,No,C,Bobolink,0,0,0,0,0,0,0,
Weir River Farm,Denise McCabe,2025,6,19,9:12,Turkey Hill Field,No,D,Bobolink,0,0,0,0,0,0,0,
Weir River Farm,Denise McCabe,2025,6,19,9:05,Turkey Hill Field,No,E,Bobolink,0,0,0,0,0,0,0,
Weir River Farm,Denise McCabe,2025,6,19,9:42,WRF Main,No,F,Bobolink,0,0,0,0,0,0,0,
Weir River Farm,Denise McCabe,2025,6,19,8:39,WRF Main,No,G,Bobolink,0,0,0,0,0,0,0,
Weir River Farm,Denise McCabe,2025,6,19,8:22,WRF Main,No,H,Bobolink,0,0,0,0,0,0,0,
Weir River Farm,Denise McCabe,2025,6,19,8:28,WRF West,No,I,Bobolink,0,0,0,0,0,0,0,
Weir River Farm,Denise McCabe,2025,6,19,9:53,WRF Main,No,J,Bobolink,0,0,0,0,0,0,0,
Weir River Farm,Denise McCabe,2025,6,19,8:52,Turkey Hill Field,No,A,Savannah Sparrow,0,0,0,0,0,0,0,
Weir River Farm,Denise McCabe,2025,6,19,9:33,Turkey Hill Field,No,B,Savannah Sparrow,0,0,0,0,0,0,0,
Weir River Farm,Denise McCabe,2025,6,19,9:25,Turkey Hill Field,No,C,Savannah Sparrow,0,0,0,0,0,0,0,
Weir River Farm,Denise McCabe,2025,6,19,9:12,Turkey Hill Field,No,D,Savannah Sparrow,0,0,0,0,0,0,0,
Weir River Farm,Denise McCabe,2025,6,19,9:05,Turkey Hill Field,No,E,Savannah Sparrow,0,0,0,0,0,0,0,
Weir River Farm,Denise McCabe,2025,6,19,9:42,WRF Main,No,F,Savannah Sparrow,0,0,0,0,0,0,0,
Weir River Farm,Denise McCabe,2025,6,19,8:39,WRF Main,No,G,Savannah Sparrow,0,0,0,0,0,0,0,
Weir River Farm,Denise McCabe,2025,6,19,8:22,WRF Main,No,H,Savannah Sparrow,0,0,0,0,0,0,0,
Weir River Farm,Denise McCabe,2025,6,19,8:28,WRF West,No,I,Savannah Sparrow,0,0,0,0,0,0,0,
Weir River Farm,Denise McCabe,2025,6,19,9:53,WRF Main,No,J,Savannah Sparrow,0,0,0,0,0,0,0,
Weir River Farm,Denise McCabe,2025,6,19,8:52,Turkey Hill Field,No,A,Grasshopper Sparrow,0,0,0,0,0,0,0,
Weir River Farm,Denise McCabe,2025,6,19,9:33,Turkey Hill Field,No,B,Grasshopper Sparrow,0,0,0,0,0,0,0,
Weir River Farm,Denise McCabe,2025,6,19,9:25,Turkey Hill Field,No,C,Grasshopper Sparrow,0,0,0,0,0,0,0,
Weir River Farm,Denise McCabe,2025,6,19,9:12,Turkey Hill Field,No,D,Grasshopper Sparrow,0,0,0,0,0,0,0,
Weir River Farm,Denise McCabe,2025,6,19,9:05,Turkey Hill Field,No,E,Grasshopper Sparrow,0,0,0,0,0,0,0,
Weir River Farm,Denise McCabe,2025,6,19,9:42,WRF Main,No,F,Grasshopper Sparrow,0,0,0,0,0,0,0,
Weir River Farm,Denise McCabe,2025,6,19,8:39,WRF Main,No,G,Grasshopper Sparrow,0,0,0,0,0,0,0,
Weir River Farm,Denise McCabe,2025,6,19,8:22,WRF Main,No,H,Grasshopper Sparrow,0,0,0,0,0,0,0,
Weir River Farm,Denise McCabe,2025,6,19,8:28,WRF West,No,I,Grasshopper Sparrow,0,0,0,0,0,0,0,
Weir River Farm,Denise McCabe,2025,6,19,9:53,WRF Main,No,J,Grasshopper Sparrow,0,0,0,0,0,0,0,
Weir River Farm,Denise McCabe,2025,6,19,8:52,Turkey Hill Field,No,A,Eastern Meadowlark,0,0,0,0,0,0,0,
Weir River Farm,Denise McCabe,2025,6,19,9:33,Turkey Hill Field,No,B,Eastern Meadowlark,0,0,0,0,0,0,0,
Weir River Farm,Denise McCabe,2025,6,19,9:25,Turkey Hill Field,No,C,Eastern Meadowlark,0,0,0,0,0,0,0,
Weir River Farm,Denise McCabe,2025,6,19,9:12,Turkey Hill Field,No,D,Eastern Meadowlark,0,0,0,0,0,0,0,
Weir River Farm,Denise McCabe,2025,6,19,9:05,Turkey Hill Field,No,E,Eastern Meadowlark,0,0,0,0,0,0,0,
Weir River Farm,Denise McCabe,2025,6,19,9:42,WRF Main,No,F,Eastern Meadowlark,0,0,0,0,0,0,0,
Weir River Farm,Denise McCabe,2025,6,19,8:39,WRF Main,No,G,Eastern Meadowlark,0,0,0,0,0,0,0,
Weir River Farm,Denise McCabe,2025,6,19,8:22,WRF Main,No,H,Eastern Meadowlark,0,0,0,0,0,0,0,
Weir River Farm,Denise McCabe,2025,6,19,8:28,WRF West,No,I,Eastern Meadowlark,0,0,0,1,0,1,1,
Weir River Farm,Denise McCabe,2025,6,19,9:53,WRF Main,No,J,Eastern Meadowlark,0,0,0,0,0,0,0,
Weir River Farm,Sally Avery,2025,6,23,8:48,Turkey Hill Field,No,A,Bobolink,0,0,0,0,0,0,0,
Weir River Farm,Sally Avery,2025,6,23,8:01,Turkey Hill Field,No,B,Bobolink,1,0,1,0,0,0,1,
Weir River Farm,Sally Avery,2025,6,23,8:09,Turkey Hill Field,No,C,Bobolink,0,0,0,0,0,0,0,
Weir River Farm,Sally Avery,2025,6,23,8:23,Turkey Hill Field,No,D,Bobolink,0,0,0,0,0,0,0,
Weir River Farm,Sally Avery,2025,6,23,8:32,Turkey Hill Field,No,E,Bobolink,0,0,0,0,0,0,0,
Weir River Farm,Sally Avery,2025,6,23,8:48,Turkey Hill Field,No,A,Savannah Sparrow,0,0,0,0,0,0,0,
Weir River Farm,Sally Avery,2025,6,23,8:01,Turkey Hill Field,No,B,Savannah Sparrow,0,0,0,0,0,0,0,
Weir River Farm,Sally Avery,2025,6,23,8:09,Turkey Hill Field,No,C,Savannah Sparrow,0,0,0,0,0,0,0,
Weir River Farm,Sally Avery,2025,6,23,8:23,Turkey Hill Field,No,D,Savannah Sparrow,0,0,0,0,0,0,0,
Weir River Farm,Sally Avery,2025,6,23,8:32,Turkey Hill Field,No,E,Savannah Sparrow,0,0,0,0,0,0,0,
Weir River Farm,Sally Avery,2025,6,23,8:48,Turkey Hill Field,No,A,Grasshopper Sparrow,0,0,0,0,0,0,0,
Weir River Farm,Sally Avery,2025,6,23,8:01,Turkey Hill Field,No,B,Grasshopper Sparrow,0,0,0,0,0,0,0,
Weir River Farm,Sally Avery,2025,6,23,8:09,Turkey Hill Field,No,C,Grasshopper Sparrow,0,0,0,0,0,0,0,
Weir River Farm,Sally Avery,2025,6,23,8:23,Turkey Hill Field,No,D,Grasshopper Sparrow,0,0,0,0,0,0,0,
Weir River Farm,Sally Avery,2025,6,23,8:32,Turkey Hill Field,No,E,Grasshopper Sparrow,0,0,0,0,0,0,0,
Weir River Farm,Sally Avery,2025,6,23,8:48,Turkey Hill Field,No,A,Eastern Meadowlark,0,0,0,0,0,0,0,
Weir River Farm,Sally Avery,2025,6,23,8:01,Turkey Hill Field,No,B,Eastern Meadowlark,0,0,0,0,0,0,0,
Weir River Farm,Sally Avery,2025,6,23,8:09,Turkey Hill Field,No,C,Eastern Meadowlark,0,0,0,0,0,0,0,
Weir River Farm,Sally Avery,2025,6,23,8:23,Turkey Hill Field,No,D,Eastern Meadowlark,0,0,0,0,0,0,0,
Weir River Farm,Sally Avery,2025,6,23,8:32,Turkey Hill Field,No,E,Eastern Meadowlark,0,0,0,0,0,0,0,
Weir River Farm,Susan Shapiro,2025,6,12,8:52,WRF Main,No,F,Bobolink,0,0,0,0,0,0,0,
Weir River Farm,Susan Shapiro,2025,6,12,8:10,WRF Main,No,G,Bobolink,0,0,0,0,0,0,0,
Weir River Farm,Susan Shapiro,2025,6,12,7:50,WRF Main,No,H,Bobolink,0,0,0,0,0,0,0,
Weir River Farm,Susan Shapiro,2025,6,12,7:40,WRF West,No,I,Bobolink,0,0,0,0,0,0,0,
Weir River Farm,Susan Shapiro,2025,6,12,8:40,WRF Main,No,J,Bobolink,0,0,0,0,0,0,0,
Weir River Farm,Susan Shapiro,2025,6,12,8:52,WRF Main,No,F,Savannah Sparrow,0,0,0,0,0,0,0,
Weir River Farm,Susan Shapiro,2025,6,12,8:10,WRF Main,No,G,Savannah Sparrow,0,0,0,0,0,0,0,
Weir River Farm,Susan Shapiro,2025,6,12,7:50,WRF Main,No,H,Savannah Sparrow,0,0,0,0,0,0,0,
Weir River Farm,Susan Shapiro,2025,6,12,7:40,WRF West,No,I,Savannah Sparrow,0,0,0,0,0,0,0,
Weir River Farm,Susan Shapiro,2025,6,12,8:40,WRF Main,No,J,Savannah Sparrow,0,0,0,0,0,0,0,
Weir River Farm,Susan Shapiro,2025,6,12,8:52,WRF Main,No,F,Grasshopper Sparrow,0,0,0,0,0,0,0,
Weir River Farm,Susan Shapiro,2025,6,12,8:10,WRF Main,No,G,Grasshopper Sparrow,0,0,0,0,0,0,0,
Weir River Farm,Susan Shapiro,2025,6,12,7:50,WRF Main,No,H,Grasshopper Sparrow,0,0,0,0,0,0,0,
Weir River Farm,Susan Shapiro,2025,6,12,7:40,WRF West,No,I,Grasshopper Sparrow,0,0,0,0,0,0,0,
Weir River Farm,Susan Shapiro,2025,6,12,8:40,WRF Main,No,J,Grasshopper Sparrow,0,0,0,0,0,0,0,
Weir River Farm,Susan Shapiro,2025,6,12,8:52,WRF Main,No,F,Eastern Meadowlark,0,0,0,0,0,0,0,
Weir River Farm,Susan Shapiro,2025,6,12,8:10,WRF Main,No,G,Eastern Meadowlark,0,0,0,0,0,0,0,
Weir River Farm,Susan Shapiro,2025,6,12,7:50,WRF Main,No,H,Eastern Meadowlark,0,0,0,0,0,0,0,
Weir River Farm,Susan Shapiro,2025,6,12,7:40,WRF West,No,I,Eastern Meadowlark,0,0,0,0,0,0,0,
Weir River Farm,Susan Shapiro,2025,6,12,8:40,WRF Main,No,J,Eastern Meadowlark,0,0,0,0,0,0,0,
Weir River Farm,Owen MacDougall,2025,6,28,8:15,Turkey Hill Field,No,A,Bobolink,0,0,0,0,0,0,0,
Weir River Farm,Owen MacDougall,2025,6,28,8:49,Turkey Hill Field,No,B,Bobolink,0,0,0,0,0,0,0,
Weir River Farm,Owen MacDougall,2025,6,28,8:42,Turkey Hill Field,No,C,Bobolink,0,0,0,0,0,0,0,
Weir River Farm,Owen MacDougall,2025,6,28,8:30,Turkey Hill Field,No,D,Bobolink,0,0,0,0,0,0,0,
Weir River Farm,Owen MacDougall,2025,6,28,8:22,Turkey Hill Field,No,E,Bobolink,0,0,0,0,0,0,0,
Weir River Farm,Owen MacDougall,2025,6,28,8:07,WRF Main,No,F,Bobolink,0,0,0,0,0,0,0,
Weir River Farm,Owen MacDougall,2025,6,28,7:45,WRF Main,No,G,Bobolink,0,0,0,0,0,0,0,
Weir River Farm,Owen MacDougall,2025,6,28,7:37,WRF Main,No,H,Bobolink,0,0,0,0,0,0,0,
Weir River Farm,Owen MacDougall,2025,6,28,7:32,WRF West,No,I,Bobolink,0,0,0,1,0,1,1,
Weir River Farm,Owen MacDougall,2025,6,28,7:57,WRF Main,No,J,Bobolink,0,0,0,0,0,0,0,
Weir River Farm,Owen MacDougall,2025,6,28,8:15,Turkey Hill Field,No,A,Savannah Sparrow,0,0,0,0,0,0,0,
Weir River Farm,Owen MacDougall,2025,6,28,8:49,Turkey Hill Field,No,B,Savannah Sparrow,0,0,0,0,0,0,0,
Weir River Farm,Owen MacDougall,2025,6,28,8:42,Turkey Hill Field,No,C,Savannah Sparrow,0,0,0,0,0,0,0,
Weir River Farm,Owen MacDougall,2025,6,28,8:30,Turkey Hill Field,No,D,Savannah Sparrow,0,0,0,0,0,0,0,
Weir River Farm,Owen MacDougall,2025,6,28,8:22,Turkey Hill Field,No,E,Savannah Sparrow,0,0,0,0,0,0,0,
Weir River Farm,Owen MacDougall,2025,6,28,8:07,WRF Main,No,F,Savannah Sparrow,0,0,0,0,0,0,0,
Weir River Farm,Owen MacDougall,2025,6,28,7:45,WRF Main,No,G,Savannah Sparrow,0,0,0,0,0,0,0,
Weir River Farm,Owen MacDougall,2025,6,28,7:37,WRF Main,No,H,Savannah Sparrow,1,0,1,0,0,0,1,
Weir River Farm,Owen MacDougall,2025,6,28,7:32,WRF West,No,I,Savannah Sparrow,0,0,0,0,0,0,0,
Weir River Farm,Owen MacDougall,2025,6,28,7:57,WRF Main,No,J,Savannah Sparrow,0,0,0,0,0,0,0,
Weir River Farm,Owen MacDougall,2025,6,28,8:15,Turkey Hill Field,No,A,Grasshopper Sparrow,0,0,0,0,0,0,0,
Weir River Farm,Owen MacDougall,2025,6,28,8:49,Turkey Hill Field,No,B,Grasshopper Sparrow,0,0,0,0,0,0,0,
Weir River Farm,Owen MacDougall,2025,6,28,8:42,Turkey Hill Field,No,C,Grasshopper Sparrow,0,0,0,0,0,0,0,
Weir River Farm,Owen MacDougall,2025,6,28,8:30,Turkey Hill Field,No,D,Grasshopper Sparrow,0,0,0,0,0,0,0,
Weir River Farm,Owen MacDougall,2025,6,28,8:22,Turkey Hill Field,No,E,Grasshopper Sparrow,0,0,0,0,0,0,0,
Weir River Farm,Owen MacDougall,2025,6,28,8:07,WRF Main,No,F,Grasshopper Sparrow,0,0,0,0,0,0,0,
Weir River Farm,Owen MacDougall,2025,6,28,7:45,WRF Main,No,G,Grasshopper Sparrow,0,0,0,0,0,0,0,
Weir River Farm,Owen MacDougall,2025,6,28,7:37,WRF Main,No,H,Grasshopper Sparrow,0,0,0,0,0,0,0,
Weir River Farm,Owen MacDougall,2025,6,28,7:32,WRF West,No,I,Grasshopper Sparrow,0,0,0,0,0,0,0,
Weir River Farm,Owen MacDougall,2025,6,28,7:57,WRF Main,No,J,Grasshopper Sparrow,0,0,0,0,0,0,0,
Weir River Farm,Owen MacDougall,2025,6,28,8:15,Turkey Hill Field,No,A,Eastern Meadowlark,0,0,0,0,0,0,0,
Weir River Farm,Owen MacDougall,2025,6,28,8:49,Turkey Hill Field,No,B,Eastern Meadowlark,0,0,0,0,0,0,0,
Weir River Farm,Owen MacDougall,2025,6,28,8:42,Turkey Hill Field,No,C,Eastern Meadowlark,0,0,0,0,0,0,0,
Weir River Farm,Owen MacDougall,2025,6,28,8:30,Turkey Hill Field,No,D,Eastern Meadowlark,0,0,0,0,0,0,0,
Weir River Farm,Owen MacDougall,2025,6,28,8:22,Turkey Hill Field,No,E,Eastern Meadowlark,0,0,0,0,0,0,0,
Weir River Farm,Owen MacDougall,2025,6,28,8:07,WRF Main,No,F,Eastern Meadowlark,0,0,0,0,0,0,0,
Weir River Farm,Owen MacDougall,2025,6,28,7:45,WRF Main,No,G,Eastern Meadowlark,0,0,0,0,0,0,0,
Weir River Farm,Owen MacDougall,2025,6,28,7:37,WRF Main,No,H,Eastern Meadowlark,0,0,0,0,0,0,0,
Weir River Farm,Owen MacDougall,2025,6,28,7:32,WRF West,No,I,Eastern Meadowlark,0,0,0,0,0,0,0,
Weir River Farm,Owen MacDougall,2025,6,28,7:57,WRF Main,No,J,Eastern Meadowlark,0,0,0,0,0,0,0,
Weir River Farm,Mia Meletta,2025,6,16,NA,Turkey Hill Field,No,A,Bobolink,0,0,0,0,0,0,0,
Weir River Farm,Mia Meletta,2025,6,16,NA,Turkey Hill Field,No,B,Bobolink,0,0,0,0,0,0,0,
Weir River Farm,Mia Meletta,2025,6,16,NA,Turkey Hill Field,No,C,Bobolink,0,0,0,0,0,0,0,
Weir River Farm,Mia Meletta,2025,6,16,NA,Turkey Hill Field,No,D,Bobolink,0,0,0,0,0,0,0,
Weir River Farm,Mia Meletta,2025,6,16,NA,Turkey Hill Field,No,E,Bobolink,0,0,0,0,0,0,0,
Weir River Farm,Mia Meletta,2025,6,16,NA,WRF Main,No,F,Bobolink,0,0,0,0,0,0,0,
Weir River Farm,Mia Meletta,2025,6,16,NA,WRF Main,No,G,Bobolink,0,0,0,0,0,0,0,
Weir River Farm,Mia Meletta,2025,6,16,NA,WRF Main,No,H,Bobolink,0,0,0,0,0,0,0,
Weir River Farm,Mia Meletta,2025,6,16,NA,WRF West,No,I,Bobolink,0,0,0,0,0,0,0,
Weir River Farm,Mia Meletta,2025,6,16,NA,WRF Main,No,J,Bobolink,0,0,0,0,0,0,0,
Weir River Farm,Mia Meletta,2025,6,16,NA,Turkey Hill Field,No,A,Savannah Sparrow,0,0,0,0,0,0,0,
Weir River Farm,Mia Meletta,2025,6,16,NA,Turkey Hill Field,No,B,Savannah Sparrow,0,0,0,0,0,0,0,
Weir River Farm,Mia Meletta,2025,6,16,NA,Turkey Hill Field,No,C,Savannah Sparrow,0,0,0,0,0,0,0,
Weir River Farm,Mia Meletta,2025,6,16,NA,Turkey Hill Field,No,D,Savannah Sparrow,0,0,0,0,0,0,0,
Weir River Farm,Mia Meletta,2025,6,16,NA,Turkey Hill Field,No,E,Savannah Sparrow,0,0,0,0,0,0,0,
Weir River Farm,Mia Meletta,2025,6,16,NA,WRF Main,No,F,Savannah Sparrow,0,0,0,0,0,0,0,
Weir River Farm,Mia Meletta,2025,6,16,NA,WRF Main,No,G,Savannah Sparrow,0,0,0,0,0,0,0,
Weir River Farm,Mia Meletta,2025,6,16,NA,WRF Main,No,H,Savannah Sparrow,0,0,0,0,0,0,0,
Weir River Farm,Mia Meletta,2025,6,16,NA,WRF West,No,I,Savannah Sparrow,0,0,0,0,0,0,0,
Weir River Farm,Mia Meletta,2025,6,16,NA,WRF Main,No,J,Savannah Sparrow,0,0,0,0,0,0,0,
Weir River Farm,Mia Meletta,2025,6,16,NA,Turkey Hill Field,No,A,Grasshopper Sparrow,0,0,0,0,0,0,0,
Weir River Farm,Mia Meletta,2025,6,16,NA,Turkey Hill Field,No,B,Grasshopper Sparrow,0,0,0,0,0,0,0,
Weir River Farm,Mia Meletta,2025,6,16,NA,Turkey Hill Field,No,C,Grasshopper Sparrow,0,0,0,0,0,0,0,
Weir River Farm,Mia Meletta,2025,6,16,NA,Turkey Hill Field,No,D,Grasshopper Sparrow,0,0,0,0,0,0,0,
Weir River Farm,Mia Meletta,2025,6,16,NA,Turkey Hill Field,No,E,Grasshopper Sparrow,0,0,0,0,0,0,0,
Weir River Farm,Mia Meletta,2025,6,16,NA,WRF Main,No,F,Grasshopper Sparrow,0,0,0,0,0,0,0,
Weir River Farm,Mia Meletta,2025,6,16,NA,WRF Main,No,G,Grasshopper Sparrow,0,0,0,0,0,0,0,
Weir River Farm,Mia Meletta,2025,6,16,NA,WRF Main,No,H,Grasshopper Sparrow,0,0,0,0,0,0,0,
Weir River Farm,Mia Meletta,2025,6,16,NA,WRF West,No,I,Grasshopper Sparrow,0,0,0,0,0,0,0,
Weir River Farm,Mia Meletta,2025,6,16,NA,WRF Main,No,J,Grasshopper Sparrow,0,0,0,0,0,0,0,
Weir River Farm,Mia Meletta,2025,6,16,NA,Turkey Hill Field,No,A,Eastern Meadowlark,0,0,0,0,0,0,0,
Weir River Farm,Mia Meletta,2025,6,16,NA,Turkey Hill Field,No,B,Eastern Meadowlark,0,0,0,0,0,0,0,
Weir River Farm,Mia Meletta,2025,6,16,NA,Turkey Hill Field,No,C,Eastern Meadowlark,0,0,0,0,0,0,0,
Weir River Farm,Mia Meletta,2025,6,16,NA,Turkey Hill Field,No,D,Eastern Meadowlark,0,0,0,0,0,0,0,
Weir River Farm,Mia Meletta,2025,6,16,NA,Turkey Hill Field,No,E,Eastern Meadowlark,0,0,0,0,0,0,0,
Weir River Farm,Mia Meletta,2025,6,16,NA,WRF Main,No,F,Eastern Meadowlark,0,0,0,0,0,0,0,
Weir River Farm,Mia Meletta,2025,6,16,NA,WRF Main,No,G,Eastern Meadowlark,0,0,0,0,0,0,0,
Weir River Farm,Mia Meletta,2025,6,16,NA,WRF Main,No,H,Eastern Meadowlark,0,0,0,0,0,0,0,
Weir River Farm,Mia Meletta,2025,6,16,NA,WRF West,No,I,Eastern Meadowlark,0,0,0,0,0,0,0,
Weir River Farm,Mia Meletta,2025,6,16,NA,WRF Main,No,J,Eastern Meadowlark,0,0,0,0,0,0,0,
Weir River Farm,Sally Avery,2025,7,1,8:59,Turkey Hill Field,No,A,Bobolink,0,0,0,0,0,0,0,
Weir River Farm,Sally Avery,2025,7,1,8:10,Turkey Hill Field,No,B,Bobolink,0,0,0,0,0,0,0,
Weir River Farm,Sally Avery,2025,7,1,8:19,Turkey Hill Field,No,C,Bobolink,0,0,0,0,0,0,0,
Weir River Farm,Sally Avery,2025,7,1,8:39,Turkey Hill Field,No,D,Bobolink,0,0,0,0,0,0,0,
Weir River Farm,Sally Avery,2025,7,1,8:49,Turkey Hill Field,No,E,Bobolink,0,0,0,0,0,0,0,
Weir River Farm,Sally Avery,2025,7,1,8:59,Turkey Hill Field,No,A,Savannah Sparrow,0,0,0,0,0,0,0,
Weir River Farm,Sally Avery,2025,7,1,8:10,Turkey Hill Field,No,B,Savannah Sparrow,0,0,0,0,0,0,0,
Weir River Farm,Sally Avery,2025,7,1,8:19,Turkey Hill Field,No,C,Savannah Sparrow,0,0,0,0,0,0,0,
Weir River Farm,Sally Avery,2025,7,1,8:39,Turkey Hill Field,No,D,Savannah Sparrow,0,0,0,0,0,0,0,
Weir River Farm,Sally Avery,2025,7,1,8:49,Turkey Hill Field,No,E,Savannah Sparrow,0,0,0,0,0,0,0,
Weir River Farm,Sally Avery,2025,7,1,8:59,Turkey Hill Field,No,A,Grasshopper Sparrow,0,0,0,0,0,0,0,
Weir River Farm,Sally Avery,2025,7,1,8:10,Turkey Hill Field,No,B,Grasshopper Sparrow,0,0,0,0,0,0,0,
Weir River Farm,Sally Avery,2025,7,1,8:19,Turkey Hill Field,No,C,Grasshopper Sparrow,0,0,0,0,0,0,0,
Weir River Farm,Sally Avery,2025,7,1,8:39,Turkey Hill Field,No,D,Grasshopper Sparrow,0,0,0,0,0,0,0,
Weir River Farm,Sally Avery,2025,7,1,8:49,Turkey Hill Field,No,E,Grasshopper Sparrow,0,0,0,0,0,0,0,
Weir River Farm,Sally Avery,2025,7,1,8:59,Turkey Hill Field,No,A,Eastern Meadowlark,0,0,0,0,0,0,0,
Weir River Farm,Sally Avery,2025,7,1,8:10,Turkey Hill Field,No,B,Eastern Meadowlark,0,0,0,0,0,0,0,
Weir River Farm,Sally Avery,2025,7,1,8:19,Turkey Hill Field,No,C,Eastern Meadowlark,0,0,0,0,0,0,0,
Weir River Farm,Sally Avery,2025,7,1,8:39,Turkey Hill Field,No,D,Eastern Meadowlark,0,0,0,0,0,0,0,
Weir River Farm,Sally Avery,2025,7,1,8:49,Turkey Hill Field,No,E,Eastern Meadowlark,0,0,0,0,0,0,0,
Weir River Farm,Sally Avery,2025,7,7,8:58,Turkey Hill Field,No,A,Bobolink,0,0,0,0,0,0,0,
Weir River Farm,Sally Avery,2025,7,7,8:03,Turkey Hill Field,No,B,Bobolink,0,0,0,0,0,0,0,
Weir River Farm,Sally Avery,2025,7,7,8:15,Turkey Hill Field,No,C,Bobolink,0,0,0,0,0,0,0,
Weir River Farm,Sally Avery,2025,7,7,8:33,Turkey Hill Field,No,D,Bobolink,0,0,0,0,0,0,0,
Weir River Farm,Sally Avery,2025,7,7,8:43,Turkey Hill Field,No,E,Bobolink,0,0,0,0,0,0,0,
Weir River Farm,Sally Avery,2025,7,7,8:58,Turkey Hill Field,No,A,Savannah Sparrow,0,0,0,0,0,0,0,
Weir River Farm,Sally Avery,2025,7,7,8:03,Turkey Hill Field,No,B,Savannah Sparrow,0,0,0,0,0,0,0,
Weir River Farm,Sally Avery,2025,7,7,8:15,Turkey Hill Field,No,C,Savannah Sparrow,0,0,0,0,0,0,0,
Weir River Farm,Sally Avery,2025,7,7,8:33,Turkey Hill Field,No,D,Savannah Sparrow,0,0,0,0,0,0,0,
Weir River Farm,Sally Avery,2025,7,7,8:43,Turkey Hill Field,No,E,Savannah Sparrow,0,0,0,0,0,0,0,
Weir River Farm,Sally Avery,2025,7,7,8:58,Turkey Hill Field,No,A,Grasshopper Sparrow,0,0,0,0,0,0,0,
Weir River Farm,Sally Avery,2025,7,7,8:03,Turkey Hill Field,No,B,Grasshopper Sparrow,0,0,0,0,0,0,0,
Weir River Farm,Sally Avery,2025,7,7,8:15,Turkey Hill Field,No,C,Grasshopper Sparrow,0,0,0,0,0,0,0,
Weir River Farm,Sally Avery,2025,7,7,8:33,Turkey Hill Field,No,D,Grasshopper Sparrow,0,0,0,0,0,0,0,
Weir River Farm,Sally Avery,2025,7,7,8:43,Turkey Hill Field,No,E,Grasshopper Sparrow,0,0,0,0,0,0,0,
Weir River Farm,Sally Avery,2025,7,7,8:58,Turkey Hill Field,No,A,Eastern Meadowlark,0,0,0,0,0,0,0,
Weir River Farm,Sally Avery,2025,7,7,8:03,Turkey Hill Field,No,B,Eastern Meadowlark,0,0,0,0,0,0,0,
Weir River Farm,Sally Avery,2025,7,7,8:15,Turkey Hill Field,No,C,Eastern Meadowlark,0,0,0,0,0,0,0,
Weir River Farm,Sally Avery,2025,7,7,8:33,Turkey Hill Field,No,D,Eastern Meadowlark,0,0,0,0,0,0,0,
Weir River Farm,Sally Avery,2025,7,7,8:43,Turkey Hill Field,No,E,Eastern Meadowlark,0,0,0,0,0,0,0,
Weir River Farm,Susan Shapiro,2025,6,26,9:20,WRF Main,No,F,Bobolink,0,0,0,0,0,0,0,
Weir River Farm,Susan Shapiro,2025,6,26,8:30,WRF Main,No,G,Bobolink,0,0,0,0,0,0,0,
Weir River Farm,Susan Shapiro,2025,6,26,8:50,WRF Main,No,H,Bobolink,0,0,0,0,0,0,0,
Weir River Farm,Susan Shapiro,2025,6,26,8:45,WRF West,No,I,Bobolink,0,0,0,0,0,0,0,
Weir River Farm,Susan Shapiro,2025,6,26,9:05,WRF Main,No,J,Bobolink,0,0,0,0,0,0,0,
Weir River Farm,Susan Shapiro,2025,6,26,9:20,WRF Main,No,F,Savannah Sparrow,0,0,0,0,0,0,0,
Weir River Farm,Susan Shapiro,2025,6,26,8:30,WRF Main,No,G,Savannah Sparrow,0,0,0,0,0,0,0,
Weir River Farm,Susan Shapiro,2025,6,26,8:50,WRF Main,No,H,Savannah Sparrow,0,0,0,0,0,0,0,
Weir River Farm,Susan Shapiro,2025,6,26,8:45,WRF West,No,I,Savannah Sparrow,0,0,0,0,0,0,0,
Weir River Farm,Susan Shapiro,2025,6,26,9:05,WRF Main,No,J,Savannah Sparrow,0,0,0,0,0,0,0,
Weir River Farm,Susan Shapiro,2025,6,26,9:20,WRF Main,No,F,Grasshopper Sparrow,0,0,0,0,0,0,0,
Weir River Farm,Susan Shapiro,2025,6,26,8:30,WRF Main,No,G,Grasshopper Sparrow,0,0,0,0,0,0,0,
Weir River Farm,Susan Shapiro,2025,6,26,8:50,WRF Main,No,H,Grasshopper Sparrow,0,0,0,0,0,0,0,
Weir River Farm,Susan Shapiro,2025,6,26,8:45,WRF West,No,I,Grasshopper Sparrow,0,0,0,0,0,0,0,
Weir River Farm,Susan Shapiro,2025,6,26,9:05,WRF Main,No,J,Grasshopper Sparrow,0,0,0,0,0,0,0,
Weir River Farm,Susan Shapiro,2025,6,26,9:20,WRF Main,No,F,Eastern Meadowlark,0,0,0,0,0,0,0,
Weir River Farm,Susan Shapiro,2025,6,26,8:30,WRF Main,No,G,Eastern Meadowlark,0,0,0,0,0,0,0,
Weir River Farm,Susan Shapiro,2025,6,26,8:50,WRF Main,No,H,Eastern Meadowlark,0,0,0,0,0,0,0,
Weir River Farm,Susan Shapiro,2025,6,26,8:45,WRF West,No,I,Eastern Meadowlark,0,0,0,0,0,0,0,
Weir River Farm,Susan Shapiro,2025,6,26,9:05,WRF Main,No,J,Eastern Meadowlark,0,0,0,0,0,0,0,
Weir River Farm,Susan Shapiro,2025,7,8,8:53,WRF Main,No,F,Bobolink,0,0,0,0,0,0,0,
Weir River Farm,Susan Shapiro,2025,7,8,8:35,WRF Main,No,G,Bobolink,0,0,0,0,0,0,0,
Weir River Farm,Susan Shapiro,2025,7,8,8:15,WRF Main,No,H,Bobolink,0,0,0,0,0,0,0,
Weir River Farm,Susan Shapiro,2025,7,8,8:05,WRF West,No,I,Bobolink,0,0,0,0,0,0,0,
Weir River Farm,Susan Shapiro,2025,7,8,9:15,WRF Main,No,J,Bobolink,0,0,0,0,0,0,0,
Weir River Farm,Susan Shapiro,2025,7,8,8:53,WRF Main,No,F,Savannah Sparrow,0,0,0,0,0,0,0,
Weir River Farm,Susan Shapiro,2025,7,8,8:35,WRF Main,No,G,Savannah Sparrow,0,0,0,0,0,0,0,
Weir River Farm,Susan Shapiro,2025,7,8,8:15,WRF Main,No,H,Savannah Sparrow,0,0,0,0,0,0,0,
Weir River Farm,Susan Shapiro,2025,7,8,8:05,WRF West,No,I,Savannah Sparrow,0,0,0,0,0,0,0,
Weir River Farm,Susan Shapiro,2025,7,8,9:15,WRF Main,No,J,Savannah Sparrow,0,0,0,0,0,0,0,
Weir River Farm,Susan Shapiro,2025,7,8,8:53,WRF Main,No,F,Grasshopper Sparrow,0,0,0,0,0,0,0,
Weir River Farm,Susan Shapiro,2025,7,8,8:35,WRF Main,No,G,Grasshopper Sparrow,0,0,0,0,0,0,0,
Weir River Farm,Susan Shapiro,2025,7,8,8:15,WRF Main,No,H,Grasshopper Sparrow,0,0,0,0,0,0,0,
Weir River Farm,Susan Shapiro,2025,7,8,8:05,WRF West,No,I,Grasshopper Sparrow,0,0,0,0,0,0,0,
Weir River Farm,Susan Shapiro,2025,7,8,9:15,WRF Main,No,J,Grasshopper Sparrow,0,0,0,0,0,0,0,
Weir River Farm,Susan Shapiro,2025,7,8,8:53,WRF Main,No,F,Eastern Meadowlark,0,0,0,0,0,0,0,
Weir River Farm,Susan Shapiro,2025,7,8,8:35,WRF Main,No,G,Eastern Meadowlark,0,0,0,0,0,0,0,
Weir River Farm,Susan Shapiro,2025,7,8,8:15,WRF Main,No,H,Eastern Meadowlark,0,0,0,0,0,0,0,
Weir River Farm,Susan Shapiro,2025,7,8,8:05,WRF West,No,I,Eastern Meadowlark,0,0,0,0,0,0,0,
Weir River Farm,Susan Shapiro,2025,7,8,9:15,WRF Main,No,J,Eastern Meadowlark,0,0,0,0,0,0,0,
Weir River Farm,Denise McCabe,2025,7,12,9:16,Turkey Hill Field,No,A,Bobolink,0,0,0,0,0,0,0,
Weir River Farm,Denise McCabe,2025,7,12,9:27,Turkey Hill Field,No,B,Bobolink,0,0,0,0,0,0,0,
Weir River Farm,Denise McCabe,2025,7,12,9:34,Turkey Hill Field,No,C,Bobolink,0,0,0,0,0,0,0,
Weir River Farm,Denise McCabe,2025,7,12,9:53,Turkey Hill Field,No,D,Bobolink,0,0,0,0,0,0,0,
Weir River Farm,Denise McCabe,2025,7,12,9:46,Turkey Hill Field,No,E,Bobolink,0,0,0,0,0,0,0,
Weir River Farm,Denise McCabe,2025,7,12,9:06,WRF Main,No,F,Bobolink,0,0,0,0,0,0,0,
Weir River Farm,Denise McCabe,2025,7,12,8:42,WRF Main,No,G,Bobolink,0,0,0,0,0,0,0,
Weir River Farm,Denise McCabe,2025,7,12,8:25,WRF Main,No,H,Bobolink,0,0,0,0,0,0,0,
Weir River Farm,Denise McCabe,2025,7,12,8:31,WRF West,No,I,Bobolink,0,0,0,0,0,0,0,
Weir River Farm,Denise McCabe,2025,7,12,8:54,WRF Main,No,J,Bobolink,0,0,0,0,0,0,0,
Weir River Farm,Denise McCabe,2025,7,12,9:16,Turkey Hill Field,No,A,Savannah Sparrow,0,0,1,0,0,1,2,
Weir River Farm,Denise McCabe,2025,7,12,9:27,Turkey Hill Field,No,B,Savannah Sparrow,0,0,0,0,0,0,0,
Weir River Farm,Denise McCabe,2025,7,12,9:34,Turkey Hill Field,No,C,Savannah Sparrow,0,0,0,0,0,0,0,
Weir River Farm,Denise McCabe,2025,7,12,9:53,Turkey Hill Field,No,D,Savannah Sparrow,0,0,0,0,0,0,0,
Weir River Farm,Denise McCabe,2025,7,12,9:46,Turkey Hill Field,No,E,Savannah Sparrow,0,0,0,0,0,0,0,
Weir River Farm,Denise McCabe,2025,7,12,9:06,WRF Main,No,F,Savannah Sparrow,0,0,0,0,0,0,0,
Weir River Farm,Denise McCabe,2025,7,12,8:42,WRF Main,No,G,Savannah Sparrow,0,0,0,0,0,0,0,
Weir River Farm,Denise McCabe,2025,7,12,8:25,WRF Main,No,H,Savannah Sparrow,0,0,0,0,0,0,0,
Weir River Farm,Denise McCabe,2025,7,12,8:31,WRF West,No,I,Savannah Sparrow,0,0,0,0,0,0,0,
Weir River Farm,Denise McCabe,2025,7,12,8:54,WRF Main,No,J,Savannah Sparrow,0,0,0,0,0,0,0,
Weir River Farm,Denise McCabe,2025,7,12,9:16,Turkey Hill Field,No,A,Grasshopper Sparrow,0,0,0,0,0,0,0,
Weir River Farm,Denise McCabe,2025,7,12,9:27,Turkey Hill Field,No,B,Grasshopper Sparrow,0,0,0,0,0,0,0,
Weir River Farm,Denise McCabe,2025,7,12,9:34,Turkey Hill Field,No,C,Grasshopper Sparrow,0,0,0,0,0,0,0,
Weir River Farm,Denise McCabe,2025,7,12,9:53,Turkey Hill Field,No,D,Grasshopper Sparrow,0,0,0,0,0,0,0,
Weir River Farm,Denise McCabe,2025,7,12,9:46,Turkey Hill Field,No,E,Grasshopper Sparrow,0,0,0,0,0,0,0,
Weir River Farm,Denise McCabe,2025,7,12,9:06,WRF Main,No,F,Grasshopper Sparrow,0,0,0,0,0,0,0,
Weir River Farm,Denise McCabe,2025,7,12,8:42,WRF Main,No,G,Grasshopper Sparrow,0,0,0,0,0,0,0,
Weir River Farm,Denise McCabe,2025,7,12,8:25,WRF Main,No,H,Grasshopper Sparrow,0,0,0,0,0,0,0,
Weir River Farm,Denise McCabe,2025,7,12,8:31,WRF West,No,I,Grasshopper Sparrow,0,0,0,0,0,0,0,
Weir River Farm,Denise McCabe,2025,7,12,8:54,WRF Main,No,J,Grasshopper Sparrow,0,0,0,0,0,0,0,
Weir River Farm,Denise McCabe,2025,7,12,9:16,Turkey Hill Field,No,A,Eastern Meadowlark,0,0,0,0,0,0,0,
Weir River Farm,Denise McCabe,2025,7,12,9:27,Turkey Hill Field,No,B,Eastern Meadowlark,0,0,0,0,0,0,0,
Weir River Farm,Denise McCabe,2025,7,12,9:34,Turkey Hill Field,No,C,Eastern Meadowlark,0,0,0,0,0,0,0,
Weir River Farm,Denise McCabe,2025,7,12,9:53,Turkey Hill Field,No,D,Eastern Meadowlark,0,0,0,0,0,0,0,
Weir River Farm,Denise McCabe,2025,7,12,9:46,Turkey Hill Field,No,E,Eastern Meadowlark,0,0,0,0,0,0,0,
Weir River Farm,Denise McCabe,2025,7,12,9:06,WRF Main,No,F,Eastern Meadowlark,0,0,0,0,0,0,0,
Weir River Farm,Denise McCabe,2025,7,12,8:42,WRF Main,No,G,Eastern Meadowlark,0,0,0,0,0,0,0,
Weir River Farm,Denise McCabe,2025,7,12,8:25,WRF Main,No,H,Eastern Meadowlark,0,0,0,0,0,0,0,
Weir River Farm,Denise McCabe,2025,7,12,8:31,WRF West,No,I,Eastern Meadowlark,0,0,0,0,0,0,0,
Weir River Farm,Denise McCabe,2025,7,12,8:54,WRF Main,No,J,Eastern Meadowlark,0,0,0,0,0,0,0,
Weir River Farm,Sally Avery,2025,7,14,8:43,Turkey Hill Field,No,A,Bobolink,0,0,0,0,0,0,0,
Weir River Farm,Sally Avery,2025,7,14,8:02,Turkey Hill Field,No,B,Bobolink,0,0,0,0,0,0,0,
Weir River Farm,Sally Avery,2025,7,14,8:11,Turkey Hill Field,No,C,Bobolink,0,0,0,0,0,0,0,
Weir River Farm,Sally Avery,2025,7,14,8:21,Turkey Hill Field,No,D,Bobolink,0,0,0,0,0,0,0,
Weir River Farm,Sally Avery,2025,7,14,8:32,Turkey Hill Field,No,E,Bobolink,0,0,0,0,0,0,0,
Weir River Farm,Sally Avery,2025,7,14,8:43,Turkey Hill Field,No,A,Savannah Sparrow,0,0,0,0,0,0,0,
Weir River Farm,Sally Avery,2025,7,14,8:02,Turkey Hill Field,No,B,Savannah Sparrow,0,0,0,0,0,0,0,
Weir River Farm,Sally Avery,2025,7,14,8:11,Turkey Hill Field,No,C,Savannah Sparrow,0,0,0,0,0,0,0,
Weir River Farm,Sally Avery,2025,7,14,8:21,Turkey Hill Field,No,D,Savannah Sparrow,0,0,0,0,0,0,0,
Weir River Farm,Sally Avery,2025,7,14,8:32,Turkey Hill Field,No,E,Savannah Sparrow,0,0,0,0,0,0,0,
Weir River Farm,Sally Avery,2025,7,14,8:43,Turkey Hill Field,No,A,Grasshopper Sparrow,0,0,0,0,0,0,0,
Weir River Farm,Sally Avery,2025,7,14,8:02,Turkey Hill Field,No,B,Grasshopper Sparrow,0,0,0,0,0,0,0,
Weir River Farm,Sally Avery,2025,7,14,8:11,Turkey Hill Field,No,C,Grasshopper Sparrow,0,0,0,0,0,0,0,
Weir River Farm,Sally Avery,2025,7,14,8:21,Turkey Hill Field,No,D,Grasshopper Sparrow,0,0,0,0,0,0,0,
Weir River Farm,Sally Avery,2025,7,14,8:32,Turkey Hill Field,No,E,Grasshopper Sparrow,0,0,0,0,0,0,0,
Weir River Farm,Sally Avery,2025,7,14,8:43,Turkey Hill Field,No,A,Eastern Meadowlark,0,0,0,0,0,0,0,
Weir River Farm,Sally Avery,2025,7,14,8:02,Turkey Hill Field,No,B,Eastern Meadowlark,0,0,0,0,0,0,0,
Weir River Farm,Sally Avery,2025,7,14,8:11,Turkey Hill Field,No,C,Eastern Meadowlark,0,0,0,0,0,0,0,
Weir River Farm,Sally Avery,2025,7,14,8:21,Turkey Hill Field,No,D,Eastern Meadowlark,0,0,0,0,0,0,0,
Weir River Farm,Sally Avery,2025,7,14,8:32,Turkey Hill Field,No,E,Eastern Meadowlark,0,0,0,0,0,0,0,
Weir River Farm,Susan Shapiro,2025,7,15,9:00,WRF Main,No,F,Bobolink,0,0,0,0,0,0,0,
Weir River Farm,Susan Shapiro,2025,7,15,8:30,WRF Main,No,G,Bobolink,0,0,0,0,0,0,0,
Weir River Farm,Susan Shapiro,2025,7,15,8:15,WRF Main,No,H,Bobolink,0,0,0,0,0,0,0,
Weir River Farm,Susan Shapiro,2025,7,15,8:05,WRF West,No,I,Bobolink,0,0,0,0,0,0,0,
Weir River Farm,Susan Shapiro,2025,7,15,9:10,WRF Main,No,J,Bobolink,0,0,0,0,1,1,1,
Weir River Farm,Susan Shapiro,2025,7,15,9:00,WRF Main,No,F,Savannah Sparrow,0,0,0,0,0,0,0,
Weir River Farm,Susan Shapiro,2025,7,15,8:30,WRF Main,No,G,Savannah Sparrow,0,0,0,0,0,0,0,
Weir River Farm,Susan Shapiro,2025,7,15,8:15,WRF Main,No,H,Savannah Sparrow,0,0,0,0,0,0,0,
Weir River Farm,Susan Shapiro,2025,7,15,8:05,WRF West,No,I,Savannah Sparrow,0,0,0,0,0,0,0,
Weir River Farm,Susan Shapiro,2025,7,15,9:10,WRF Main,No,J,Savannah Sparrow,0,0,0,0,0,0,0,
Weir River Farm,Susan Shapiro,2025,7,15,9:00,WRF Main,No,F,Grasshopper Sparrow,0,0,0,0,0,0,0,
Weir River Farm,Susan Shapiro,2025,7,15,8:30,WRF Main,No,G,Grasshopper Sparrow,0,0,0,0,0,0,0,
Weir River Farm,Susan Shapiro,2025,7,15,8:15,WRF Main,No,H,Grasshopper Sparrow,0,0,0,0,0,0,0,
Weir River Farm,Susan Shapiro,2025,7,15,8:05,WRF West,No,I,Grasshopper Sparrow,0,0,0,0,0,0,0,
Weir River Farm,Susan Shapiro,2025,7,15,9:10,WRF Main,No,J,Grasshopper Sparrow,0,0,0,0,0,0,0,
Weir River Farm,Susan Shapiro,2025,7,15,9:00,WRF Main,No,F,Eastern Meadowlark,0,0,0,0,0,0,0,
Weir River Farm,Susan Shapiro,2025,7,15,8:30,WRF Main,No,G,Eastern Meadowlark,0,0,0,0,0,0,0,
Weir River Farm,Susan Shapiro,2025,7,15,8:15,WRF Main,No,H,Eastern Meadowlark,0,0,0,0,0,0,0,
Weir River Farm,Susan Shapiro,2025,7,15,8:05,WRF West,No,I,Eastern Meadowlark,0,0,0,0,0,0,0,
Weir River Farm,Susan Shapiro,2025,7,15,9:10,WRF Main,No,J,Eastern Meadowlark,0,0,0,0,0,0,0,
Weir River Farm,Owen MacDougall,2025,7,13,9:00,Turkey Hill Field,No,A,Bobolink,0,0,0,0,0,0,0,
Weir River Farm,Owen MacDougall,2025,7,13,9:23,Turkey Hill Field,No,B,Bobolink,0,0,0,0,0,0,0,
Weir River Farm,Owen MacDougall,2025,7,13,9:30,Turkey Hill Field,No,C,Bobolink,0,0,0,0,0,0,0,
Weir River Farm,Owen MacDougall,2025,7,13,9:14,Turkey Hill Field,No,D,Bobolink,0,0,0,0,0,0,0,
Weir River Farm,Owen MacDougall,2025,7,13,9:07,Turkey Hill Field,No,E,Bobolink,0,0,0,0,0,0,0,
Weir River Farm,Owen MacDougall,2025,7,13,8:52,WRF Main,No,F,Bobolink,0,0,0,0,0,0,0,
Weir River Farm,Owen MacDougall,2025,7,13,8:27,WRF Main,No,G,Bobolink,0,0,0,0,0,0,0,
Weir River Farm,Owen MacDougall,2025,7,13,8:19,WRF Main,No,H,Bobolink,0,0,0,0,0,0,0,
Weir River Farm,Owen MacDougall,2025,7,13,8:19,WRF West,No,I,Bobolink,0,0,0,0,0,0,0,
Weir River Farm,Owen MacDougall,2025,7,13,8:44,WRF Main,No,J,Bobolink,0,0,0,0,0,0,0,
Weir River Farm,Owen MacDougall,2025,7,13,9:00,Turkey Hill Field,No,A,Savannah Sparrow,0,0,0,0,0,0,0,
Weir River Farm,Owen MacDougall,2025,7,13,9:23,Turkey Hill Field,No,B,Savannah Sparrow,0,0,0,0,0,0,0,
Weir River Farm,Owen MacDougall,2025,7,13,9:30,Turkey Hill Field,No,C,Savannah Sparrow,0,0,0,0,0,0,0,
Weir River Farm,Owen MacDougall,2025,7,13,9:14,Turkey Hill Field,No,D,Savannah Sparrow,0,0,0,0,0,0,0,
Weir River Farm,Owen MacDougall,2025,7,13,9:07,Turkey Hill Field,No,E,Savannah Sparrow,0,0,0,0,0,0,0,
Weir River Farm,Owen MacDougall,2025,7,13,8:52,WRF Main,No,F,Savannah Sparrow,0,0,0,0,0,0,0,
Weir River Farm,Owen MacDougall,2025,7,13,8:27,WRF Main,No,G,Savannah Sparrow,0,0,0,0,0,0,0,
Weir River Farm,Owen MacDougall,2025,7,13,8:19,WRF Main,No,H,Savannah Sparrow,0,0,0,0,0,0,0,
Weir River Farm,Owen MacDougall,2025,7,13,8:19,WRF West,No,I,Savannah Sparrow,0,0,0,0,0,0,0,
Weir River Farm,Owen MacDougall,2025,7,13,8:44,WRF Main,No,J,Savannah Sparrow,0,0,0,0,0,0,0,
Weir River Farm,Owen MacDougall,2025,7,13,9:00,Turkey Hill Field,No,A,Grasshopper Sparrow,0,0,0,0,0,0,0,
Weir River Farm,Owen MacDougall,2025,7,13,9:23,Turkey Hill Field,No,B,Grasshopper Sparrow,0,0,0,0,0,0,0,
Weir River Farm,Owen MacDougall,2025,7,13,9:30,Turkey Hill Field,No,C,Grasshopper Sparrow,0,0,0,0,0,0,0,
Weir River Farm,Owen MacDougall,2025,7,13,9:14,Turkey Hill Field,No,D,Grasshopper Sparrow,0,0,0,0,0,0,0,
Weir River Farm,Owen MacDougall,2025,7,13,9:07,Turkey Hill Field,No,E,Grasshopper Sparrow,0,0,0,0,0,0,0,
Weir River Farm,Owen MacDougall,2025,7,13,8:52,WRF Main,No,F,Grasshopper Sparrow,0,0,0,0,0,0,0,
Weir River Farm,Owen MacDougall,2025,7,13,8:27,WRF Main,No,G,Grasshopper Sparrow,0,0,0,0,0,0,0,
Weir River Farm,Owen MacDougall,2025,7,13,8:19,WRF Main,No,H,Grasshopper Sparrow,0,0,0,0,0,0,0,
Weir River Farm,Owen MacDougall,2025,7,13,8:19,WRF West,No,I,Grasshopper Sparrow,0,0,0,0,0,0,0,
Weir River Farm,Owen MacDougall,2025,7,13,8:44,WRF Main,No,J,Grasshopper Sparrow,0,0,0,0,0,0,0,
Weir River Farm,Owen MacDougall,2025,7,13,9:00,Turkey Hill Field,No,A,Eastern Meadowlark,0,0,0,0,0,0,0,
Weir River Farm,Owen MacDougall,2025,7,13,9:23,Turkey Hill Field,No,B,Eastern Meadowlark,0,0,0,0,0,0,0,
Weir River Farm,Owen MacDougall,2025,7,13,9:30,Turkey Hill Field,No,C,Eastern Meadowlark,0,0,0,0,0,0,0,
Weir River Farm,Owen MacDougall,2025,7,13,9:14,Turkey Hill Field,No,D,Eastern Meadowlark,0,0,0,0,0,0,0,
Weir River Farm,Owen MacDougall,2025,7,13,9:07,Turkey Hill Field,No,E,Eastern Meadowlark,0,0,0,0,0,0,0,
Weir River Farm,Owen MacDougall,2025,7,13,8:52,WRF Main,No,F,Eastern Meadowlark,0,0,0,0,0,0,0,
Weir River Farm,Owen MacDougall,2025,7,13,8:27,WRF Main,No,G,Eastern Meadowlark,0,0,0,0,0,0,0,
Weir River Farm,Owen MacDougall,2025,7,13,8:19,WRF Main,No,H,Eastern Meadowlark,0,0,0,0,0,0,0,
Weir River Farm,Owen MacDougall,2025,7,13,8:19,WRF West,No,I,Eastern Meadowlark,0,0,0,0,0,0,0,
Weir River Farm,Owen MacDougall,2025,7,13,8:44,WRF Main,No,J,Eastern Meadowlark,0,0,0,0,0,0,0,
Westport Town Farm,Mandy McBarron,2025,5,8,9:00,Lower Field,No,A,Bobolink,0,0,0,0,0,0,0,
Westport Town Farm,Mandy McBarron,2025,5,8,9:07,Lower Field,No,B,Bobolink,0,0,0,0,0,0,0,
Westport Town Farm,Mandy McBarron,2025,5,8,9:16,Lower Field,No,C,Bobolink,0,0,0,0,0,0,0,
Westport Town Farm,Mandy McBarron,2025,5,8,9:34,Lower Field,No,D,Bobolink,0,0,0,0,0,0,0,
Westport Town Farm,Mandy McBarron,2025,5,8,9:00,Lower Field,No,A,Savannah Sparrow,0,0,0,0,0,0,0,
Westport Town Farm,Mandy McBarron,2025,5,8,9:07,Lower Field,No,B,Savannah Sparrow,0,0,0,0,0,0,0,
Westport Town Farm,Mandy McBarron,2025,5,8,9:16,Lower Field,No,C,Savannah Sparrow,0,0,0,0,0,0,0,
Westport Town Farm,Mandy McBarron,2025,5,8,9:34,Lower Field,No,D,Savannah Sparrow,0,0,0,0,0,0,0,
Westport Town Farm,Mandy McBarron,2025,5,8,9:00,Lower Field,No,A,Grasshopper Sparrow,0,0,0,0,0,0,0,
Westport Town Farm,Mandy McBarron,2025,5,8,9:07,Lower Field,No,B,Grasshopper Sparrow,0,0,0,0,0,0,0,
Westport Town Farm,Mandy McBarron,2025,5,8,9:16,Lower Field,No,C,Grasshopper Sparrow,0,0,0,0,0,0,0,
Westport Town Farm,Mandy McBarron,2025,5,8,9:34,Lower Field,No,D,Grasshopper Sparrow,0,0,0,0,0,0,0,
Westport Town Farm,Mandy McBarron,2025,5,8,9:00,Lower Field,No,A,Eastern Meadowlark,0,0,0,0,0,0,0,
Westport Town Farm,Mandy McBarron,2025,5,8,9:07,Lower Field,No,B,Eastern Meadowlark,0,0,0,0,0,0,0,
Westport Town Farm,Mandy McBarron,2025,5,8,9:16,Lower Field,No,C,Eastern Meadowlark,0,0,0,0,0,1,1,Bird heard not seen
Westport Town Farm,Mandy McBarron,2025,5,8,9:34,Lower Field,No,D,Eastern Meadowlark,0,0,0,0,0,0,0,
Westport Town Farm,Mandy McBarron,2025,5,14,8:55,Lower Field,No,A,Bobolink,0,0,0,0,0,0,0,
Westport Town Farm,Mandy McBarron,2025,5,14,9:38,Lower Field,No,B,Bobolink,0,0,0,0,0,0,0,
Westport Town Farm,Mandy McBarron,2025,5,14,9:26,Lower Field,No,C,Bobolink,0,0,0,0,0,0,0,
Westport Town Farm,Mandy McBarron,2025,5,14,9:10,Lower Field,No,D,Bobolink,0,0,0,0,0,0,0,
Westport Town Farm,Mandy McBarron,2025,5,14,8:55,Lower Field,No,A,Savannah Sparrow,0,0,0,0,0,0,0,
Westport Town Farm,Mandy McBarron,2025,5,14,9:38,Lower Field,No,B,Savannah Sparrow,0,0,0,0,0,0,0,
Westport Town Farm,Mandy McBarron,2025,5,14,9:26,Lower Field,No,C,Savannah Sparrow,0,0,0,0,0,0,0,
Westport Town Farm,Mandy McBarron,2025,5,14,9:10,Lower Field,No,D,Savannah Sparrow,0,0,0,0,0,0,0,
Westport Town Farm,Mandy McBarron,2025,5,14,8:55,Lower Field,No,A,Grasshopper Sparrow,0,0,0,0,0,0,0,
Westport Town Farm,Mandy McBarron,2025,5,14,9:38,Lower Field,No,B,Grasshopper Sparrow,0,0,0,0,0,0,0,
Westport Town Farm,Mandy McBarron,2025,5,14,9:26,Lower Field,No,C,Grasshopper Sparrow,0,0,0,0,0,0,0,
Westport Town Farm,Mandy McBarron,2025,5,14,9:10,Lower Field,No,D,Grasshopper Sparrow,0,0,0,0,0,0,0,
Westport Town Farm,Mandy McBarron,2025,5,14,8:55,Lower Field,No,A,Eastern Meadowlark,0,0,0,0,0,0,0,
Westport Town Farm,Mandy McBarron,2025,5,14,9:38,Lower Field,No,B,Eastern Meadowlark,0,0,0,0,0,0,0,
Westport Town Farm,Mandy McBarron,2025,5,14,9:26,Lower Field,No,C,Eastern Meadowlark,0,0,0,0,0,0,0,
Westport Town Farm,Mandy McBarron,2025,5,14,9:10,Lower Field,No,D,Eastern Meadowlark,0,0,0,0,0,0,0,
Westport Town Farm,Troy Blodgett,2025,5,24,NA,Lower Field,No,A,Bobolink,0,0,0,0,0,0,0,
Westport Town Farm,Troy Blodgett,2025,5,24,NA,Lower Field,No,B,Bobolink,0,0,0,0,0,0,0,
Westport Town Farm,Troy Blodgett,2025,5,24,NA,Lower Field,No,C,Bobolink,0,0,0,0,0,0,0,
Westport Town Farm,Troy Blodgett,2025,5,24,NA,Lower Field,No,D,Bobolink,0,0,0,0,0,0,0,
Westport Town Farm,Troy Blodgett,2025,5,24,NA,Lower Field,No,A,Savannah Sparrow,0,0,0,0,0,0,0,
Westport Town Farm,Troy Blodgett,2025,5,24,NA,Lower Field,No,B,Savannah Sparrow,0,0,0,0,0,0,0,
Westport Town Farm,Troy Blodgett,2025,5,24,NA,Lower Field,No,C,Savannah Sparrow,0,0,0,0,0,0,0,
Westport Town Farm,Troy Blodgett,2025,5,24,NA,Lower Field,No,D,Savannah Sparrow,0,0,0,0,0,0,0,
Westport Town Farm,Troy Blodgett,2025,5,24,NA,Lower Field,No,A,Grasshopper Sparrow,0,0,0,0,0,0,0,
Westport Town Farm,Troy Blodgett,2025,5,24,NA,Lower Field,No,B,Grasshopper Sparrow,0,0,0,0,0,0,0,
Westport Town Farm,Troy Blodgett,2025,5,24,NA,Lower Field,No,C,Grasshopper Sparrow,0,0,0,0,0,0,0,
Westport Town Farm,Troy Blodgett,2025,5,24,NA,Lower Field,No,D,Grasshopper Sparrow,0,0,0,0,0,0,0,
Westport Town Farm,Troy Blodgett,2025,5,24,NA,Lower Field,No,A,Eastern Meadowlark,0,0,0,0,0,0,0,
Westport Town Farm,Troy Blodgett,2025,5,24,NA,Lower Field,No,B,Eastern Meadowlark,0,0,0,0,0,0,0,
Westport Town Farm,Troy Blodgett,2025,5,24,NA,Lower Field,No,C,Eastern Meadowlark,0,0,0,0,0,0,0,
Westport Town Farm,Troy Blodgett,2025,5,24,NA,Lower Field,No,D,Eastern Meadowlark,0,0,0,0,0,0,0,
Westport Town Farm,Mandy McBarron,2025,5,27,NA,Lower Field,No,A,Bobolink,0,0,0,0,0,0,0,
Westport Town Farm,Mandy McBarron,2025,5,27,NA,Lower Field,No,B,Bobolink,0,0,0,0,0,0,0,
Westport Town Farm,Mandy McBarron,2025,5,27,NA,Lower Field,No,C,Bobolink,0,0,0,0,0,0,0,
Westport Town Farm,Mandy McBarron,2025,5,27,NA,Lower Field,No,D,Bobolink,0,0,0,0,0,0,0,
Westport Town Farm,Mandy McBarron,2025,5,27,NA,Lower Field,No,A,Savannah Sparrow,0,0,0,0,0,0,0,
Westport Town Farm,Mandy McBarron,2025,5,27,NA,Lower Field,No,B,Savannah Sparrow,0,0,0,0,0,0,0,
Westport Town Farm,Mandy McBarron,2025,5,27,NA,Lower Field,No,C,Savannah Sparrow,0,0,0,0,0,0,0,
Westport Town Farm,Mandy McBarron,2025,5,27,NA,Lower Field,No,D,Savannah Sparrow,0,0,0,0,0,0,0,
Westport Town Farm,Mandy McBarron,2025,5,27,NA,Lower Field,No,A,Grasshopper Sparrow,0,0,0,0,0,0,0,
Westport Town Farm,Mandy McBarron,2025,5,27,NA,Lower Field,No,B,Grasshopper Sparrow,0,0,0,0,0,0,0,
Westport Town Farm,Mandy McBarron,2025,5,27,NA,Lower Field,No,C,Grasshopper Sparrow,0,0,0,0,0,0,0,
Westport Town Farm,Mandy McBarron,2025,5,27,NA,Lower Field,No,D,Grasshopper Sparrow,0,0,0,0,0,0,0,
Westport Town Farm,Mandy McBarron,2025,5,27,NA,Lower Field,No,A,Eastern Meadowlark,0,0,0,0,0,0,0,
Westport Town Farm,Mandy McBarron,2025,5,27,NA,Lower Field,No,B,Eastern Meadowlark,0,0,0,0,0,0,0,
Westport Town Farm,Mandy McBarron,2025,5,27,NA,Lower Field,No,C,Eastern Meadowlark,0,0,0,0,0,0,0,
Westport Town Farm,Mandy McBarron,2025,5,27,NA,Lower Field,No,D,Eastern Meadowlark,0,0,0,0,0,0,0,
Westport Town Farm,Mandy McBarron,2025,6,14,9:15,Lower Field,No,A,Bobolink,0,0,0,0,0,0,0,
Westport Town Farm,Mandy McBarron,2025,6,14,9:26,Lower Field,No,B,Bobolink,0,0,0,0,0,0,0,
Westport Town Farm,Mandy McBarron,2025,6,14,9:38,Lower Field,No,C,Bobolink,0,0,0,0,0,0,0,
Westport Town Farm,Mandy McBarron,2025,6,14,9:49,Lower Field,No,D,Bobolink,0,0,0,0,0,0,0,
Westport Town Farm,Mandy McBarron,2025,6,14,9:15,Lower Field,No,A,Savannah Sparrow,0,0,0,0,0,0,0,
Westport Town Farm,Mandy McBarron,2025,6,14,9:26,Lower Field,No,B,Savannah Sparrow,0,0,0,0,0,0,0,
Westport Town Farm,Mandy McBarron,2025,6,14,9:38,Lower Field,No,C,Savannah Sparrow,0,0,0,0,0,0,0,
Westport Town Farm,Mandy McBarron,2025,6,14,9:49,Lower Field,No,D,Savannah Sparrow,0,0,0,0,0,0,0,
Westport Town Farm,Mandy McBarron,2025,6,14,9:15,Lower Field,No,A,Grasshopper Sparrow,0,0,0,0,0,0,0,
Westport Town Farm,Mandy McBarron,2025,6,14,9:26,Lower Field,No,B,Grasshopper Sparrow,0,0,0,0,0,0,0,
Westport Town Farm,Mandy McBarron,2025,6,14,9:38,Lower Field,No,C,Grasshopper Sparrow,0,0,0,0,0,0,0,
Westport Town Farm,Mandy McBarron,2025,6,14,9:49,Lower Field,No,D,Grasshopper Sparrow,0,0,0,0,0,0,0,
Westport Town Farm,Mandy McBarron,2025,6,14,9:15,Lower Field,No,A,Eastern Meadowlark,0,0,0,0,0,0,0,
Westport Town Farm,Mandy McBarron,2025,6,14,9:26,Lower Field,No,B,Eastern Meadowlark,0,0,0,0,0,0,0,
Westport Town Farm,Mandy McBarron,2025,6,14,9:38,Lower Field,No,C,Eastern Meadowlark,0,0,0,0,0,0,0,
Westport Town Farm,Mandy McBarron,2025,6,14,9:49,Lower Field,No,D,Eastern Meadowlark,0,0,0,0,0,0,0,
Westport Town Farm,Mandy McBarron,2025,7,9,9:10,Lower Field,No,A,Bobolink,0,0,0,0,0,0,0,
Westport Town Farm,Mandy McBarron,2025,7,9,9:22,Lower Field,No,B,Bobolink,0,0,0,0,0,0,0,
Westport Town Farm,Mandy McBarron,2025,7,9,9:35,Lower Field,No,C,Bobolink,0,0,0,0,0,0,0,
Westport Town Farm,Mandy McBarron,2025,7,9,9:52,Lower Field,No,D,Bobolink,0,0,0,0,0,0,0,
Westport Town Farm,Mandy McBarron,2025,7,9,9:10,Lower Field,No,A,Savannah Sparrow,0,0,0,0,0,0,0,
Westport Town Farm,Mandy McBarron,2025,7,9,9:22,Lower Field,No,B,Savannah Sparrow,0,0,0,0,0,0,0,
Westport Town Farm,Mandy McBarron,2025,7,9,9:35,Lower Field,No,C,Savannah Sparrow,0,0,0,0,0,0,0,
Westport Town Farm,Mandy McBarron,2025,7,9,9:52,Lower Field,No,D,Savannah Sparrow,0,0,0,0,0,0,0,
Westport Town Farm,Mandy McBarron,2025,7,9,9:10,Lower Field,No,A,Grasshopper Sparrow,0,0,0,0,0,0,0,
Westport Town Farm,Mandy McBarron,2025,7,9,9:22,Lower Field,No,B,Grasshopper Sparrow,0,0,0,0,0,0,0,
Westport Town Farm,Mandy McBarron,2025,7,9,9:35,Lower Field,No,C,Grasshopper Sparrow,0,0,0,0,0,0,0,
Westport Town Farm,Mandy McBarron,2025,7,9,9:52,Lower Field,No,D,Grasshopper Sparrow,0,0,0,0,0,0,0,
Westport Town Farm,Mandy McBarron,2025,7,9,9:10,Lower Field,No,A,Eastern Meadowlark,0,0,0,0,0,1,1,Bird heard not seen
Westport Town Farm,Mandy McBarron,2025,7,9,9:22,Lower Field,No,B,Eastern Meadowlark,0,0,0,0,0,1,1,Bird heard not seen
Westport Town Farm,Mandy McBarron,2025,7,9,9:35,Lower Field,No,C,Eastern Meadowlark,0,0,0,0,0,0,0,
Westport Town Farm,Mandy McBarron,2025,7,9,9:52,Lower Field,No,D,Eastern Meadowlark,0,0,0,0,0,0,0,
Westport Town Farm,Troy Blodgett,2025,6,8,2:18,Lower Field,No,A,Bobolink,0,0,0,0,0,0,0,
Westport Town Farm,Troy Blodgett,2025,6,8,2:25,Lower Field,No,B,Bobolink,0,0,0,0,0,0,0,
Westport Town Farm,Troy Blodgett,2025,6,8,2:35,Lower Field,No,C,Bobolink,0,0,0,0,0,0,0,
Westport Town Farm,Troy Blodgett,2025,6,8,2:46,Lower Field,No,D,Bobolink,0,0,0,0,0,0,0,
Westport Town Farm,Troy Blodgett,2025,6,8,2:18,Lower Field,No,A,Savannah Sparrow,0,0,0,0,0,0,0,
Westport Town Farm,Troy Blodgett,2025,6,8,2:25,Lower Field,No,B,Savannah Sparrow,0,0,0,0,0,0,0,
Westport Town Farm,Troy Blodgett,2025,6,8,2:35,Lower Field,No,C,Savannah Sparrow,0,0,0,0,0,0,0,
Westport Town Farm,Troy Blodgett,2025,6,8,2:46,Lower Field,No,D,Savannah Sparrow,0,0,0,0,0,0,0,
Westport Town Farm,Troy Blodgett,2025,6,8,2:18,Lower Field,No,A,Grasshopper Sparrow,0,0,0,0,0,0,0,
Westport Town Farm,Troy Blodgett,2025,6,8,2:25,Lower Field,No,B,Grasshopper Sparrow,0,0,0,0,0,0,0,
Westport Town Farm,Troy Blodgett,2025,6,8,2:35,Lower Field,No,C,Grasshopper Sparrow,0,0,0,0,0,0,0,
Westport Town Farm,Troy Blodgett,2025,6,8,2:46,Lower Field,No,D,Grasshopper Sparrow,0,0,0,0,0,0,0,
Westport Town Farm,Troy Blodgett,2025,6,8,2:18,Lower Field,No,A,Eastern Meadowlark,0,0,0,0,0,0,0,
Westport Town Farm,Troy Blodgett,2025,6,8,2:25,Lower Field,No,B,Eastern Meadowlark,0,0,0,0,0,0,0,
Westport Town Farm,Troy Blodgett,2025,6,8,2:35,Lower Field,No,C,Eastern Meadowlark,0,0,0,0,0,0,0,
Westport Town Farm,Troy Blodgett,2025,6,8,2:46,Lower Field,No,D,Eastern Meadowlark,0,0,0,0,0,0,0,
Westport Town Farm,Troy Blodgett,2025,7,6,5:00,Lower Field,No,A,Bobolink,0,0,0,0,0,0,0,
Westport Town Farm,Troy Blodgett,2025,7,6,5:09,Lower Field,No,B,Bobolink,0,0,0,0,0,0,0,
Westport Town Farm,Troy Blodgett,2025,7,6,5:20,Lower Field,No,C,Bobolink,0,0,0,0,0,0,0,
Westport Town Farm,Troy Blodgett,2025,7,6,5:32,Lower Field,No,D,Bobolink,0,0,0,0,0,0,0,
Westport Town Farm,Troy Blodgett,2025,7,6,5:00,Lower Field,No,A,Savannah Sparrow,0,0,0,0,0,0,0,
Westport Town Farm,Troy Blodgett,2025,7,6,5:09,Lower Field,No,B,Savannah Sparrow,0,0,0,0,0,0,0,
Westport Town Farm,Troy Blodgett,2025,7,6,5:20,Lower Field,No,C,Savannah Sparrow,0,0,0,0,0,0,0,
Westport Town Farm,Troy Blodgett,2025,7,6,5:32,Lower Field,No,D,Savannah Sparrow,0,0,0,0,0,0,0,
Westport Town Farm,Troy Blodgett,2025,7,6,5:00,Lower Field,No,A,Grasshopper Sparrow,0,0,0,0,0,0,0,
Westport Town Farm,Troy Blodgett,2025,7,6,5:09,Lower Field,No,B,Grasshopper Sparrow,0,0,0,0,0,0,0,
Westport Town Farm,Troy Blodgett,2025,7,6,5:20,Lower Field,No,C,Grasshopper Sparrow,0,0,0,0,0,0,0,
Westport Town Farm,Troy Blodgett,2025,7,6,5:32,Lower Field,No,D,Grasshopper Sparrow,0,0,0,0,0,0,0,
Westport Town Farm,Troy Blodgett,2025,7,6,5:00,Lower Field,No,A,Eastern Meadowlark,0,0,0,0,0,0,0,
Westport Town Farm,Troy Blodgett,2025,7,6,5:09,Lower Field,No,B,Eastern Meadowlark,0,0,0,0,0,0,0,
Westport Town Farm,Troy Blodgett,2025,7,6,5:20,Lower Field,No,C,Eastern Meadowlark,0,0,0,0,0,0,0,
Westport Town Farm,Troy Blodgett,2025,7,6,5:32,Lower Field,No,D,Eastern Meadowlark,0,0,0,0,0,0,0,
Westport Town Farm,Mandy McBarron,2025,7,14,9:05,Lower Field,No,A,Bobolink,0,0,0,0,0,0,0,
Westport Town Farm,Mandy McBarron,2025,7,14,9:17,Lower Field,No,B,Bobolink,0,0,0,0,0,0,0,
Westport Town Farm,Mandy McBarron,2025,7,14,9:36,Lower Field,No,C,Bobolink,0,0,0,0,0,0,0,
Westport Town Farm,Mandy McBarron,2025,7,14,9:55,Lower Field,No,D,Bobolink,0,0,0,0,0,0,0,
Westport Town Farm,Mandy McBarron,2025,7,14,9:05,Lower Field,No,A,Savannah Sparrow,0,0,0,0,0,0,0,
Westport Town Farm,Mandy McBarron,2025,7,14,9:17,Lower Field,No,B,Savannah Sparrow,0,0,0,0,0,0,0,
Westport Town Farm,Mandy McBarron,2025,7,14,9:36,Lower Field,No,C,Savannah Sparrow,0,0,0,0,0,0,0,
Westport Town Farm,Mandy McBarron,2025,7,14,9:55,Lower Field,No,D,Savannah Sparrow,0,0,0,0,0,0,0,
Westport Town Farm,Mandy McBarron,2025,7,14,9:05,Lower Field,No,A,Grasshopper Sparrow,0,0,0,0,0,0,0,
Westport Town Farm,Mandy McBarron,2025,7,14,9:17,Lower Field,No,B,Grasshopper Sparrow,0,0,0,0,0,0,0,
Westport Town Farm,Mandy McBarron,2025,7,14,9:36,Lower Field,No,C,Grasshopper Sparrow,0,0,0,0,0,0,0,
Westport Town Farm,Mandy McBarron,2025,7,14,9:55,Lower Field,No,D,Grasshopper Sparrow,0,0,0,0,0,0,0,
Westport Town Farm,Mandy McBarron,2025,7,14,9:05,Lower Field,No,A,Eastern Meadowlark,0,0,0,0,0,0,0,
Westport Town Farm,Mandy McBarron,2025,7,14,9:17,Lower Field,No,B,Eastern Meadowlark,0,0,0,0,0,0,0,
Westport Town Farm,Mandy McBarron,2025,7,14,9:36,Lower Field,No,C,Eastern Meadowlark,0,0,0,0,0,0,0,
Westport Town Farm,Mandy McBarron,2025,7,14,9:55,Lower Field,No,D,Eastern Meadowlark,0,0,0,0,0,0,0,
World's End,Jon Gorey,2025,5,14,11:15,WEO-1,No,A,Bobolink,0,0,0,0,0,0,0,
World's End,Jon Gorey,2025,5,14,11:08,WEO-2,No,B,Bobolink,0,0,0,0,0,0,0,
World's End,Jon Gorey,2025,5,14,11:02,WEO-1,No,C,Bobolink,0,0,0,0,0,0,0,
World's End,Jon Gorey,2025,5,14,NA,WEi-2,No,D,Bobolink,NA,NA,NA,NA,NA,NA,NA,
World's End,Jon Gorey,2025,5,14,10:43,PH-2,No,E,Bobolink,0,0,0,0,0,0,0,
World's End,Jon Gorey,2025,5,14,10:33,PH-2,No,F,Bobolink,0,0,0,0,0,0,0,
World's End,Jon Gorey,2025,5,14,11:35,PH-2,No,G,Bobolink,0,0,0,0,0,0,0,
World's End,Jon Gorey,2025,5,14,11:15,WEO-1,No,A,Savannah Sparrow,0,0,0,0,0,0,0,
World's End,Jon Gorey,2025,5,14,11:08,WEO-2,No,B,Savannah Sparrow,0,0,0,0,0,0,0,
World's End,Jon Gorey,2025,5,14,11:02,WEO-1,No,C,Savannah Sparrow,0,0,0,0,0,0,0,
World's End,Jon Gorey,2025,5,14,NA,WEi-2,No,D,Savannah Sparrow,NA,NA,NA,NA,NA,NA,NA,
World's End,Jon Gorey,2025,5,14,10:43,PH-2,No,E,Savannah Sparrow,0,0,0,0,0,0,0,
World's End,Jon Gorey,2025,5,14,10:33,PH-2,No,F,Savannah Sparrow,0,0,0,0,0,0,0,
World's End,Jon Gorey,2025,5,14,11:35,PH-2,No,G,Savannah Sparrow,0,0,0,0,0,0,0,
World's End,Jon Gorey,2025,5,14,11:15,WEO-1,No,A,Grasshopper Sparrow,0,0,0,0,0,0,0,
World's End,Jon Gorey,2025,5,14,11:08,WEO-2,No,B,Grasshopper Sparrow,0,0,0,0,0,0,0,
World's End,Jon Gorey,2025,5,14,11:02,WEO-1,No,C,Grasshopper Sparrow,0,0,0,0,0,0,0,
World's End,Jon Gorey,2025,5,14,NA,WEi-2,No,D,Grasshopper Sparrow,NA,NA,NA,NA,NA,NA,NA,
World's End,Jon Gorey,2025,5,14,10:43,PH-2,No,E,Grasshopper Sparrow,0,0,0,0,0,0,0,
World's End,Jon Gorey,2025,5,14,10:33,PH-2,No,F,Grasshopper Sparrow,0,0,0,0,0,0,0,
World's End,Jon Gorey,2025,5,14,11:35,PH-2,No,G,Grasshopper Sparrow,0,0,0,0,0,0,0,
World's End,Jon Gorey,2025,5,14,11:15,WEO-1,No,A,Eastern Meadowlark,0,0,0,0,0,0,0,
World's End,Jon Gorey,2025,5,14,11:08,WEO-2,No,B,Eastern Meadowlark,0,0,0,0,0,0,0,
World's End,Jon Gorey,2025,5,14,11:02,WEO-1,No,C,Eastern Meadowlark,0,0,0,0,0,0,0,
World's End,Jon Gorey,2025,5,14,NA,WEi-2,No,D,Eastern Meadowlark,NA,NA,NA,NA,NA,NA,NA,
World's End,Jon Gorey,2025,5,14,10:43,PH-2,No,E,Eastern Meadowlark,0,0,0,0,0,0,0,
World's End,Jon Gorey,2025,5,14,10:33,PH-2,No,F,Eastern Meadowlark,0,0,0,0,0,0,0,
World's End,Jon Gorey,2025,5,14,11:35,PH-2,No,G,Eastern Meadowlark,0,0,0,0,0,0,0,
World's End,Eli Vivas,2025,5,14,9:27,WEO-1,No,A,Bobolink,0,0,0,0,0,0,0,
World's End,Eli Vivas,2025,5,14,9:20,WEO-2,No,B,Bobolink,0,0,0,0,0,1,1,Bird heard not seen
World's End,Eli Vivas,2025,5,14,9:05,WEO-1,No,C,Bobolink,0,0,0,0,0,2,2,
World's End,Eli Vivas,2025,5,14,9:41,WEi-2,No,D,Bobolink,0,0,0,0,0,0,0,
World's End,Eli Vivas,2025,5,14,8:35,PH-2,No,E,Bobolink,0,0,0,0,0,0,0,
World's End,Eli Vivas,2025,5,14,8:25,PH-2,No,F,Bobolink,0,0,0,0,0,0,0,
World's End,Eli Vivas,2025,5,14,9:59,PH-2,No,G,Bobolink,0,0,0,0,0,0,0,
World's End,Eli Vivas,2025,5,14,9:27,WEO-1,No,A,Savannah Sparrow,0,0,0,0,0,0,0,
World's End,Eli Vivas,2025,5,14,9:20,WEO-2,No,B,Savannah Sparrow,0,0,0,0,0,0,0,
World's End,Eli Vivas,2025,5,14,9:05,WEO-1,No,C,Savannah Sparrow,0,0,0,0,0,0,0,
World's End,Eli Vivas,2025,5,14,9:41,WEi-2,No,D,Savannah Sparrow,0,0,0,0,0,0,0,
World's End,Eli Vivas,2025,5,14,8:35,PH-2,No,E,Savannah Sparrow,0,0,0,0,0,0,0,
World's End,Eli Vivas,2025,5,14,8:25,PH-2,No,F,Savannah Sparrow,0,0,0,0,0,0,0,
World's End,Eli Vivas,2025,5,14,9:59,PH-2,No,G,Savannah Sparrow,0,0,0,0,0,0,0,
World's End,Eli Vivas,2025,5,14,9:27,WEO-1,No,A,Grasshopper Sparrow,0,0,0,0,0,0,0,
World's End,Eli Vivas,2025,5,14,9:20,WEO-2,No,B,Grasshopper Sparrow,0,0,0,0,0,0,0,
World's End,Eli Vivas,2025,5,14,9:05,WEO-1,No,C,Grasshopper Sparrow,0,0,0,0,0,0,0,
World's End,Eli Vivas,2025,5,14,9:41,WEi-2,No,D,Grasshopper Sparrow,0,0,0,0,0,0,0,
World's End,Eli Vivas,2025,5,14,8:35,PH-2,No,E,Grasshopper Sparrow,0,0,0,0,0,0,0,
World's End,Eli Vivas,2025,5,14,8:25,PH-2,No,F,Grasshopper Sparrow,0,0,0,0,0,0,0,
World's End,Eli Vivas,2025,5,14,9:59,PH-2,No,G,Grasshopper Sparrow,0,0,0,0,0,0,0,
World's End,Eli Vivas,2025,5,14,9:27,WEO-1,No,A,Eastern Meadowlark,0,0,0,0,0,0,0,
World's End,Eli Vivas,2025,5,14,9:20,WEO-2,No,B,Eastern Meadowlark,0,0,0,0,0,0,0,
World's End,Eli Vivas,2025,5,14,9:05,WEO-1,No,C,Eastern Meadowlark,0,0,0,0,0,0,0,
World's End,Eli Vivas,2025,5,14,9:41,WEi-2,No,D,Eastern Meadowlark,0,0,0,0,0,0,0,
World's End,Eli Vivas,2025,5,14,8:35,PH-2,No,E,Eastern Meadowlark,0,0,0,0,0,0,0,
World's End,Eli Vivas,2025,5,14,8:25,PH-2,No,F,Eastern Meadowlark,0,0,0,0,0,0,0,
World's End,Eli Vivas,2025,5,14,9:59,PH-2,No,G,Eastern Meadowlark,0,0,0,0,0,0,0,
World's End,Mia Melette,2025,5,28,9:27,WEO-1,No,A,Bobolink,0,0,0,0,0,0,0,
World's End,Mia Melette,2025,5,28,9:35,WEO-2,No,B,Bobolink,0,0,0,0,0,0,0,
World's End,Mia Melette,2025,5,28,9:41,WEO-1,No,C,Bobolink,0,0,0,0,0,0,0,
World's End,Mia Melette,2025,5,28,9:10,WEi-2,No,D,Bobolink,0,0,0,0,0,0,0,
World's End,Mia Melette,2025,5,28,8:54,PH-2,No,E,Bobolink,0,0,0,0,0,0,0,
World's End,Mia Melette,2025,5,28,8:40,PH-2,No,F,Bobolink,0,0,0,0,0,0,0,
World's End,Mia Melette,2025,5,28,10:00,PH-2,No,G,Bobolink,0,0,0,0,0,0,0,
World's End,Mia Melette,2025,5,28,9:27,WEO-1,No,A,Savannah Sparrow,0,0,0,0,0,0,0,
World's End,Mia Melette,2025,5,28,9:35,WEO-2,No,B,Savannah Sparrow,0,0,0,0,0,0,0,
World's End,Mia Melette,2025,5,28,9:41,WEO-1,No,C,Savannah Sparrow,0,0,0,0,0,0,0,
World's End,Mia Melette,2025,5,28,9:10,WEi-2,No,D,Savannah Sparrow,0,0,0,0,0,0,0,
World's End,Mia Melette,2025,5,28,8:54,PH-2,No,E,Savannah Sparrow,0,0,0,0,0,0,0,
World's End,Mia Melette,2025,5,28,8:40,PH-2,No,F,Savannah Sparrow,0,0,0,0,0,0,0,
World's End,Mia Melette,2025,5,28,10:00,PH-2,No,G,Savannah Sparrow,0,0,1,0,0,0,1,
World's End,Mia Melette,2025,5,28,9:27,WEO-1,No,A,Grasshopper Sparrow,0,0,0,0,0,0,0,
World's End,Mia Melette,2025,5,28,9:35,WEO-2,No,B,Grasshopper Sparrow,0,0,0,0,0,0,0,
World's End,Mia Melette,2025,5,28,9:41,WEO-1,No,C,Grasshopper Sparrow,0,0,0,0,0,0,0,
World's End,Mia Melette,2025,5,28,9:10,WEi-2,No,D,Grasshopper Sparrow,0,0,0,0,0,0,0,
World's End,Mia Melette,2025,5,28,8:54,PH-2,No,E,Grasshopper Sparrow,0,0,0,0,0,0,0,
World's End,Mia Melette,2025,5,28,8:40,PH-2,No,F,Grasshopper Sparrow,0,0,0,0,0,0,0,
World's End,Mia Melette,2025,5,28,10:00,PH-2,No,G,Grasshopper Sparrow,0,0,0,0,0,1,1,Bird heard not seen
World's End,Mia Melette,2025,5,28,9:27,WEO-1,No,A,Eastern Meadowlark,0,0,0,0,0,0,0,
World's End,Mia Melette,2025,5,28,9:35,WEO-2,No,B,Eastern Meadowlark,0,0,0,0,0,0,0,
World's End,Mia Melette,2025,5,28,9:41,WEO-1,No,C,Eastern Meadowlark,0,0,0,0,0,0,0,
World's End,Mia Melette,2025,5,28,9:10,WEi-2,No,D,Eastern Meadowlark,0,0,0,0,0,0,0,
World's End,Mia Melette,2025,5,28,8:54,PH-2,No,E,Eastern Meadowlark,0,0,0,0,0,0,0,
World's End,Mia Melette,2025,5,28,8:40,PH-2,No,F,Eastern Meadowlark,0,0,0,0,0,0,0,
World's End,Mia Melette,2025,5,28,10:00,PH-2,No,G,Eastern Meadowlark,0,0,0,0,0,0,0,
World's End,Jon Gorey,2025,6,15,11:10,WEO-1,Yes,A,Bobolink,0,0,0,0,0,0,0,
World's End,Jon Gorey,2025,6,15,11:04,WEO-2,Yes,B,Bobolink,0,0,0,0,0,0,0,
World's End,Jon Gorey,2025,6,15,10:57,WEO-1,Yes,C,Bobolink,0,0,0,0,0,0,0,
World's End,Jon Gorey,2025,6,15,NA,WEi-2,No,D,Bobolink,NA,NA,NA,NA,NA,NA,NA,
World's End,Jon Gorey,2025,6,15,10:45,PH-2,No,E,Bobolink,0,0,0,0,0,0,0,
World's End,Jon Gorey,2025,6,15,10:35,PH-2,No,F,Bobolink,0,0,0,0,0,0,0,
World's End,Jon Gorey,2025,6,15,11:30,PH-2,No,G,Bobolink,0,0,0,0,0,0,0,
World's End,Jon Gorey,2025,6,15,11:10,WEO-1,Yes,A,Savannah Sparrow,0,0,0,0,0,0,0,
World's End,Jon Gorey,2025,6,15,11:04,WEO-2,Yes,B,Savannah Sparrow,0,0,0,0,0,0,0,
World's End,Jon Gorey,2025,6,15,10:57,WEO-1,Yes,C,Savannah Sparrow,0,0,0,0,0,0,0,
World's End,Jon Gorey,2025,6,15,NA,WEi-2,No,D,Savannah Sparrow,NA,NA,NA,NA,NA,NA,NA,
World's End,Jon Gorey,2025,6,15,10:45,PH-2,No,E,Savannah Sparrow,0,0,0,0,0,0,0,
World's End,Jon Gorey,2025,6,15,10:35,PH-2,No,F,Savannah Sparrow,0,0,0,0,0,0,0,
World's End,Jon Gorey,2025,6,15,11:30,PH-2,No,G,Savannah Sparrow,0,0,0,0,0,0,0,
World's End,Jon Gorey,2025,6,15,11:10,WEO-1,Yes,A,Grasshopper Sparrow,0,0,0,0,0,0,0,
World's End,Jon Gorey,2025,6,15,11:04,WEO-2,Yes,B,Grasshopper Sparrow,0,0,0,0,0,0,0,
World's End,Jon Gorey,2025,6,15,10:57,WEO-1,Yes,C,Grasshopper Sparrow,0,0,0,0,0,0,0,
World's End,Jon Gorey,2025,6,15,NA,WEi-2,No,D,Grasshopper Sparrow,NA,NA,NA,NA,NA,NA,NA,
World's End,Jon Gorey,2025,6,15,10:45,PH-2,No,E,Grasshopper Sparrow,0,0,0,0,0,0,0,
World's End,Jon Gorey,2025,6,15,10:35,PH-2,No,F,Grasshopper Sparrow,0,0,0,0,0,0,0,
World's End,Jon Gorey,2025,6,15,11:30,PH-2,No,G,Grasshopper Sparrow,0,0,0,0,0,0,0,
World's End,Jon Gorey,2025,6,15,11:10,WEO-1,Yes,A,Eastern Meadowlark,0,0,0,0,0,0,0,
World's End,Jon Gorey,2025,6,15,11:04,WEO-2,Yes,B,Eastern Meadowlark,0,0,0,0,0,0,0,
World's End,Jon Gorey,2025,6,15,10:57,WEO-1,Yes,C,Eastern Meadowlark,0,0,0,0,0,0,0,
World's End,Jon Gorey,2025,6,15,NA,WEi-2,No,D,Eastern Meadowlark,NA,NA,NA,NA,NA,NA,NA,
World's End,Jon Gorey,2025,6,15,10:45,PH-2,No,E,Eastern Meadowlark,0,0,0,0,0,0,0,
World's End,Jon Gorey,2025,6,15,10:35,PH-2,No,F,Eastern Meadowlark,0,0,0,0,0,0,0,
World's End,Jon Gorey,2025,6,15,11:30,PH-2,No,G,Eastern Meadowlark,0,0,0,0,0,0,0,
World's End,Mia Melette,2025,6,30,7:32,WEO-1,Yes,A,Bobolink,0,0,0,0,0,0,0,
World's End,Mia Melette,2025,6,30,7:38,WEO-2,Yes,B,Bobolink,0,0,0,0,0,0,0,
World's End,Mia Melette,2025,6,30,7:43,WEO-1,Yes,C,Bobolink,0,0,0,0,0,0,0,
World's End,Mia Melette,2025,6,30,7:20,WEi-2,Yes,D,Bobolink,0,0,0,0,0,0,0,
World's End,Mia Melette,2025,6,30,7:03,PH-2,No,E,Bobolink,0,0,0,0,0,0,0,
World's End,Mia Melette,2025,6,30,6:55,PH-2,No,F,Bobolink,0,0,0,0,0,0,0,
World's End,Mia Melette,2025,6,30,8:03,PH-2,No,G,Bobolink,0,0,0,0,0,0,0,
World's End,Mia Melette,2025,6,30,7:32,WEO-1,Yes,A,Savannah Sparrow,0,0,0,0,0,0,0,
World's End,Mia Melette,2025,6,30,7:38,WEO-2,Yes,B,Savannah Sparrow,0,0,0,0,0,0,0,
World's End,Mia Melette,2025,6,30,7:43,WEO-1,Yes,C,Savannah Sparrow,0,0,0,0,0,0,0,
World's End,Mia Melette,2025,6,30,7:20,WEi-2,Yes,D,Savannah Sparrow,0,0,0,0,0,0,0,
World's End,Mia Melette,2025,6,30,7:03,PH-2,No,E,Savannah Sparrow,0,0,0,0,0,0,0,
World's End,Mia Melette,2025,6,30,6:55,PH-2,No,F,Savannah Sparrow,0,0,0,0,0,0,0,
World's End,Mia Melette,2025,6,30,8:03,PH-2,No,G,Savannah Sparrow,0,0,0,0,0,0,0,
World's End,Mia Melette,2025,6,30,7:32,WEO-1,Yes,A,Grasshopper Sparrow,0,0,0,0,0,0,0,
World's End,Mia Melette,2025,6,30,7:38,WEO-2,Yes,B,Grasshopper Sparrow,0,0,0,0,0,0,0,
World's End,Mia Melette,2025,6,30,7:43,WEO-1,Yes,C,Grasshopper Sparrow,0,0,0,0,0,0,0,
World's End,Mia Melette,2025,6,30,7:20,WEi-2,Yes,D,Grasshopper Sparrow,0,0,0,0,0,0,0,
World's End,Mia Melette,2025,6,30,7:03,PH-2,No,E,Grasshopper Sparrow,0,0,0,0,0,0,0,
World's End,Mia Melette,2025,6,30,6:55,PH-2,No,F,Grasshopper Sparrow,0,0,0,0,0,0,0,
World's End,Mia Melette,2025,6,30,8:03,PH-2,No,G,Grasshopper Sparrow,0,0,0,0,0,0,0,
World's End,Mia Melette,2025,6,30,7:32,WEO-1,Yes,A,Eastern Meadowlark,0,0,0,0,0,0,0,
World's End,Mia Melette,2025,6,30,7:38,WEO-2,Yes,B,Eastern Meadowlark,0,0,0,0,0,0,0,
World's End,Mia Melette,2025,6,30,7:43,WEO-1,Yes,C,Eastern Meadowlark,0,0,0,0,0,0,0,
World's End,Mia Melette,2025,6,30,7:20,WEi-2,Yes,D,Eastern Meadowlark,0,0,0,0,0,0,0,
World's End,Mia Melette,2025,6,30,7:03,PH-2,No,E,Eastern Meadowlark,0,0,0,0,0,0,0,
World's End,Mia Melette,2025,6,30,6:55,PH-2,No,F,Eastern Meadowlark,0,0,0,0,0,0,0,
World's End,Mia Melette,2025,6,30,8:03,PH-2,No,G,Eastern Meadowlark,0,0,0,0,0,0,0,
World's End,Jon Gorey,2025,7,13,10:12,WEO-1,Yes,A,Bobolink,0,0,0,0,0,0,0,
World's End,Jon Gorey,2025,7,13,10:07,WEO-2,Yes,B,Bobolink,0,0,0,0,0,0,0,
World's End,Jon Gorey,2025,7,13,10:02,WEO-1,Yes,C,Bobolink,0,0,0,0,0,0,0,
World's End,Jon Gorey,2025,7,13,10:21,WEi-2,No,D,Bobolink,0,0,0,0,0,0,0,
World's End,Jon Gorey,2025,7,13,9:45,PH-2,No,E,Bobolink,0,0,0,0,0,0,0,
World's End,Jon Gorey,2025,7,13,9:37,PH-2,No,F,Bobolink,0,0,0,0,0,0,0,
World's End,Jon Gorey,2025,7,13,10:38,PH-2,No,G,Bobolink,0,0,0,0,0,0,0,
World's End,Jon Gorey,2025,7,13,10:12,WEO-1,Yes,A,Savannah Sparrow,0,0,0,0,0,0,0,
World's End,Jon Gorey,2025,7,13,10:07,WEO-2,Yes,B,Savannah Sparrow,0,0,0,0,0,0,0,
World's End,Jon Gorey,2025,7,13,10:02,WEO-1,Yes,C,Savannah Sparrow,0,0,0,0,0,0,0,
World's End,Jon Gorey,2025,7,13,10:21,WEi-2,No,D,Savannah Sparrow,0,0,0,0,0,0,0,
World's End,Jon Gorey,2025,7,13,9:45,PH-2,No,E,Savannah Sparrow,0,0,0,0,0,0,0,
World's End,Jon Gorey,2025,7,13,9:37,PH-2,No,F,Savannah Sparrow,0,0,0,0,0,0,0,
World's End,Jon Gorey,2025,7,13,10:38,PH-2,No,G,Savannah Sparrow,0,0,0,0,0,0,0,
World's End,Jon Gorey,2025,7,13,10:12,WEO-1,Yes,A,Grasshopper Sparrow,0,0,0,0,0,0,0,
World's End,Jon Gorey,2025,7,13,10:07,WEO-2,Yes,B,Grasshopper Sparrow,0,0,0,0,0,0,0,
World's End,Jon Gorey,2025,7,13,10:02,WEO-1,Yes,C,Grasshopper Sparrow,0,0,0,0,0,0,0,
World's End,Jon Gorey,2025,7,13,10:21,WEi-2,No,D,Grasshopper Sparrow,0,0,0,0,0,0,0,
World's End,Jon Gorey,2025,7,13,9:45,PH-2,No,E,Grasshopper Sparrow,0,0,0,0,0,0,0,
World's End,Jon Gorey,2025,7,13,9:37,PH-2,No,F,Grasshopper Sparrow,0,0,0,0,0,0,0,
World's End,Jon Gorey,2025,7,13,10:38,PH-2,No,G,Grasshopper Sparrow,0,0,0,0,0,0,0,
World's End,Jon Gorey,2025,7,13,10:12,WEO-1,Yes,A,Eastern Meadowlark,0,0,0,0,0,0,0,
World's End,Jon Gorey,2025,7,13,10:07,WEO-2,Yes,B,Eastern Meadowlark,0,0,0,0,0,0,0,
World's End,Jon Gorey,2025,7,13,10:02,WEO-1,Yes,C,Eastern Meadowlark,0,0,0,0,0,0,0,
World's End,Jon Gorey,2025,7,13,10:21,WEi-2,No,D,Eastern Meadowlark,0,0,0,0,0,0,0,
World's End,Jon Gorey,2025,7,13,9:45,PH-2,No,E,Eastern Meadowlark,0,0,0,0,0,0,0,
World's End,Jon Gorey,2025,7,13,9:37,PH-2,No,F,Eastern Meadowlark,0,0,0,0,0,0,0,
World's End,Jon Gorey,2025,7,13,10:38,PH-2,No,G,Eastern Meadowlark,0,0,0,0,0,0,0,
World's End,Eli Vivas,2025,6,1,9:56,WEO-1,No,A,Bobolink,0,0,0,0,0,0,0,
World's End,Eli Vivas,2025,6,1,9:50,WEO-2,No,B,Bobolink,0,0,0,0,0,0,0,
World's End,Eli Vivas,2025,6,1,9:44,WEO-1,No,C,Bobolink,0,0,0,0,0,0,0,
World's End,Eli Vivas,2025,6,1,10:11,WEi-2,No,D,Bobolink,0,0,0,0,0,0,0,
World's End,Eli Vivas,2025,6,1,10:29,PH-2,No,E,Bobolink,0,0,0,0,0,0,0,
World's End,Eli Vivas,2025,6,1,10:36,PH-2,No,F,Bobolink,0,0,0,0,0,0,0,
World's End,Eli Vivas,2025,6,1,9:17,PH-2,No,G,Bobolink,0,0,0,0,0,0,0,
World's End,Eli Vivas,2025,6,1,9:56,WEO-1,No,A,Savannah Sparrow,0,0,0,0,0,0,0,
World's End,Eli Vivas,2025,6,1,9:50,WEO-2,No,B,Savannah Sparrow,0,0,0,0,0,0,0,
World's End,Eli Vivas,2025,6,1,9:44,WEO-1,No,C,Savannah Sparrow,0,0,0,0,0,0,0,
World's End,Eli Vivas,2025,6,1,10:11,WEi-2,No,D,Savannah Sparrow,0,0,0,0,0,0,0,
World's End,Eli Vivas,2025,6,1,10:29,PH-2,No,E,Savannah Sparrow,0,0,0,0,0,0,0,
World's End,Eli Vivas,2025,6,1,10:36,PH-2,No,F,Savannah Sparrow,0,0,0,0,0,0,0,
World's End,Eli Vivas,2025,6,1,9:17,PH-2,No,G,Savannah Sparrow,0,0,0,0,0,0,0,
World's End,Eli Vivas,2025,6,1,9:56,WEO-1,No,A,Grasshopper Sparrow,0,0,0,0,0,0,0,
World's End,Eli Vivas,2025,6,1,9:50,WEO-2,No,B,Grasshopper Sparrow,0,0,0,0,0,0,0,
World's End,Eli Vivas,2025,6,1,9:44,WEO-1,No,C,Grasshopper Sparrow,0,0,0,0,0,0,0,
World's End,Eli Vivas,2025,6,1,10:11,WEi-2,No,D,Grasshopper Sparrow,0,0,0,0,0,0,0,
World's End,Eli Vivas,2025,6,1,10:29,PH-2,No,E,Grasshopper Sparrow,0,0,0,0,0,0,0,
World's End,Eli Vivas,2025,6,1,10:36,PH-2,No,F,Grasshopper Sparrow,0,0,0,0,0,0,0,
World's End,Eli Vivas,2025,6,1,9:17,PH-2,No,G,Grasshopper Sparrow,0,0,0,0,0,0,0,
World's End,Eli Vivas,2025,6,1,9:56,WEO-1,No,A,Eastern Meadowlark,0,0,0,0,0,0,0,
World's End,Eli Vivas,2025,6,1,9:50,WEO-2,No,B,Eastern Meadowlark,0,0,0,0,0,0,0,
World's End,Eli Vivas,2025,6,1,9:44,WEO-1,No,C,Eastern Meadowlark,0,0,0,0,0,0,0,
World's End,Eli Vivas,2025,6,1,10:11,WEi-2,No,D,Eastern Meadowlark,0,0,0,0,0,0,0,
World's End,Eli Vivas,2025,6,1,10:29,PH-2,No,E,Eastern Meadowlark,0,0,0,0,0,0,0,
World's End,Eli Vivas,2025,6,1,10:36,PH-2,No,F,Eastern Meadowlark,0,0,0,0,0,0,0,
World's End,Eli Vivas,2025,6,1,9:17,PH-2,No,G,Eastern Meadowlark,0,0,0,0,0,0,0,
World's End,Eli Vivas,2025,7,16,9:32,WEO-1,Yes,A,Bobolink,0,0,0,0,0,0,0,
World's End,Eli Vivas,2025,7,16,9:41,WEO-2,Yes,B,Bobolink,0,0,0,0,0,0,0,
World's End,Eli Vivas,2025,7,16,9:47,WEO-1,Yes,C,Bobolink,0,0,0,0,0,0,0,
World's End,Eli Vivas,2025,7,16,9:18,WEi-2,Yes,D,Bobolink,0,0,0,0,0,0,0,
World's End,Eli Vivas,2025,7,16,9:01,PH-2,No,E,Bobolink,0,0,0,0,0,0,0,
World's End,Eli Vivas,2025,7,16,9:50,PH-2,No,F,Bobolink,0,0,0,0,0,0,0,
World's End,Eli Vivas,2025,7,16,10:20,PH-2,No,G,Bobolink,0,0,0,0,0,0,0,
World's End,Eli Vivas,2025,7,16,9:32,WEO-1,Yes,A,Savannah Sparrow,0,0,0,0,0,0,0,
World's End,Eli Vivas,2025,7,16,9:41,WEO-2,Yes,B,Savannah Sparrow,0,0,0,0,0,0,0,
World's End,Eli Vivas,2025,7,16,9:47,WEO-1,Yes,C,Savannah Sparrow,0,0,0,0,0,0,0,
World's End,Eli Vivas,2025,7,16,9:18,WEi-2,Yes,D,Savannah Sparrow,0,0,0,0,0,0,0,
World's End,Eli Vivas,2025,7,16,9:01,PH-2,No,E,Savannah Sparrow,0,0,0,0,0,0,0,
World's End,Eli Vivas,2025,7,16,9:50,PH-2,No,F,Savannah Sparrow,0,0,0,0,0,0,0,
World's End,Eli Vivas,2025,7,16,10:20,PH-2,No,G,Savannah Sparrow,0,0,0,0,0,0,0,
World's End,Eli Vivas,2025,7,16,9:32,WEO-1,Yes,A,Grasshopper Sparrow,0,0,0,0,0,0,0,
World's End,Eli Vivas,2025,7,16,9:41,WEO-2,Yes,B,Grasshopper Sparrow,0,0,0,0,0,0,0,
World's End,Eli Vivas,2025,7,16,9:47,WEO-1,Yes,C,Grasshopper Sparrow,0,0,0,0,0,0,0,
World's End,Eli Vivas,2025,7,16,9:18,WEi-2,Yes,D,Grasshopper Sparrow,0,0,0,0,0,0,0,
World's End,Eli Vivas,2025,7,16,9:01,PH-2,No,E,Grasshopper Sparrow,0,0,0,0,0,0,0,
World's End,Eli Vivas,2025,7,16,9:50,PH-2,No,F,Grasshopper Sparrow,0,0,0,0,0,0,0,
World's End,Eli Vivas,2025,7,16,10:20,PH-2,No,G,Grasshopper Sparrow,0,0,0,0,0,0,0,
World's End,Eli Vivas,2025,7,16,9:32,WEO-1,Yes,A,Eastern Meadowlark,0,0,0,0,0,0,0,
World's End,Eli Vivas,2025,7,16,9:41,WEO-2,Yes,B,Eastern Meadowlark,0,0,0,0,0,0,0,
World's End,Eli Vivas,2025,7,16,9:47,WEO-1,Yes,C,Eastern Meadowlark,0,0,0,0,0,0,0,
World's End,Eli Vivas,2025,7,16,9:18,WEi-2,Yes,D,Eastern Meadowlark,0,0,0,0,0,0,0,
World's End,Eli Vivas,2025,7,16,9:01,PH-2,No,E,Eastern Meadowlark,0,0,0,0,0,0,0,
World's End,Eli Vivas,2025,7,16,9:50,PH-2,No,F,Eastern Meadowlark,0,0,0,0,0,0,0,
World's End,Eli Vivas,2025,7,16,10:20,PH-2,No,G,Eastern Meadowlark,0,0,0,0,0,0,0,
Appleton Farms,Jane Hammer,2025,7,22,12:01,GP6,,5H,Bobolink,0,0,0,0,0,0,0,
Appleton Farms,Jane Hammer,2025,7,22,12:01,GP6,,5H,Savannah Sparrow,0,0,0,0,0,0,0,
Appleton Farms,Jane Hammer,2025,7,22,12:01,GP6,,5H,Grasshopper Sparrow,0,0,0,0,0,0,0,
Appleton Farms,Jane Hammer,2025,7,22,12:01,GP6,,5H,Eastern Meadowlark,0,0,0,0,0,0,0,
Appleton Farms,Jane Hammer,2025,7,22,12:01,GP4,,5F,Bobolink,25,45,70,0,0,0,70,female count includes juveniles
Appleton Farms,Jane Hammer,2025,7,22,12:01,GP4,,5F,Savannah Sparrow,0,0,0,0,0,0,0,
Appleton Farms,Jane Hammer,2025,7,22,12:01,GP4,,5F,Grasshopper Sparrow,0,0,0,0,0,0,0,
Appleton Farms,Jane Hammer,2025,7,22,12:01,GP4,,5F,Eastern Meadowlark,0,0,0,0,0,0,0,
Appleton Farms,Leah Morgenstern,2025,7,15,14:00,GP5,,5A,Bobolink,0,0,0,0,0,0,0,can't see any but hear them!
Appleton Farms,Leah Morgenstern,2025,7,15,14:00,GP5,,5A,Savannah Sparrow,0,0,0,0,0,0,0,
Appleton Farms,Leah Morgenstern,2025,7,15,14:00,GP5,,5A,Grasshopper Sparrow,0,0,0,0,0,0,0,
Appleton Farms,Leah Morgenstern,2025,7,15,14:00,GP5,,5A,Eastern Meadowlark,0,0,0,0,0,0,0,
Appleton Farms,Leah Morgenstern,2025,7,15,14:10,GP5,,5B,Bobolink,0,0,0,0,0,0,0,
Appleton Farms,Leah Morgenstern,2025,7,15,14:10,GP5,,5B,Savannah Sparrow,0,0,0,0,0,0,0,
Appleton Farms,Leah Morgenstern,2025,7,15,14:10,GP5,,5B,Grasshopper Sparrow,0,0,0,0,0,0,0,
Appleton Farms,Leah Morgenstern,2025,7,15,14:10,GP5,,5B,Eastern Meadowlark,0,0,0,0,0,0,0,
Appleton Farms,Leah Morgenstern,2025,7,15,14:20,GP3,,5C,Bobolink,0,0,0,0,0,0,0,
Appleton Farms,Leah Morgenstern,2025,7,15,14:20,GP3,,5C,Savannah Sparrow,0,0,0,0,0,0,0,
Appleton Farms,Leah Morgenstern,2025,7,15,14:20,GP3,,5C,Grasshopper Sparrow,0,0,0,0,0,0,0,
Appleton Farms,Leah Morgenstern,2025,7,15,14:20,GP3,,5C,Eastern Meadowlark,0,0,0,0,0,0,0,
Appleton Farms,Leah Morgenstern,2025,7,15,14:30,GP3,,5D(Pl-7),Bobolink,0,0,0,0,0,0,0,
Appleton Farms,Leah Morgenstern,2025,7,15,14:30,GP3,,5D(Pl-7),Savannah Sparrow,0,0,0,0,0,0,0,
Appleton Farms,Leah Morgenstern,2025,7,15,14:30,GP3,,5D(Pl-7),Grasshopper Sparrow,0,0,0,0,0,0,0,
Appleton Farms,Leah Morgenstern,2025,7,15,14:30,GP3,,5D(Pl-7),Eastern Meadowlark,0,0,0,0,0,0,0,
Appleton Farms,Leah Morgenstern,2025,7,15,14:40,GP3,,5E,Bobolink,0,0,0,0,0,0,0,
Appleton Farms,Leah Morgenstern,2025,7,15,14:40,GP3,,5E,Savannah Sparrow,0,0,0,0,0,0,0,
Appleton Farms,Leah Morgenstern,2025,7,15,14:40,GP3,,5E,Grasshopper Sparrow,0,0,0,0,0,0,0,
Appleton Farms,Leah Morgenstern,2025,7,15,14:40,GP3,,5E,Eastern Meadowlark,0,0,0,0,0,0,0,
Appleton Farms,Leah Morgenstern,2025,7,15,14:50,GP3,,5F,Bobolink,15,20,35,0,0,0,0,
Appleton Farms,Leah Morgenstern,2025,7,15,14:50,GP3,,5F,Savannah Sparrow,0,0,0,0,0,0,0,
Appleton Farms,Leah Morgenstern,2025,7,15,14:50,GP3,,5F,Grasshopper Sparrow,0,0,0,0,0,0,0,
Appleton Farms,Leah Morgenstern,2025,7,15,14:50,GP3,,5F,Eastern Meadowlark,0,0,0,0,0,0,0,
Appleton Farms,Angie Houh,2025,6,23,14:00,GP5,,5A,Bobolink,0,0,0,0,0,0,0,
Appleton Farms,Angie Houh,2025,6,23,14:00,GP5,,5A,Savannah Sparrow,0,0,0,0,0,0,0,
Appleton Farms,Angie Houh,2025,6,23,14:00,GP5,,5A,Grasshopper Sparrow,0,0,0,0,0,0,0,
Appleton Farms,Angie Houh,2025,6,23,14:00,GP5,,5A,Eastern Meadowlark,0,0,0,0,0,0,0,
Appleton Farms,Angie Houh,2025,6,23,14:10,GP5,,5B,Bobolink,0,0,0,0,0,0,0,
Appleton Farms,Angie Houh,2025,6,23,14:10,GP5,,5B,Savannah Sparrow,0,0,0,0,0,0,0,
Appleton Farms,Angie Houh,2025,6,23,14:10,GP5,,5B,Grasshopper Sparrow,0,0,0,0,0,0,0,
Appleton Farms,Angie Houh,2025,6,23,14:10,GP5,,5B,Eastern Meadowlark,0,0,0,0,0,0,0,
Appleton Farms,Angie Houh,2025,6,23,14:20,GP3,,5C,Bobolink,3,3,6,0,0,0,6,
Appleton Farms,Angie Houh,2025,6,23,14:20,GP3,,5C,Savannah Sparrow,0,0,0,0,0,0,0,
Appleton Farms,Angie Houh,2025,6,23,14:20,GP3,,5C,Grasshopper Sparrow,0,0,0,0,0,0,0,
Appleton Farms,Angie Houh,2025,6,23,14:20,GP3,,5C,Eastern Meadowlark,0,0,0,0,0,0,0,
Appleton Farms,Angie Houh,2025,6,23,14:30,GP3,,5D(Pl-7),Bobolink,5,4,9,0,0,0,9,
Appleton Farms,Angie Houh,2025,6,23,14:30,GP3,,5D(Pl-7),Savannah Sparrow,0,0,0,0,0,0,0,
Appleton Farms,Angie Houh,2025,6,23,14:30,GP3,,5D(Pl-7),Grasshopper Sparrow,0,0,0,0,0,0,0,
Appleton Farms,Angie Houh,2025,6,23,14:30,GP3,,5D(Pl-7),Eastern Meadowlark,0,0,0,0,0,0,0,
Appleton Farms,Angie Houh,2025,6,23,14:40,GP3,,5E,Bobolink,2,1,3,0,0,0,3,
Appleton Farms,Angie Houh,2025,6,23,14:40,GP3,,5E,Savannah Sparrow,0,0,0,0,0,0,0,
Appleton Farms,Angie Houh,2025,6,23,14:40,GP3,,5E,Grasshopper Sparrow,0,0,0,0,0,0,0,
Appleton Farms,Angie Houh,2025,6,23,14:40,GP3,,5E,Eastern Meadowlark,0,0,0,0,0,0,0,
Appleton Farms,Angie Houh,2025,6,23,14:50,GP3,,5F,Bobolink,5,3,8,0,0,0,8,
Appleton Farms,Angie Houh,2025,6,23,14:50,GP3,,5F,Savannah Sparrow,0,0,0,0,0,0,0,
Appleton Farms,Angie Houh,2025,6,23,14:50,GP3,,5F,Grasshopper Sparrow,0,0,0,0,0,0,0,
Appleton Farms,Angie Houh,2025,6,23,14:50,GP3,,5F,Eastern Meadowlark,0,0,0,0,0,0,0,
Appleton Farms,Angie Houh,2025,6,23,15:10,GP5,,5G,Bobolink,6,3,9,0,0,0,9,
Appleton Farms,Angie Houh,2025,6,23,15:10,GP5,,5G,Savannah Sparrow,0,0,0,0,0,0,0,
Appleton Farms,Angie Houh,2025,6,23,15:10,GP5,,5G,Grasshopper Sparrow,0,0,0,0,0,0,0,
Appleton Farms,Angie Houh,2025,6,23,15:10,GP5,,5G,Eastern Meadowlark,0,0,0,0,0,0,0,
Appleton Farms,Angie Houh,2025,6,23,15:25,GP6,,5H,Bobolink,0,0,0,0,0,0,0,
Appleton Farms,Angie Houh,2025,6,23,15:25,GP6,,5H,Savannah Sparrow,0,0,0,0,0,0,0,
Appleton Farms,Angie Houh,2025,6,23,15:25,GP6,,5H,Grasshopper Sparrow,0,0,0,0,0,0,0,
Appleton Farms,Angie Houh,2025,6,23,15:25,GP6,,5H,Eastern Meadowlark,0,0,0,0,0,0,0,
Appleton Farms,Angie Houh,2025,6,23,15:35,GP6,,5I,Bobolink,0,0,0,0,0,0,0,
Appleton Farms,Angie Houh,2025,6,23,15:35,GP6,,5I,Savannah Sparrow,0,0,0,0,0,0,0,
Appleton Farms,Angie Houh,2025,6,23,15:35,GP6,,5I,Grasshopper Sparrow,0,0,0,0,0,0,0,
Appleton Farms,Angie Houh,2025,6,23,15:35,GP6,,5I,Eastern Meadowlark,0,0,0,0,0,0,0,
Appleton Farms,Angie Houh,2025,6,23,15:45,GP7,,5J,Bobolink,2,2,4,0,0,0,4,
Appleton Farms,Angie Houh,2025,6,23,15:45,GP7,,5J,Savannah Sparrow,0,0,0,0,0,0,0,
Appleton Farms,Angie Houh,2025,6,23,15:45,GP7,,5J,Grasshopper Sparrow,0,0,0,0,0,0,0,
Appleton Farms,Angie Houh,2025,6,23,15:45,GP7,,5J,Eastern Meadowlark,0,0,0,0,0,0,0,
Appleton Farms,Jane Hammer and Leah Morgenstern,2025,6,23,10:00,GP3,no,5C,Bobolink,12,4,16,2,3,5,21,most area ungrazed since Fall 2024
Appleton Farms,Jane Hammer and Leah Morgenstern,2025,6,23,10:00,GP3,no,5C,Savannah Sparrow,0,0,0,0,0,0,0,
Appleton Farms,Jane Hammer and Leah Morgenstern,2025,6,23,10:00,GP3,no,5C,Grasshopper Sparrow,0,0,0,0,0,0,0,
Appleton Farms,Jane Hammer and Leah Morgenstern,2025,6,23,10:00,GP3,no,5C,Eastern Meadowlark,0,0,0,0,0,0,0,
Appleton Farms,Jane Hammer,2025,6,17,10:00,GP3,yes,5D,Bobolink,5,1,6,0,0,0,6,"in recovery since grazed in May, earlier same day Tom saw 20 males"
Appleton Farms,Jane Hammer,2025,6,17,10:00,GP3,yes,5D,Savannah Sparrow,0,0,0,0,0,0,0,
Appleton Farms,Jane Hammer,2025,6,17,10:00,GP3,yes,5D,Grasshopper Sparrow,0,0,0,0,0,0,0,
Appleton Farms,Jane Hammer,2025,6,17,10:00,GP3,yes,5D,Eastern Meadowlark,0,0,0,0,0,0,0,
Appleton Farms,Jane Hammer,2025,6,17,8:00,GP5,yes,5G,Bobolink,3,1,4,0,0,0,4,in recovery since grazed in May
Appleton Farms,Jane Hammer,2025,6,17,8:00,GP5,yes,5G,Savannah Sparrow,0,0,0,0,0,0,0,
Appleton Farms,Jane Hammer,2025,6,17,8:00,GP5,yes,5G,Grasshopper Sparrow,0,0,0,0,0,0,0,
Appleton Farms,Jane Hammer,2025,6,17,8:00,GP5,yes,5G,Eastern Meadowlark,0,0,0,0,0,0,0,
Appleton Farms,Jane Hammer,2025,6,17,7:45,GP6,yes,5H,Bobolink,0,0,0,0,0,0,0,in recovery since grazed early June
Appleton Farms,Jane Hammer,2025,6,17,7:45,GP6,yes,5H,Savannah Sparrow,0,0,0,0,0,0,0,
Appleton Farms,Jane Hammer,2025,6,17,7:45,GP6,yes,5H,Grasshopper Sparrow,0,0,0,0,0,0,0,
Appleton Farms,Jane Hammer,2025,6,17,7:45,GP6,yes,5H,Eastern Meadowlark,0,0,0,0,0,0,0,
Appleton Farms,Jane Hammer,2025,6,17,7:00,GP7,yes,5J,Bobolink,2,4,6,0,0,0,0,in recovery since grazed early May
Appleton Farms,Jane Hammer,2025,6,17,7:00,GP7,yes,5J,Savannah Sparrow,0,0,0,0,0,0,0,
Appleton Farms,Jane Hammer,2025,6,17,7:00,GP7,yes,5J,Grasshopper Sparrow,0,0,0,0,0,0,0,
Appleton Farms,Jane Hammer,2025,6,17,7:00,GP7,yes,5J,Eastern Meadowlark,0,0,0,0,0,0,0,
Appleton Farms,Jane Hammer,2025,6,17,15:00,GP4,yes,5F,Bobolink,1,1,2,10,3,13,15,in recovery since grazed early May
Appleton Farms,Jane Hammer,2025,6,17,15:00,GP4,yes,5F,Savannah Sparrow,0,0,0,0,0,0,0,
Appleton Farms,Jane Hammer,2025,6,17,15:00,GP4,yes,5F,Grasshopper Sparrow,0,0,0,0,0,0,0,
Appleton Farms,Jane Hammer,2025,6,17,15:00,GP4,yes,5F,Eastern Meadowlark,0,0,0,0,0,0,0,
Appleton Farms,Alejandro Brambila,2025,5,27,12:00,GP3,,5C,Bobolink,2,2,4,3,0,7,11,"2M 2F in 8, 2M IN 7, 1M in 4"
Appleton Farms,Alejandro Brambila,2025,5,27,12:00,GP3,,5C,Savannah Sparrow,0,0,0,0,0,0,0,
Appleton Farms,Alejandro Brambila,2025,5,27,12:00,GP3,,5C,Grasshopper Sparrow,0,0,0,0,0,0,0,
Appleton Farms,Alejandro Brambila,2025,5,27,12:00,GP3,,5C,Eastern Meadowlark,0,0,0,0,0,0,0,
Appleton Farms,Alejandro Brambila,2025,5,27,12:10,GP3,,5D(Pl-7),Bobolink,2,2,4,5,0,9,13,"5M 2F in 7, 1M in 8, 1M in 4"
Appleton Farms,Alejandro Brambila,2025,5,27,12:10,GP3,,5D(Pl-7),Savannah Sparrow,0,0,0,0,0,0,0,
Appleton Farms,Alejandro Brambila,2025,5,27,12:10,GP3,,5D(Pl-7),Grasshopper Sparrow,0,0,0,0,0,0,0,
Appleton Farms,Alejandro Brambila,2025,5,27,12:10,GP3,,5D(Pl-7),Eastern Meadowlark,0,0,0,0,0,0,0,
Appleton Farms,Alejandro Brambila,2025,5,27,12:22,GP3,,5E,Bobolink,5,2,7,1,1,9,16,"4M in 12, 2F 1M in 13, 1M 1F in 14"
Appleton Farms,Alejandro Brambila,2025,5,27,12:22,GP3,,5E,Savannah Sparrow,0,0,0,0,0,0,0,
Appleton Farms,Alejandro Brambila,2025,5,27,12:22,GP3,,5E,Grasshopper Sparrow,0,0,0,0,0,0,0,
Appleton Farms,Alejandro Brambila,2025,5,27,12:22,GP3,,5E,Eastern Meadowlark,0,0,0,0,0,0,0,
Appleton Farms,Alejandro Brambila,2025,5,27,12:41,GP3,,5F,Bobolink,2,3,5,5,2,12,17,"1M 1F in 10, 2M 1F in 8, 1M in 6, 1M 2F in 11, 2M 1F in 15"
Appleton Farms,Alejandro Brambila,2025,5,27,12:41,GP3,,5F,Savannah Sparrow,0,0,0,0,0,0,0,
Appleton Farms,Alejandro Brambila,2025,5,27,12:41,GP3,,5F,Grasshopper Sparrow,0,0,0,0,0,0,0,
Appleton Farms,Alejandro Brambila,2025,5,27,12:41,GP3,,5F,Eastern Meadowlark,0,0,0,0,0,0,0,
Appleton Farms,Jane Hammer,2025,5,27,8:45,GP6,yes,5H,Bobolink,2,2,4,2,2,8,12,"2M 2F in 16, 2M 2F in GP5"
Appleton Farms,Jane Hammer,2025,5,27,8:45,GP6,yes,5H,Savannah Sparrow,0,0,0,0,0,0,0,
Appleton Farms,Jane Hammer,2025,5,27,8:45,GP6,yes,5H,Grasshopper Sparrow,0,0,0,0,0,0,0,
Appleton Farms,Jane Hammer,2025,5,27,8:45,GP6,yes,5H,Eastern Meadowlark,0,0,0,0,0,0,0,
Appleton Farms,Jane Hammer,2025,5,27,10:45,GP7,yes,5J,Bobolink,2,3,5,0,0,5,10,"2M 2F in 21, grazed (not mown actually)"
Appleton Farms,Jane Hammer,2025,5,27,10:45,GP7,yes,5J,Savannah Sparrow,0,0,0,0,0,0,0,
Appleton Farms,Jane Hammer,2025,5,27,10:45,GP7,yes,5J,Grasshopper Sparrow,0,0,0,0,0,0,0,
Appleton Farms,Jane Hammer,2025,5,27,10:45,GP7,yes,5J,Eastern Meadowlark,0,0,0,0,0,0,0,
Appleton Farms,Jane Hammer,2025,5,27,12:20,GP6,yes,5I,Bobolink,0,0,0,3,0,3,3,"2M in 21, 1M in 16, grazed (not mown)"
Appleton Farms,Jane Hammer,2025,5,27,12:20,GP6,yes,5I,Savannah Sparrow,0,0,0,0,0,0,0,
Appleton Farms,Jane Hammer,2025,5,27,12:20,GP6,yes,5I,Grasshopper Sparrow,0,0,0,0,0,0,0,
Appleton Farms,Jane Hammer,2025,5,27,12:20,GP6,yes,5I,Eastern Meadowlark,0,0,0,0,0,0,0,
Appleton Farms,Jane Hammer,2025,5,27,13:15,GP5,yes,5G,Bobolink,1,0,1,2,0,3,4,"3M in 14, (2F seen not during point count)"
Appleton Farms,Jane Hammer,2025,5,27,13:15,GP5,yes,5G,Savannah Sparrow,0,0,0,0,0,0,0,
Appleton Farms,Jane Hammer,2025,5,27,13:15,GP5,yes,5G,Grasshopper Sparrow,0,0,0,0,0,0,0,
Appleton Farms,Jane Hammer,2025,5,27,13:15,GP5,yes,5G,Eastern Meadowlark,0,0,0,0,0,0,0,
Appleton Farms,Jane Hammer,2025,5,27,18:00,GP5,yes,5A,Bobolink,0,0,0,0,0,0,0,grazed not mown
Appleton Farms,Jane Hammer,2025,5,27,18:00,GP5,yes,5A,Savannah Sparrow,0,0,0,0,0,0,0,
Appleton Farms,Jane Hammer,2025,5,27,18:00,GP5,yes,5A,Grasshopper Sparrow,0,0,0,0,0,0,0,
Appleton Farms,Jane Hammer,2025,5,27,18:00,GP5,yes,5A,Eastern Meadowlark,0,0,0,0,0,0,0,
Appleton Farms,Jane Hammer,2025,5,27,18:10,GP5,yes,5B,Bobolink,0,0,0,2,0,2,2,"2M in Plot9, 1M 1F in GP1 not visible from point (towards Briar), grazed not mown"
Appleton Farms,Jane Hammer,2025,5,27,18:10,GP5,yes,5B,Savannah Sparrow,0,0,0,0,0,0,0,
Appleton Farms,Jane Hammer,2025,5,27,18:10,GP5,yes,5B,Grasshopper Sparrow,0,0,0,0,0,0,0,
Appleton Farms,Jane Hammer,2025,5,27,18:10,GP5,yes,5B,Eastern Meadowlark,0,0,0,0,0,0,0,
Appleton Farms,Angie Houh,2025,5,14,8:54,GP3,,5C,Bobolink,3,1,4,0,0,4,8,
Appleton Farms,Angie Houh,2025,5,14,8:54,GP3,,5C,Savannah Sparrow,0,0,0,0,0,0,0,
Appleton Farms,Angie Houh,2025,5,14,8:54,GP3,,5C,Grasshopper Sparrow,0,0,0,0,0,0,0,
Appleton Farms,Angie Houh,2025,5,14,8:54,GP3,,5C,Eastern Meadowlark,0,0,0,0,0,0,0,
Appleton Farms,Angie Houh,2025,5,14,9:30,GP3,,5D(Pl-7),Bobolink,3,1,4,2,2,8,12,"1 unk sparrow <50m, 1 savanna sparrow <50m"
Appleton Farms,Angie Houh,2025,5,14,9:30,GP3,,5D(Pl-7),Savannah Sparrow,0,0,1,0,0,0,0,
Appleton Farms,Angie Houh,2025,5,14,9:30,GP3,,5D(Pl-7),Grasshopper Sparrow,0,0,0,0,0,0,0,
Appleton Farms,Angie Houh,2025,5,14,9:30,GP3,,5D(Pl-7),Eastern Meadowlark,0,0,0,0,0,0,0,
Appleton Farms,Angie Houh,2025,5,14,9:45,GP4,,5E,Bobolink,3,1,4,3,1,8,12,1 unk sparrow <50m
Appleton Farms,Angie Houh,2025,5,14,9:45,GP4,,5E,Savannah Sparrow,0,0,0,0,0,0,0,
Appleton Farms,Angie Houh,2025,5,14,9:45,GP4,,5E,Grasshopper Sparrow,0,0,0,0,0,0,0,
Appleton Farms,Angie Houh,2025,5,14,9:45,GP4,,5E,Eastern Meadowlark,0,0,0,0,0,0,0,
Appleton Farms,Angie Houh,2025,5,14,10:05,GP4,,5F,Bobolink,3,1,4,0,0,4,8,1 savanna sparrow <50m
Appleton Farms,Angie Houh,2025,5,14,10:05,GP4,,5F,Savannah Sparrow,0,0,1,0,0,0,0,
Appleton Farms,Angie Houh,2025,5,14,10:05,GP4,,5F,Grasshopper Sparrow,0,0,0,0,0,0,0,
Appleton Farms,Angie Houh,2025,5,14,10:05,GP4,,5F,Eastern Meadowlark,0,0,0,0,0,0,0,
Appleton Farms,Angie Houh,2025,5,14,10:30,GP5,,5G,Bobolink,2,0,2,1,0,3,5,
Appleton Farms,Angie Houh,2025,5,14,10:30,GP5,,5G,Savannah Sparrow,0,0,0,0,0,0,0,
Appleton Farms,Angie Houh,2025,5,14,10:30,GP5,,5G,Grasshopper Sparrow,0,0,0,0,0,0,0,
Appleton Farms,Angie Houh,2025,5,14,10:30,GP5,,5G,Eastern Meadowlark,0,0,0,0,0,0,0,
Appleton Farms,Angie Houh,2025,5,14,10:40,GP6,,5I,Bobolink,0,0,0,0,0,0,0,
Appleton Farms,Angie Houh,2025,5,14,10:40,GP6,,5I,Savannah Sparrow,0,0,0,0,0,0,0,
Appleton Farms,Angie Houh,2025,5,14,10:40,GP6,,5I,Grasshopper Sparrow,0,0,0,0,0,0,0,
Appleton Farms,Angie Houh,2025,5,14,10:40,GP6,,5I,Eastern Meadowlark,0,0,0,0,0,0,0,
Appleton Farms,Angie Houh,2025,5,14,10:53,GP7,,5J,Bobolink,0,0,0,0,0,0,0,
Appleton Farms,Angie Houh,2025,5,14,10:53,GP7,,5J,Savannah Sparrow,0,0,0,0,0,0,0,
Appleton Farms,Angie Houh,2025,5,14,10:53,GP7,,5J,Grasshopper Sparrow,0,0,0,0,0,0,0,
Appleton Farms,Angie Houh,2025,5,14,10:53,GP7,,5J,Eastern Meadowlark,0,0,0,0,0,0,0,
Appleton Farms,Angie Houh,2025,5,14,11:04,GP6,,5H,Bobolink,2,0,2,0,0,2,4,
Appleton Farms,Angie Houh,2025,5,14,11:04,GP6,,5H,Savannah Sparrow,0,0,0,0,0,0,0,
Appleton Farms,Angie Houh,2025,5,14,11:04,GP6,,5H,Grasshopper Sparrow,0,0,0,0,0,0,0,
Appleton Farms,Angie Houh,2025,5,14,11:04,GP6,,5H,Eastern Meadowlark,0,0,0,0,0,0,0,
Appleton Farms,Angie Houh,2025,5,14,9:40,GP1,,5B,Bobolink,2,1,3,3,0,6,9,3 flyovers M
Appleton Farms,Angie Houh,2025,5,14,9:40,GP1,,5B,Savannah Sparrow,0,0,0,0,0,0,0,
Appleton Farms,Angie Houh,2025,5,14,9:40,GP1,,5B,Grasshopper Sparrow,0,0,0,0,0,0,0,
Appleton Farms,Angie Houh,2025,5,14,9:40,GP1,,5B,Eastern Meadowlark,0,0,0,0,0,0,0,
Appleton Farms,Angie Houh,2025,5,14,9:53,GP1,,5A,Bobolink,0,0,0,2,0,2,2,
Appleton Farms,Angie Houh,2025,5,14,9:53,GP1,,5A,Savannah Sparrow,0,0,0,0,0,0,0,
Appleton Farms,Angie Houh,2025,5,14,9:53,GP1,,5A,Grasshopper Sparrow,0,0,0,0,0,0,0,
Appleton Farms,Angie Houh,2025,5,14,9:53,GP1,,5A,Eastern Meadowlark,0,0,0,0,0,0,0,
Appleton Farms,Angie Houh,2025,5,19,10:25,GP3,,5E,Bobolink,3,0,3,5,0,8,11,1 savanna sparrow <50m
Appleton Farms,Angie Houh,2025,5,19,10:25,GP3,,5E,Savannah Sparrow,0,0,1,0,0,0,0,
Appleton Farms,Angie Houh,2025,5,19,10:25,GP3,,5E,Grasshopper Sparrow,0,0,0,0,0,0,0,
Appleton Farms,Angie Houh,2025,5,19,10:25,GP3,,5E,Eastern Meadowlark,0,0,0,0,0,0,0,
Appleton Farms,Angie Houh,2025,5,19,10:45,GP3,,5F,Bobolink,2,0,2,0,1,3,5,2M Flyover
Appleton Farms,Angie Houh,2025,5,19,10:45,GP3,,5F,Savannah Sparrow,0,0,0,0,0,0,0,
Appleton Farms,Angie Houh,2025,5,19,10:45,GP3,,5F,Grasshopper Sparrow,0,0,0,0,0,0,0,
Appleton Farms,Angie Houh,2025,5,19,10:45,GP3,,5F,Eastern Meadowlark,0,0,0,0,0,0,0,
Appleton Farms,Angie Houh,2025,5,19,11:07,GP5,,5G,Bobolink,1,0,1,0,0,1,2,
Appleton Farms,Angie Houh,2025,5,19,11:07,GP5,,5G,Savannah Sparrow,0,0,0,0,0,0,0,
Appleton Farms,Angie Houh,2025,5,19,11:07,GP5,,5G,Grasshopper Sparrow,0,0,0,0,0,0,0,
Appleton Farms,Angie Houh,2025,5,19,11:07,GP5,,5G,Eastern Meadowlark,0,0,0,0,0,0,0,
Appleton Farms,Angie Houh,2025,5,19,11:17,GP6,,5I,Bobolink,0,0,0,0,0,0,0,2M Flyover
Appleton Farms,Angie Houh,2025,5,19,11:17,GP6,,5I,Savannah Sparrow,0,0,0,0,0,0,0,
Appleton Farms,Angie Houh,2025,5,19,11:17,GP6,,5I,Grasshopper Sparrow,0,0,0,0,0,0,0,
Appleton Farms,Angie Houh,2025,5,19,11:17,GP6,,5I,Eastern Meadowlark,0,0,0,0,0,0,0,
Appleton Farms,Angie Houh,2025,5,19,11:30,GP7,,5J,Bobolink,1,0,1,0,0,1,2,
Appleton Farms,Angie Houh,2025,5,19,11:30,GP7,,5J,Savannah Sparrow,0,0,0,0,0,0,0,
Appleton Farms,Angie Houh,2025,5,19,11:30,GP7,,5J,Grasshopper Sparrow,0,0,0,0,0,0,0,
Appleton Farms,Angie Houh,2025,5,19,11:30,GP7,,5J,Eastern Meadowlark,0,0,0,0,0,0,0,
Appleton Farms,Angie Houh,2025,5,19,11:45,GP6,,5H,Bobolink,1,0,1,5,0,6,7,
Appleton Farms,Angie Houh,2025,5,19,11:45,GP6,,5H,Savannah Sparrow,0,0,0,0,0,0,0,
Appleton Farms,Angie Houh,2025,5,19,11:45,GP6,,5H,Grasshopper Sparrow,0,0,0,0,0,0,0,
Appleton Farms,Angie Houh,2025,5,19,11:45,GP6,,5H,Eastern Meadowlark,0,0,0,0,0,0,0,
Appleton Farms,Angie Houh,2025,5,19,13:53,GP3,,5D(Pl-7),Bobolink,1,0,1,3,1,5,6,
Appleton Farms,Angie Houh,2025,5,19,13:53,GP3,,5D(Pl-7),Savannah Sparrow,0,0,0,0,0,0,0,
Appleton Farms,Angie Houh,2025,5,19,13:53,GP3,,5D(Pl-7),Grasshopper Sparrow,0,0,0,0,0,0,0,
Appleton Farms,Angie Houh,2025,5,19,13:53,GP3,,5D(Pl-7),Eastern Meadowlark,0,0,0,0,0,0,0,
Appleton Farms,Angie Houh,2025,5,19,14:07,GP3,,5C,Bobolink,5,1,6,2,0,8,14,
Appleton Farms,Angie Houh,2025,5,19,14:07,GP3,,5C,Savannah Sparrow,0,0,0,0,0,0,0,
Appleton Farms,Angie Houh,2025,5,19,14:07,GP3,,5C,Grasshopper Sparrow,0,0,0,0,0,0,0,
Appleton Farms,Angie Houh,2025,5,19,14:07,GP3,,5C,Eastern Meadowlark,0,0,0,0,0,0,0,
Appleton Farms,Angie Houh,2025,5,19,14:20,GP5,,5A,Bobolink,3,0,3,0,0,3,6,
Appleton Farms,Angie Houh,2025,5,19,14:20,GP5,,5A,Savannah Sparrow,0,0,0,0,0,0,0,
Appleton Farms,Angie Houh,2025,5,19,14:20,GP5,,5A,Grasshopper Sparrow,0,0,0,0,0,0,0,
Appleton Farms,Angie Houh,2025,5,19,14:20,GP5,,5A,Eastern Meadowlark,0,0,0,0,0,0,0,
Appleton Farms,Angie Houh,2025,5,19,14:30,GP5,,5B,Bobolink,3,1,4,0,0,4,8,
Appleton Farms,Angie Houh,2025,5,19,14:30,GP5,,5B,Savannah Sparrow,0,0,0,0,0,0,0,
Appleton Farms,Angie Houh,2025,5,19,14:30,GP5,,5B,Grasshopper Sparrow,0,0,0,0,0,0,0,
Appleton Farms,Angie Houh,2025,5,19,14:30,GP5,,5B,Eastern Meadowlark,0,0,0,0,0,0,0,
